0 0.7385417222976685 0.5104166865348816 0.03125 0.04479165002703667
0 0.2643229365348816 0.47864586114883423 0.04114584997296333 0.04062499850988388
0 0.55078125 0.4322916865348816 0.018229151144623756 0.022916650399565697
0 0.4255208373069763 0.4385417103767395 0.019791698083281517 0.02500000037252903
0 0.8226562738418579 0.48229169845581055 0.019270801916718483 0.02812499925494194
0 0.7106770873069763 0.43177086114883423 0.010937499813735485 0.016666699200868607
0 0.7794271111488342 0.4364583492279053 0.013020801357924938 0.017708301544189453
0 0.955208420753479 0.4815104603767395 0.012500000186264515 0.02031249925494194
0 0.36145836114883423 0.40703123807907104 0.00937500037252903 0.015104174613952637
0 0.5760416984558105 0.40833336114883423 0.011458349414169788 0.013541698455810547
0 0.26953125 0.4020833373069763 0.009895825758576393 0.012500000186264515
