0 0.079345703125 0.616943359375 0.05810546875 0.07666015625
0 0.66162109375 0.52978515625 0.03515625 0.046875
0 0.18359375 0.493896484375 0.01953125 0.02685546875
0 0.38330078125 0.45556640625 0.01171875 0.0166015625
0 0.449462890625 0.47021484375 0.01708984375 0.025390625
0 0.216796875 0.467529296875 0.0107421875 0.01513671875
0 0.228515625 0.4580078125 0.009765625 0.013671875
0 0.236572265625 0.44775390625 0.00634765625 0.0107421875
0 0.345458984375 0.446044921875 0.00927734375 0.01416015625
0 0.328857421875 0.442626953125 0.00830078125 0.01220703125
0 0.3134765625 0.437744140625 0.0048828125 0.00927734375
0 0.30029296875 0.4345703125 0.0048828125 0.0068359375
0 0.30712890625 0.435791015625 0.0048828125 0.00732421875
0 0.240478515625 0.44287109375 0.00537109375 0.0068359375
0 0.296875 0.43359375 0.0048828125 0.005859375
0 0.29248046875 0.43310546875 0.0048828125 0.0048828125
0 0.24267578125 0.440673828125 0.0048828125 0.00634765625
0 0.24462890625 0.43896484375 0.0048828125 0.005859375
