0 0.08624999970197678 0.574999988079071 0.06000000238418579 0.08749999850988388
0 0.21187500655651093 0.5356249809265137 0.04125000163912773 0.06375002861022949
0 0.8812500238418579 0.5218750238418579 0.039999961853027344 0.06624998897314072
0 0.9787500500679016 0.5412499904632568 0.039999961853027344 0.08749999850988388
0 0.3987500071525574 0.4775000214576721 0.02500002458691597 0.04250001907348633
0 0.11687500774860382 0.4362500309944153 0.03125 0.05749998241662979
0 0.16562500596046448 0.44875001907348633 0.03374999761581421 0.05749998241662979
0 0.7543749809265137 0.4856250286102295 0.026250028982758522 0.04374999925494194
0 0.30000001192092896 0.5100000500679016 0.0325000062584877 0.052500009536743164
0 0.2618750035762787 0.534375011920929 0.041249990463256836 0.053749989718198776
0 0.6862500309944153 0.4518750309944153 0.019999980926513672 0.03874998167157173
0 0.7931249737739563 0.49812498688697815 0.028749991208314896 0.053749989718198776
0 0.4462500214576721 0.4593749940395355 0.014999961480498314 0.033750008791685104
0 0.3174999952316284 0.4987500309944153 0.05000000074505806 0.03249998018145561
0 0.7168750166893005 0.46812501549720764 0.03125 0.05624999850988388
0 0.47187501192092896 0.4493750035762787 0.021250009536743164 0.03125
0 0.46437501907348633 0.4699999690055847 0.026249980553984642 0.022499989718198776
0 0.7037500143051147 0.43937501311302185 0.022499989718198776 0.03874998167157173
0 0.7618750333786011 0.5249999761581421 0.05624999850988388 0.040000010281801224
0 0.11937500536441803 0.4962500035762787 0.04124999791383743 0.06750001758337021
