0 0.6449999809265137 0.5012499690055847 0.03499998897314072 0.052500009536743164
0 0.6106249690055847 0.4493750035762787 0.021250009536743164 0.028750037774443626
0 0.40937501192092896 0.4856249690055847 0.03125 0.046250008046627045
0 0.10375000536441803 0.6612499952316284 0.11749999225139618 0.07500000298023224
0 0.4387499690055847 0.4468750059604645 0.020000029355287552 0.028749991208314896
0 0.5893750190734863 0.4350000321865082 0.011250019073486328 0.020000029355287552
0 0.4918749928474426 0.4293749928474426 0.011249971576035023 0.016249990090727806
0 0.5862500071525574 0.4281249940395355 0.012500000186264515 0.01875000074505806
0 0.4781250059604645 0.421875 0.011250019073486328 0.01875000074505806
0 0.5681250095367432 0.42500001192092896 0.008749961853027344 0.015000009909272194
