0 0.701953113079071 0.509765625 0.02734375 0.04453124850988388
0 0.69921875 0.4554687440395355 0.01718750037252903 0.02031249925494194
0 0.28789061307907104 0.423828125 0.02265625074505806 0.03359375149011612
0 0.748828113079071 0.4429687559604645 0.008593750186264515 0.010937499813735485
0 0.48515623807907104 0.40312498807907104 0.010937499813735485 0.01718750037252903
0 0.5078125 0.39335936307907104 0.0078125 0.01328125037252903
0 0.77734375 0.4417968690395355 0.0078125 0.008593750186264515
0 0.688281238079071 0.41796875 0.0078125 0.0078125
0 0.7464843988418579 0.4273437559604645 0.008593750186264515 0.0078125
0 0.6953125 0.4203124940395355 0.0078125 0.0078125
0 0.49492186307907104 0.4066406190395355 0.01328125037252903 0.014843749813735485
0 0.7398437261581421 0.423828125 0.0078125 0.008593750186264515
