0 0.1431250125169754 0.4893750250339508 0.07874999940395355 0.09375
0 0.33375000953674316 0.4287499785423279 0.052500009536743164 0.07250001281499863
0 0.7118750214576721 0.39000001549720764 0.041250038892030716 0.0625
0 0.27125000953674316 0.38062500953674316 0.04249999672174454 0.05125000327825546
0 0.5987499952316284 0.3568750023841858 0.030000019818544388 0.04125001281499863
0 0.3812499940395355 0.3525000214576721 0.027500009164214134 0.040000010281801224
0 0.3343749940395355 0.3412500023841858 0.026250004768371582 0.035000015050172806
0 0.41312503814697266 0.33125001192092896 0.021250009536743164 0.0325000062584877
0 0.4737500250339508 0.32375001907348633 0.02500000037252903 0.029999995604157448
0 0.6225000619888306 0.3356249928474426 0.020000029355287552 0.033750008791685104
