0 0.5912500619888306 0.4775000214576721 0.047499991953372955 0.06750001758337021
0 0.24500000476837158 0.4949999749660492 0.05000000074505806 0.07750000804662704
0 0.17125001549720764 0.550000011920929 0.08750001341104507 0.09499998390674591
0 0.2750000059604645 0.4806250035762787 0.047499991953372955 0.05624999850988388
0 0.31437501311302185 0.4412500262260437 0.033749986439943314 0.05499996989965439
0 0.36250001192092896 0.4206250309944153 0.0325000062584877 0.046249985694885254
0 0.10875000804662704 0.6474999785423279 0.06000000238418579 0.10000000149011612
0 0.3881250023841858 0.3918749988079071 0.021249985322356224 0.033750008791685104
0 0.4256250262260437 0.3762499988079071 0.016249990090727806 0.02500000037252903
0 0.3737500309944153 0.40625 0.022500013932585716 0.03750000149011612
0 0.29750001430511475 0.3774999976158142 0.012500000186264515 0.02500000037252903
0 0.6556249856948853 0.5193750262260437 0.03874998167157173 0.08875002712011337
0 0.6493750214576721 0.5925000309944153 0.05624999850988388 0.11249999701976776
