0 0.682861328125 0.529541015625 0.03271484375 0.04736328125
0 0.615234375 0.481689453125 0.0224609375 0.02783203125
0 0.55810546875 0.4443359375 0.0107421875 0.0146484375
0 0.360595703125 0.476806640625 0.02099609375 0.02587890625
0 0.95849609375 0.717529296875 0.08203125 0.12255859375
0 0.22509765625 0.45556640625 0.015625 0.0185546875
0 0.385009765625 0.4619140625 0.01513671875 0.021484375
0 0.391357421875 0.452392578125 0.01220703125 0.02001953125
0 0.538818359375 0.437255859375 0.00927734375 0.01220703125
0 0.175537109375 0.471923828125 0.01708984375 0.02197265625
0 0.369873046875 0.4384765625 0.01025390625 0.01171875
0 0.331787109375 0.435302734375 0.00830078125 0.01123046875
0 0.479248046875 0.431640625 0.00732421875 0.009765625
0 0.201904296875 0.441650390625 0.01025390625 0.01123046875
0 0.39501953125 0.42919921875 0.0078125 0.009765625
0 0.27880859375 0.43408203125 0.0078125 0.009765625
0 0.150146484375 0.439453125 0.00830078125 0.0107421875
0 0.33984375 0.427978515625 0.0068359375 0.00830078125
0 0.142333984375 0.43310546875 0.00634765625 0.0078125
0 0.296142578125 0.427490234375 0.00634765625 0.00830078125
0 0.218994140625 0.436279296875 0.00830078125 0.01025390625
0 0.2158203125 0.429443359375 0.005859375 0.00830078125
0 0.01904296875 0.45068359375 0.01171875 0.0126953125
