0 0.05126953125 0.6494140625 0.076171875 0.08984375
0 0.19921875 0.50244140625 0.02734375 0.03515625
0 0.7958984375 0.589111328125 0.056640625 0.06787109375
0 0.6123046875 0.475341796875 0.017578125 0.02490234375
0 0.577880859375 0.45361328125 0.01025390625 0.015625
0 0.412109375 0.45458984375 0.013671875 0.01953125
0 0.560302734375 0.443603515625 0.00927734375 0.01220703125
0 0.457275390625 0.43896484375 0.00830078125 0.0107421875
0 0.271240234375 0.44287109375 0.00927734375 0.01171875
0 0.36376953125 0.436767578125 0.0048828125 0.00927734375
0 0.546142578125 0.4375 0.00537109375 0.0087890625
0 0.410400390625 0.434326171875 0.00537109375 0.00830078125
0 0.469970703125 0.43603515625 0.00537109375 0.0078125
0 0.228515625 0.4375 0.0068359375 0.0126953125
0 0.479248046875 0.430908203125 0.00634765625 0.00927734375
0 0.31494140625 0.429931640625 0.0048828125 0.00634765625
0 0.54248046875 0.435302734375 0.0068359375 0.00927734375
0 0.29541015625 0.43408203125 0.0048828125 0.0078125
0 0.42138671875 0.431640625 0.0048828125 0.0068359375
