0 0.11625000089406967 0.5881250500679016 0.07249999791383743 0.0912499874830246
0 0.6462500095367432 0.4425000250339508 0.030000019818544388 0.03499998897314072
0 0.36500000953674316 0.4793749749660492 0.027500009164214134 0.041249990463256836
0 0.4000000059604645 0.44187498092651367 0.022500013932585716 0.028749991208314896
0 0.6831250190734863 0.46687498688697815 0.033750008791685104 0.03875003010034561
0 0.44999998807907104 0.41874998807907104 0.015000009909272194 0.02500000037252903
0 0.4737500250339508 0.4074999690055847 0.012500000186264515 0.01749999448657036
0 0.6081250309944153 0.4206250309944153 0.016249990090727806 0.01875000074505806
0 0.048750001937150955 0.4181250035762787 0.015000000596046448 0.021249961107969284
0 0.11687500774860382 0.40812501311302185 0.011249994859099388 0.01875002309679985
0 0.7512500286102295 0.5356249809265137 0.05000000074505806 0.06624998897314072
