0 0.18603515625 0.62646484375 0.0634765625 0.0771484375
0 0.29638671875 0.525390625 0.0244140625 0.033203125
0 0.70947265625 0.5283203125 0.0302734375 0.0390625
0 0.541015625 0.482421875 0.015625 0.021484375
0 0.314453125 0.494140625 0.017578125 0.0234375
0 0.388671875 0.4482421875 0.009765625 0.01171875
0 0.3232421875 0.4736328125 0.009765625 0.015625
0 0.67578125 0.4453125 0.005859375 0.009765625
0 0.3173828125 0.46875 0.009765625 0.01171875
0 0.3173828125 0.4599609375 0.0078125 0.009765625
0 0.794921875 0.45263671875 0.005859375 0.0107421875
