0 0.37421876192092896 0.514453113079071 0.02656250074505806 0.04453124850988388
0 0.791796863079071 0.503125011920929 0.03046875074505806 0.046875
0 0.4410156309604645 0.4488281309604645 0.01015624962747097 0.02265625074505806
0 0.341796875 0.5093749761581421 0.02890625037252903 0.046875
0 0.08671875298023224 0.5140625238418579 0.015625 0.03281249850988388
0 0.2874999940395355 0.45820313692092896 0.00937500037252903 0.01640624925494194
0 0.65234375 0.443359375 0.012500000186264515 0.02578124962747097
0 0.3265624940395355 0.44609373807907104 0.0078125 0.01406249962747097
0 0.3636718690395355 0.43867188692092896 0.01015624962747097 0.014843749813735485
0 0.4535156190395355 0.4496093690395355 0.01171875 0.02109375037252903
0 0.3968749940395355 0.4351562559604645 0.0078125 0.01406249962747097
