0 0.1743749976158142 0.518750011920929 0.04374999925494194 0.052500009536743164
0 0.0768750011920929 0.6256250143051147 0.07624999433755875 0.0912499874830246
0 0.07312500476837158 0.4675000309944153 0.026249999180436134 0.030000019818544388
0 0.21875 0.46562498807907104 0.022499989718198776 0.028749991208314896
0 0.42125001549720764 0.4918749928474426 0.039999961853027344 0.028749991208314896
0 0.5006250143051147 0.48874998092651367 0.03875003010034561 0.029999971389770508
0 0.5093749761581421 0.44999998807907104 0.016249990090727806 0.027500009164214134
0 0.48499998450279236 0.44999998807907104 0.02500000037252903 0.019999980926513672
0 0.5481250286102295 0.3693750202655792 0.01875000074505806 0.03125
0 0.5225000381469727 0.4100000262260437 0.017499972134828568 0.027500009164214134
0 0.7925000190734863 0.44312500953674316 0.022500038146972656 0.041250038892030716
0 0.015000000596046448 0.4943750500679016 0.02500000037252903 0.03624997287988663
0 0.41874998807907104 0.4700000286102295 0.022499989718198776 0.02500000037252903
0 0.46937504410743713 0.4087499976158142 0.011249971576035023 0.0175000187009573
0 0.4699999690055847 0.4437499940395355 0.015000009909272194 0.022499989718198776
0 0.21062500774860382 0.4399999976158142 0.011250019073486328 0.0175000187009573
0 0.10437500476837158 0.44875001907348633 0.016249995678663254 0.019999980926513672
0 0.09000000357627869 0.44062501192092896 0.012500000186264515 0.016249990090727806
0 0.22312501072883606 0.4337500035762787 0.011250019073486328 0.014999961480498314
0 0.22312501072883606 0.45124998688697815 0.016249990090727806 0.020000029355287552
0 0.4087499976158142 0.4775000214576721 0.035000015050172806 0.02500000037252903
0 0.2306250035762787 0.4231249690055847 0.00875000935047865 0.013750028796494007
0 0.15125000476837158 0.42500001192092896 0.010000002570450306 0.012500000186264515
0 0.2887499928474426 0.41999998688697815 0.007499980740249157 0.009999990463256836
0 0.4581250250339508 0.4375 0.011250019073486328 0.0175000187009573
0 0.1081249937415123 0.43437498807907104 0.011250006966292858 0.013749981299042702
0 0.11937500536441803 0.4293749928474426 0.011249994859099388 0.013750028796494007
0 0.1706250011920929 0.42250004410743713 0.00874999724328518 0.009999990463256836
0 0.26249998807907104 0.4206250309944153 0.007500004954636097 0.011250019073486328
0 0.2068749964237213 0.4312500059604645 0.008749986067414284 0.012500000186264515
0 0.20000000298023224 0.4287499785423279 0.00750001659616828 0.012500000186264515
0 0.43562498688697815 0.40687498450279236 0.00875000935047865 0.016250014305114746
0 0.4675000309944153 0.34375 0.012500000186264515 0.01749999448657036
0 0.0925000011920929 0.42375001311302185 0.007500004954636097 0.009999990463256836
0 0.07250000536441803 0.42500001192092896 0.007499998901039362 0.009999990463256836
0 0.3062500059604645 0.41874998807907104 0.007500004954636097 0.007499980740249157
0 0.03999999910593033 0.4293749928474426 0.007499998901039362 0.011249971576035023
0 0.10499999672174454 0.42250004410743713 0.007499992847442627 0.009999990463256836
0 0.20875000953674316 0.4193750321865082 0.007500004954636097 0.00875000935047865
0 0.17750000953674316 0.4181250035762787 0.007499992847442627 0.008749961853027344
0 0.2162499874830246 0.41750001907348633 0.007500004954636097 0.009999990463256836
0 0.2381249964237213 0.41874998807907104 0.008749986067414284 0.009999990463256836
0 0.1287499964237213 0.42125001549720764 0.007500004954636097 0.010000037960708141
0 0.13500000536441803 0.4193750321865082 0.007500004954636097 0.00875000935047865
0 0.29749998450279236 0.4162500500679016 0.007500004954636097 0.00750002870336175
0 0.04750000312924385 0.4306250214576721 0.010000002570450306 0.013749981299042702
0 0.16749998927116394 0.41750001907348633 0.007499992847442627 0.007499980740249157
0 0.20375001430511475 0.4181250035762787 0.010000002570450306 0.011250019073486328
0 0.6399999856948853 0.42875003814697266 0.019999980926513672 0.03250002861022949
0 0.08250000327825546 0.44062501192092896 0.007499998901039362 0.01875000074505806
0 0.012500000186264515 0.4350000321865082 0.0075000012293457985 0.00750002870336175
