0 0.7331250309944153 0.5087500214576721 0.05875001102685928 0.08249998092651367
0 0.21875 0.5112500190734863 0.059999991208314896 0.08749999850988388
0 0.0625 0.5581250190734863 0.07500000298023224 0.10374999046325684
0 0.2762500047683716 0.44062501192092896 0.040000010281801224 0.05624999850988388
0 0.9306249618530273 0.4243749976158142 0.10124997794628143 0.12375001609325409
0 0.12250000238418579 0.43687501549720764 0.047499995678663254 0.0662500411272049
0 0.6418749690055847 0.42375001311302185 0.033750008791685104 0.05000002309679985
0 0.706250011920929 0.390625 0.03499998897314072 0.046250034123659134
0 0.5774999856948853 0.40062499046325684 0.027499962598085403 0.04125001281499863
0 0.3331250250339508 0.3956250250339508 0.026250004768371582 0.03625001758337021
0 0.5537499785423279 0.3893750309944153 0.02500000037252903 0.033749986439943314
0 0.2668749988079071 0.37187498807907104 0.02375001832842827 0.033750008791685104
0 0.3631249964237213 0.3818749785423279 0.026250004768371582 0.033749986439943314
0 0.42250004410743713 0.37437501549720764 0.015000009909272194 0.028749991208314896
0 0.7593749761581421 0.46437501907348633 0.041249990463256836 0.06875000149011612
0 0.2224999964237213 0.39375001192092896 0.0325000062584877 0.04499997943639755
0 0.5674999952316284 0.36500000953674316 0.0175000187009573 0.02500000037252903
0 0.6231249570846558 0.37437501549720764 0.021250009536743164 0.028749991208314896
0 0.31187501549720764 0.3687500059604645 0.01875000074505806 0.029999995604157448
0 0.6025000214576721 0.36125001311302185 0.012500000186264515 0.022500013932585716
0 0.8981249928474426 0.6675000190734863 0.05624999850988388 0.0625
0 0.7137500047683716 0.3618749976158142 0.017499972134828568 0.023749995976686478
0 0.6731249690055847 0.37312501668930054 0.016249990090727806 0.02375001832842827
