0 0.3268229365348816 0.49140626192092896 0.02968749962747097 0.043229151517152786
0 0.8471354246139526 0.5291666984558105 0.030729103833436966 0.046875
0 0.7049479484558105 0.436979204416275 0.013020848855376244 0.016666650772094727
0 0.5140625238418579 0.4208333492279053 0.00937500037252903 0.015625
0 0.569531261920929 0.41223961114883423 0.008854150772094727 0.013020801357924938
0 0.7265625 0.4286458492279053 0.011458349414169788 0.016666699200868607
0 0.6859375238418579 0.41432294249534607 0.007291650865226984 0.009895849041640759
0 0.6268229484558105 0.4111979603767395 0.0078125 0.011979150585830212
0 0.79973965883255 0.4333333373069763 0.007812547497451305 0.012500000186264515
0 0.8502604365348816 0.4312500059604645 0.006770896725356579 0.00937500037252903
0 0.7924479246139526 0.42395836114883423 0.0067708492279052734 0.00937500037252903
0 0.5885416865348816 0.4013020992279053 0.007291650865226984 0.008854198269546032
0 0.7205729484558105 0.4124999940395355 0.008854150772094727 0.010416651144623756
0 0.9447916746139526 0.45130211114883423 0.008333397097885609 0.01406249962747097
0 0.6197916865348816 0.4000000059604645 0.005208349321037531 0.005208349321037531
0 0.573437511920929 0.39505210518836975 0.005208349321037531 0.005729174707084894
