0 0.050048828125 0.790283203125 0.09716796875 0.15185546875
0 0.73974609375 0.49853515625 0.025390625 0.037109375
0 0.243896484375 0.517578125 0.02587890625 0.037109375
0 0.552978515625 0.468505859375 0.01611328125 0.02490234375
0 0.29736328125 0.47119140625 0.0146484375 0.0205078125
0 0.528076171875 0.453369140625 0.01513671875 0.01806640625
0 0.63720703125 0.44482421875 0.0107421875 0.015625
0 0.349365234375 0.453125 0.00927734375 0.015625
0 0.412109375 0.44482421875 0.009765625 0.0126953125
0 0.478271484375 0.43896484375 0.00927734375 0.013671875
0 0.7255859375 0.439208984375 0.0087890625 0.01318359375
0 0.70361328125 0.43212890625 0.0078125 0.0107421875
0 0.582275390625 0.435791015625 0.00830078125 0.01025390625
0 0.873046875 0.439453125 0.009765625 0.0126953125
0 0.857666015625 0.43212890625 0.00634765625 0.009765625
