0 0.8455729484558105 0.6234375238418579 0.07135410606861115 0.09895835071802139
0 0.3291666805744171 0.44947919249534607 0.019791651517152786 0.027083348482847214
0 0.3596354126930237 0.4333333373069763 0.016145849600434303 0.023958301171660423
0 0.6361979246139526 0.44973960518836975 0.02031249925494194 0.028645802289247513
0 0.5716146230697632 0.42239585518836975 0.01406249962747097 0.020833302289247513
0 0.3307291865348816 0.4231770932674408 0.014583349227905273 0.02031249925494194
0 0.2815104126930237 0.42239585518836975 0.013020848855376244 0.017708301544189453
0 0.5140625238418579 0.40546876192092896 0.012500000186264515 0.016145849600434303
0 0.22578124701976776 0.42265623807907104 0.01406249962747097 0.019270848482847214
0 0.2802083492279053 0.40052086114883423 0.008333325386047363 0.010416698642075062
0 0.15677084028720856 0.41015625 0.00937500037252903 0.013020848855376244
0 0.42760419845581055 0.3981770873069763 0.011458349414169788 0.015104198828339577
0 0.7252604365348816 0.4013020992279053 0.009895849041640759 0.01718750037252903
0 0.6812499761581421 0.3893229365348816 0.005208349321037531 0.010937499813735485
0 0.6026042103767395 0.38880211114883423 0.007291650865226984 0.010937499813735485
0 0.7028645873069763 0.39765626192092896 0.008854198269546032 0.008854174986481667
0 0.10572917759418488 0.42604169249534607 0.008333337493240833 0.013541650958359241
0 0.004947916604578495 0.43567711114883423 0.007812500931322575 0.013020801357924938
0 0.7481771111488342 0.409635454416275 0.0078125 0.011979150585830212
0 0.04609375074505806 0.4190104603767395 0.00677083432674408 0.009895849041640759
