0 0.3531250059604645 0.5062500238418579 0.03875000402331352 0.052500009536743164
0 0.9362500309944153 0.5606249570846558 0.05499992519617081 0.07374997437000275
0 0.6225000023841858 0.4543750286102295 0.02500000037252903 0.03125
0 0.3643750250339508 0.45375004410743713 0.023749995976686478 0.029999971389770508
0 0.4468750059604645 0.42125001549720764 0.011250019073486328 0.019999980926513672
0 0.5956250429153442 0.4293749928474426 0.016249990090727806 0.021250009536743164
0 0.71875 0.4281249940395355 0.0175000187009573 0.021250009536743164
0 0.39124998450279236 0.43562498688697815 0.014999985694885254 0.026250028982758522
0 0.5224999785423279 0.4143750071525574 0.012500000186264515 0.016249990090727806
0 0.6681250333786011 0.4162500500679016 0.013749981299042702 0.020000029355287552
0 0.5881250500679016 0.4137499928474426 0.011249971576035023 0.015000009909272194
0 0.8637501001358032 0.4300000071525574 0.019999980926513672 0.019999980926513672
0 0.84375 0.40812501311302185 0.014999961480498314 0.016249990090727806
