0 0.20624999701976776 0.6456249952316284 0.10999999195337296 0.10374999046325684
0 0.6974999904632568 0.47562503814697266 0.03750000149011612 0.04874997213482857
0 0.3568750023841858 0.4937500059604645 0.04125001281499863 0.052500009536743164
0 0.4949999749660492 0.43937501311302185 0.027500009164214134 0.03874998167157173
0 0.8287500143051147 0.3712500035762787 0.04750003665685654 0.06499998271465302
0 0.5556250214576721 0.4256249964237213 0.021249961107969284 0.03125
0 0.699999988079071 0.41312503814697266 0.019999980926513672 0.023749971762299538
0 0.621874988079071 0.4206250309944153 0.021250009536743164 0.03125
0 0.6868749856948853 0.36500000953674316 0.013749981299042702 0.020000005140900612
0 0.949999988079071 0.3893750309944153 0.007499980740249157 0.013750004582107067
0 0.7562500238418579 0.4087499976158142 0.0175000187009573 0.022500013932585716
0 0.9006250500679016 0.6731249690055847 0.08124999701976776 0.05125002935528755
0 0.9225000143051147 0.39500001072883606 0.010000037960708141 0.015000009909272194
