0 0.8706250190734863 0.6575000286102295 0.11625003814697266 0.07500000298023224
0 0.14687499403953552 0.6206250190734863 0.10375001281499863 0.0912499874830246
0 0.31687501072883606 0.5049999952316284 0.03874998167157173 0.047499991953372955
0 0.6600000262260437 0.46437501907348633 0.03250002861022949 0.03625001758337021
0 0.7612500190734863 0.5149999856948853 0.047499991953372955 0.05500001832842827
0 0.37562498450279236 0.4699999690055847 0.033749986439943314 0.022499989718198776
0 0.4437499940395355 0.4387499690055847 0.012500000186264515 0.020000029355287552
0 0.12250000238418579 0.4399999976158142 0.04249999672174454 0.05000000074505806
0 0.6206250190734863 0.43562498688697815 0.01875000074505806 0.028749991208314896
0 0.574999988079071 0.4143750071525574 0.012500000186264515 0.01875000074505806
0 0.4818750321865082 0.4231249690055847 0.016249990090727806 0.021250009536743164
0 0.6106249690055847 0.42375001311302185 0.011249971576035023 0.019999980926513672
0 0.5887500047683716 0.4137499928474426 0.012500000186264515 0.020000029355287552
0 0.48875004053115845 0.4124999940395355 0.012500000186264515 0.0175000187009573
0 0.13375000655651093 0.5137499570846558 0.044999994337558746 0.03499998897314072
0 0.5974999666213989 0.4181250035762787 0.012500000186264515 0.01875000074505806
