0 0.307373046875 0.510009765625 0.03271484375 0.03857421875
0 0.757080078125 0.516357421875 0.03466796875 0.03662109375
0 0.658935546875 0.474365234375 0.02099609375 0.02294921875
0 0.597412109375 0.452880859375 0.01318359375 0.01513671875
0 0.44091796875 0.473876953125 0.017578125 0.02197265625
0 0.562744140625 0.44287109375 0.01025390625 0.0126953125
0 0.462890625 0.45458984375 0.0146484375 0.0185546875
0 0.541748046875 0.4365234375 0.00830078125 0.0107421875
0 0.45263671875 0.44384765625 0.0078125 0.01171875
0 0.52490234375 0.4306640625 0.0078125 0.009765625
0 0.507568359375 0.426513671875 0.00732421875 0.00830078125
0 0.446533203125 0.438720703125 0.00927734375 0.01025390625
0 0.49072265625 0.425537109375 0.0048828125 0.00634765625
0 0.4970703125 0.425537109375 0.0048828125 0.00537109375
0 0.4853515625 0.4248046875 0.0048828125 0.0048828125
0 0.4794921875 0.4248046875 0.0048828125 0.0048828125
0 0.47509765625 0.424560546875 0.0048828125 0.00537109375
0 0.44287109375 0.433837890625 0.0048828125 0.00830078125
0 0.44140625 0.429443359375 0.0048828125 0.00830078125
0 0.4697265625 0.42333984375 0.0048828125 0.0048828125
0 0.62158203125 0.4208984375 0.0048828125 0.0048828125
0 0.587890625 0.4208984375 0.0048828125 0.0048828125
