0 0.879638671875 0.5888671875 0.07470703125 0.0517578125
0 0.197509765625 0.57275390625 0.05712890625 0.0703125
0 0.3876953125 0.462890625 0.01953125 0.0244140625
0 0.44873046875 0.440673828125 0.015625 0.01220703125
0 0.607177734375 0.45361328125 0.01611328125 0.021484375
0 0.492431640625 0.429443359375 0.00732421875 0.01025390625
0 0.593505859375 0.433349609375 0.00927734375 0.01318359375
0 0.574462890625 0.42578125 0.00732421875 0.0068359375
0 0.544921875 0.42041015625 0.0068359375 0.0078125
0 0.49072265625 0.423095703125 0.0048828125 0.00732421875
0 0.52978515625 0.41748046875 0.0048828125 0.0048828125
