0 0.29541015625 0.5205078125 0.0322265625 0.044921875
0 0.48779296875 0.448974609375 0.0107421875 0.01904296875
0 0.798583984375 0.49951171875 0.02978515625 0.0361328125
0 0.731201171875 0.457763671875 0.01611328125 0.02099609375
0 0.7431640625 0.434814453125 0.0078125 0.01123046875
0 0.593505859375 0.43505859375 0.00830078125 0.0126953125
0 0.636962890625 0.430908203125 0.00927734375 0.01318359375
0 0.730712890625 0.4423828125 0.00830078125 0.013671875
0 0.426513671875 0.427490234375 0.01416015625 0.00927734375
0 0.578125 0.425537109375 0.013671875 0.00927734375
0 0.782958984375 0.42822265625 0.00537109375 0.0087890625
0 0.7685546875 0.431640625 0.0068359375 0.0107421875
0 0.79931640625 0.430908203125 0.0068359375 0.00927734375
0 0.685302734375 0.427734375 0.00634765625 0.009765625
0 0.736328125 0.42724609375 0.0068359375 0.0107421875
