0 0.71826171875 0.523193359375 0.0341796875 0.04638671875
0 0.775146484375 0.478759765625 0.02099609375 0.03076171875
0 0.939453125 0.530517578125 0.0390625 0.04443359375
0 0.287353515625 0.49755859375 0.02880859375 0.0341796875
0 0.662109375 0.472412109375 0.015625 0.02880859375
0 0.716064453125 0.461181640625 0.01708984375 0.02490234375
0 0.450927734375 0.463623046875 0.01318359375 0.02392578125
0 0.509765625 0.444580078125 0.0107421875 0.01513671875
0 0.49072265625 0.4482421875 0.0107421875 0.0185546875
0 0.62890625 0.455078125 0.01171875 0.0205078125
0 0.6806640625 0.45166015625 0.009765625 0.017578125
0 0.747314453125 0.4501953125 0.01025390625 0.013671875
0 0.8642578125 0.4677734375 0.013671875 0.021484375
0 0.793701171875 0.4560546875 0.01123046875 0.0166015625
0 0.450439453125 0.439453125 0.01025390625 0.01171875
0 0.433349609375 0.43701171875 0.01025390625 0.0126953125
