0 0.9568750262260437 0.4749999940395355 0.08374996483325958 0.14250001311302185
0 0.9225000143051147 0.37687501311302185 0.08249998092651367 0.09624998271465302
0 0.3462499976158142 0.3356249928474426 0.047499991953372955 0.06125001981854439
0 0.40312498807907104 0.31812500953674316 0.046250034123659134 0.03624999523162842
0 0.78125 0.3149999976158142 0.039999961853027344 0.027500009164214134
0 0.9375 0.33937501907348633 0.05500001832842827 0.07374999672174454
0 0.19874998927116394 0.31687501072883606 0.05500000715255737 0.03125
0 0.6737500429153442 0.3087500035762787 0.03499998897314072 0.015000009909272194
0 0.015000000596046448 0.34937500953674316 0.030000001192092896 0.04874999448657036
0 0.5425000190734863 0.3100000023841858 0.03249998018145561 0.020000005140900612
0 0.9618749618530273 0.31562501192092896 0.041249942034482956 0.03125
