0 0.29765623807907104 0.609375 0.0390625 0.0625
0 0.699999988079071 0.5093749761581421 0.02500000037252903 0.04062499850988388
0 0.6226562261581421 0.48828125 0.02187499962747097 0.03125
0 0.5601562261581421 0.47265625 0.015625 0.02656250074505806
0 0.3285156190395355 0.5394531488418579 0.02421874925494194 0.03515625
0 0.3343749940395355 0.5078125 0.02031249925494194 0.02968749962747097
0 0.8687499761581421 0.46953123807907104 0.01718750037252903 0.02812499925494194
0 0.7835937738418579 0.46171873807907104 0.015625 0.02187499962747097
0 0.723828136920929 0.45390623807907104 0.01328125037252903 0.02031249925494194
0 0.07773437350988388 0.5484374761581421 0.014843749813735485 0.02656250074505806
0 0.13945312798023224 0.5218750238418579 0.014843749813735485 0.02031249925494194
0 0.9339843988418579 0.45390623807907104 0.01171875 0.02031249925494194
0 0.860156238079071 0.44843751192092896 0.010937499813735485 0.01718750037252903
0 0.793749988079071 0.44453126192092896 0.0078125 0.015625
0 0.7421875 0.44218748807907104 0.0078125 0.012500000186264515
0 0.667187511920929 0.4496093690395355 0.0078125 0.01640624925494194
0 0.34453123807907104 0.494140625 0.01718750037252903 0.02578124962747097
0 0.4976562559604645 0.4625000059604645 0.010937499813735485 0.015625
0 0.008984374813735485 0.579296886920929 0.01796874962747097 0.04609375074505806
0 0.16718749701976776 0.509765625 0.00937500037252903 0.01796874962747097
0 0.4058593809604645 0.46796876192092896 0.008593750186264515 0.01406249962747097
