0 0.2581250071525574 0.5918749570846558 0.07625000178813934 0.08624996989965439
0 0.4399999976158142 0.46937504410743713 0.027499962598085403 0.03624997287988663
0 0.6037500500679016 0.4324999749660492 0.020000029355287552 0.03250002861022949
0 0.8487499952316284 0.44999998807907104 0.027499962598085403 0.03499998897314072
0 0.7043749690055847 0.4556249976158142 0.026250028982758522 0.03874998167157173
0 0.4375 0.42000001668930054 0.015000009909272194 0.02500000037252903
0 0.8306249380111694 0.578125 0.07375001907348633 0.08625002205371857
0 0.5475000143051147 0.40625 0.009999990463256836 0.01749999448657036
0 0.4675000309944153 0.3993750214576721 0.007499980740249157 0.011250019073486328
0 0.87437504529953 0.4256250262260437 0.03125 0.021250009536743164
0 0.4781250059604645 0.40312498807907104 0.011250019073486328 0.016250014305114746
