0 0.7903646230697632 0.5018229484558105 0.027604198083281517 0.034895848482847214
0 0.4489583373069763 0.4856770932674408 0.035416699945926666 0.04010419920086861
0 0.649218738079071 0.4205729365348816 0.008854150772094727 0.011979150585830212
0 0.6885417103767395 0.44192710518836975 0.012500000186264515 0.02031249925494194
0 0.4973958432674408 0.43281251192092896 0.015625 0.020833348855376244
0 0.6195312738418579 0.4088541865348816 0.009895849041640759 0.011458349414169788
0 0.5096354484558105 0.41432294249534607 0.013020848855376244 0.01406249962747097
0 0.4867187440395355 0.3981770873069763 0.0067708492279052734 0.009895825758576393
0 0.5104166865348816 0.40312498807907104 0.00937500037252903 0.015625
0 0.59375 0.40286460518836975 0.007291650865226984 0.011979198083281517
0 0.5640624761581421 0.39661461114883423 0.005208349321037531 0.0078125
