0 0.232421875 0.578125 0.05078125 0.06640625
0 0.787109375 0.57568359375 0.0556640625 0.0693359375
0 0.388671875 0.4853515625 0.0205078125 0.029296875
0 0.62451171875 0.4833984375 0.0205078125 0.0283203125
0 0.587158203125 0.4560546875 0.01220703125 0.0185546875
0 0.567138671875 0.4443359375 0.00927734375 0.0126953125
0 0.43603515625 0.458251953125 0.0126953125 0.01611328125
0 0.447998046875 0.447509765625 0.00927734375 0.01318359375
0 0.4580078125 0.437744140625 0.009765625 0.01708984375
0 0.46728515625 0.435546875 0.005859375 0.0087890625
0 0.555908203125 0.435302734375 0.01025390625 0.01708984375
0 0.47265625 0.4326171875 0.0048828125 0.0078125
0 0.54638671875 0.434326171875 0.0048828125 0.00830078125
0 0.54150390625 0.432373046875 0.0048828125 0.00732421875
0 0.46142578125 0.4365234375 0.0078125 0.0166015625
0 0.47802734375 0.431884765625 0.0048828125 0.00732421875
0 0.5517578125 0.4345703125 0.0078125 0.015625
0 0.48046875 0.43115234375 0.0048828125 0.0068359375
