0 0.6875 0.5243750214576721 0.08249998092651367 0.10375003516674042
0 0.34562501311302185 0.5393750071525574 0.09624998271465302 0.13874998688697815
0 0.8806249499320984 0.5112500190734863 0.06374998390674591 0.07750000804662704
0 0.5706250071525574 0.4818750321865082 0.016249990090727806 0.023749971762299538
0 0.48874998092651367 0.48249998688697815 0.015000009909272194 0.022499989718198776
0 0.45875000953674316 0.48000001907348633 0.010000037960708141 0.019999980926513672
0 0.5568750500679016 0.4775000214576721 0.011249971576035023 0.014999961480498314
0 0.628125011920929 0.4806250035762787 0.016249990090727806 0.01875000074505806
0 0.5175000429153442 0.4793749749660492 0.009999990463256836 0.016249990090727806
0 0.39499998092651367 0.48375001549720764 0.01749999448657036 0.02500000037252903
0 0.22625000774860382 0.484375 0.015000009909272194 0.02375001832842827
0 0.24437499046325684 0.4806250035762787 0.011249994859099388 0.016250038519501686
0 0.18437500298023224 0.48000001907348633 0.011249994859099388 0.015000009909272194
0 0.1706250011920929 0.48375001549720764 0.013749992474913597 0.019999980926513672
0 0.6006250381469727 0.4756249785423279 0.011249971576035023 0.01875000074505806
0 0.7400000095367432 0.4806250035762787 0.014999961480498314 0.01875000074505806
0 0.08187500387430191 0.48249998688697815 0.01374999899417162 0.017499972134828568
0 0.96875 0.4787500500679016 0.014999961480498314 0.017499972134828568
0 0.9856250882148743 0.47312498092651367 0.011250019073486328 0.016249990090727806
0 0.8300000429153442 0.4787500500679016 0.017499923706054688 0.017499972134828568
0 0.9206250309944153 0.4762499928474426 0.008749961853027344 0.017499972134828568
0 0.7518750429153442 0.47562503814697266 0.011250019073486328 0.016249990090727806
0 0.8125 0.47562503814697266 0.010000037960708141 0.016249990090727806
0 0.13062500953674316 0.48249998688697815 0.01625000312924385 0.022499989718198776
0 0.036250002682209015 0.4818750321865082 0.012500000186264515 0.016249990090727806
0 0.11749999225139618 0.48124998807907104 0.014999997802078724 0.015000009909272194
0 0.0637500062584877 0.48000001907348633 0.009999996051192284 0.015000009909272194
0 0.3687500059604645 0.4806250035762787 0.012500000186264515 0.021249961107969284
0 0.6712499856948853 0.4787500500679016 0.014999961480498314 0.020000029355287552
