0 0.27000001072883606 0.4506250321865082 0.03249998018145561 0.03875003010034561
0 0.7712500095367432 0.4937500059604645 0.05500001832842827 0.06999997794628143
0 0.6881250143051147 0.4268750250339508 0.026250028982758522 0.033750008791685104
0 0.35499998927116394 0.4268750250339508 0.02500000037252903 0.03125
0 0.6475000381469727 0.4124999940395355 0.020000029355287552 0.029999995604157448
0 0.4156250059604645 0.40437498688697815 0.016249990090727806 0.023749995976686478
0 0.5874999761581421 0.39750000834465027 0.012500000186264515 0.020000029355287552
0 0.40625 0.38499999046325684 0.007499980740249157 0.014999985694885254
0 0.534375011920929 0.39000001549720764 0.00875000935047865 0.012500000186264515
0 0.5550000071525574 0.39375001192092896 0.007499980740249157 0.01500003319233656
0 0.37062501907348633 0.3968749940395355 0.013750004582107067 0.021250033751130104
0 0.3837500214576721 0.3518750071525574 0.009999990463256836 0.016250014305114746
