0 0.3356249928474426 0.5287500619888306 0.041249990463256836 0.052500009536743164
0 0.390625 0.48249998688697815 0.021250033751130104 0.03499998897314072
0 0.7518750429153442 0.5381250381469727 0.04374999925494194 0.06375002861022949
0 0.8668750524520874 0.42125001549720764 0.04875002056360245 0.060000013560056686
0 0.6081250309944153 0.46312499046325684 0.01875000074505806 0.03125
0 0.29749998450279236 0.48375001549720764 0.0325000062584877 0.02500000037252903
0 0.4143750071525574 0.4593749940395355 0.016249990090727806 0.026249980553984642
0 0.5800000429153442 0.4462500214576721 0.012500000186264515 0.02500000037252903
0 0.5543749928474426 0.4375 0.00875000935047865 0.0175000187009573
0 0.5387499928474426 0.4318750500679016 0.00750002870336175 0.016249990090727806
0 0.893750011920929 0.5881249904632568 0.07749996334314346 0.08124999701976776
0 0.4318750500679016 0.4350000321865082 0.013750028796494007 0.022499989718198776
0 0.3499999940395355 0.44875001907348633 0.020000005140900612 0.027500009164214134
0 0.5725000500679016 0.42000001668930054 0.00750002870336175 0.012500000186264515
