0 0.64892578125 0.49267578125 0.0244140625 0.033203125
0 0.101806640625 0.5419921875 0.03955078125 0.052734375
0 0.40185546875 0.46435546875 0.0166015625 0.0224609375
0 0.59375 0.46044921875 0.013671875 0.0185546875
0 0.568115234375 0.4482421875 0.00927734375 0.0126953125
0 0.4541015625 0.442626953125 0.0087890625 0.01123046875
0 0.247802734375 0.448486328125 0.01123046875 0.01416015625
0 0.544921875 0.437255859375 0.005859375 0.00927734375
0 0.550048828125 0.43994140625 0.00732421875 0.0107421875
0 0.46826171875 0.43896484375 0.0068359375 0.009765625
0 0.404296875 0.4365234375 0.005859375 0.0068359375
0 0.35302734375 0.43994140625 0.0068359375 0.0078125
0 0.47705078125 0.433837890625 0.0048828125 0.00732421875
0 0.4169921875 0.433349609375 0.0048828125 0.00634765625
0 0.30615234375 0.432861328125 0.0048828125 0.00634765625
