0 0.181640625 0.64990234375 0.0732421875 0.08984375
0 0.826904296875 0.598876953125 0.05419921875 0.07177734375
0 0.367431640625 0.505126953125 0.02587890625 0.03955078125
0 0.43115234375 0.462890625 0.0146484375 0.01953125
0 0.91162109375 0.503662109375 0.025390625 0.03173828125
0 0.5810546875 0.458740234375 0.0146484375 0.02001953125
0 0.559814453125 0.448974609375 0.01025390625 0.01416015625
0 0.452392578125 0.450439453125 0.01123046875 0.01318359375
0 0.47265625 0.43896484375 0.0048828125 0.0078125
0 0.85302734375 0.45751953125 0.0087890625 0.0126953125
0 0.772705078125 0.447998046875 0.00830078125 0.01025390625
0 0.54296875 0.44384765625 0.009765625 0.009765625
0 0.46875 0.441650390625 0.0048828125 0.00830078125
0 0.591552734375 0.4404296875 0.00537109375 0.0078125
0 0.670654296875 0.447509765625 0.00830078125 0.01025390625
0 0.74267578125 0.44384765625 0.0048828125 0.0087890625
0 0.536865234375 0.440673828125 0.00537109375 0.00830078125
0 0.9111328125 0.453369140625 0.0068359375 0.00927734375
0 0.920654296875 0.449951171875 0.00634765625 0.00830078125
0 0.8662109375 0.445556640625 0.0068359375 0.00830078125
0 0.8369140625 0.44775390625 0.0078125 0.0087890625
