0 0.18333333730697632 0.4674479365348816 0.016666674986481667 0.025520849972963333
0 0.3111979365348816 0.4661458432674408 0.019270848482847214 0.02812499925494194
0 0.35598960518836975 0.5369791984558105 0.041145823895931244 0.06145834922790527
0 0.10911458730697632 0.7372395992279053 0.10468749701976776 0.0859375
0 0.46666669845581055 0.4153645932674408 0.011458349414169788 0.01718750037252903
0 0.9427083730697632 0.47968751192092896 0.02187499962747097 0.029166650027036667
0 0.686718761920929 0.4268229603767395 0.013020848855376244 0.01718750037252903
0 0.17343750596046448 0.43671876192092896 0.00937500037252903 0.013020848855376244
0 0.2789062559604645 0.42369794845581055 0.008854174986481667 0.013020848855376244
0 0.07864584028720856 0.45338544249534607 0.010416668839752674 0.01406249962747097
0 0.6981770992279053 0.4036458432674408 0.008854198269546032 0.011458325199782848
0 0.8950521349906921 0.41718751192092896 0.0078125 0.010416651144623756
