0 0.70556640625 0.506591796875 0.0283203125 0.03564453125
0 0.341552734375 0.542236328125 0.03759765625 0.05126953125
0 0.432373046875 0.474609375 0.01904296875 0.0263671875
0 0.83837890625 0.4833984375 0.017578125 0.0263671875
0 0.607177734375 0.448974609375 0.00927734375 0.01513671875
0 0.46435546875 0.45166015625 0.01171875 0.01953125
0 0.655517578125 0.439697265625 0.00732421875 0.01025390625
0 0.59765625 0.43994140625 0.0068359375 0.01171875
0 0.481689453125 0.4404296875 0.00927734375 0.0126953125
0 0.59716796875 0.424072265625 0.0048828125 0.00732421875
0 0.623291015625 0.4326171875 0.00830078125 0.0107421875
0 0.51025390625 0.4287109375 0.0078125 0.0087890625
0 0.544921875 0.425537109375 0.0068359375 0.00830078125
0 0.707763671875 0.437255859375 0.00732421875 0.00927734375
0 0.667724609375 0.431640625 0.00634765625 0.0078125
