0 0.871874988079071 0.49687498807907104 0.07124996185302734 0.08124999701976776
0 0.12124999612569809 0.5243750214576721 0.07000000029802322 0.08625002205371857
0 0.3031249940395355 0.47437500953674316 0.05125000327825546 0.06374998390674591
0 0.703125 0.4612500071525574 0.05124998092651367 0.06750001758337021
0 0.6025000214576721 0.40937501192092896 0.030000019818544388 0.04374999925494194
0 0.9325000643730164 0.5756250619888306 0.10749997943639755 0.11624999344348907
0 0.6918749809265137 0.4231249690055847 0.033750008791685104 0.04874999448657036
0 0.3499999940395355 0.4124999940395355 0.0325000062584877 0.04249999672174454
0 0.581250011920929 0.3868750035762787 0.022499989718198776 0.03125
0 0.546875 0.37937501072883606 0.01875000074505806 0.028749991208314896
0 0.32499998807907104 0.39750000834465027 0.02500000037252903 0.040000010281801224
0 0.3868750035762787 0.3868750035762787 0.021250009536743164 0.03125
0 0.3462499976158142 0.3837500214576721 0.020000005140900612 0.0325000062584877
0 0.2956250011920929 0.429375022649765 0.04374999925494194 0.0637500062584877
