0 0.8541666865348816 0.5648437738418579 0.05312500149011612 0.06822915375232697
0 0.617968738079071 0.4166666865348816 0.011979150585830212 0.016666650772094727
0 0.390625 0.41614586114883423 0.014583325013518333 0.016666699200868607
0 0.08671875298023224 0.5729166865348816 0.05052083730697632 0.06458334624767303
0 0.3486979305744171 0.4046874940395355 0.0057291509583592415 0.010416674427688122
0 0.3997395932674408 0.40416669845581055 0.009895825758576393 0.014583349227905273
0 0.5299479365348816 0.39661461114883423 0.0078125 0.009895825758576393
0 0.2473958432674408 0.4059895873069763 0.005208325572311878 0.0078125
0 0.18437500298023224 0.41796875 0.0062500000931322575 0.010937499813735485
0 0.42005211114883423 0.3947916626930237 0.005729198455810547 0.008333349600434303
