0 0.10687500238418579 0.5793749690055847 0.10125000774860382 0.11375002562999725
0 0.6087499856948853 0.5112500190734863 0.06999997794628143 0.08499999344348907
0 0.7537500262260437 0.4012499749660492 0.029999971389770508 0.040000010281801224
0 0.6712499856948853 0.39375001192092896 0.022500038146972656 0.035000015050172806
0 0.2056250125169754 0.4481249749660492 0.056250013411045074 0.03624997287988663
0 0.8343750238418579 0.37937501072883606 0.021249961107969284 0.033750008791685104
0 0.7512500286102295 0.36250001192092896 0.012500000186264515 0.020000005140900612
0 0.5912500619888306 0.3837500214576721 0.017499972134828568 0.027500009164214134
0 0.934374988079071 0.38624998927116394 0.026249980553984642 0.03499998897314072
0 0.799375057220459 0.375 0.01875004731118679 0.027500009164214134
0 0.659375011920929 0.36937499046325684 0.016249990090727806 0.023749995976686478
0 0.8918750882148743 0.3643750250339508 0.013749981299042702 0.023749995976686478
0 0.6050000190734863 0.37312501668930054 0.009999990463256836 0.02375001832842827
0 0.8237500190734863 0.3725000023841858 0.017499923706054688 0.029999995604157448
