0 0.35986328125 0.49658203125 0.0263671875 0.0322265625
0 0.655029296875 0.488037109375 0.02099609375 0.02783203125
0 0.93896484375 0.54638671875 0.0400390625 0.0537109375
0 0.422119140625 0.45654296875 0.01220703125 0.017578125
0 0.445556640625 0.44287109375 0.00927734375 0.013671875
0 0.612060546875 0.4638671875 0.01513671875 0.021484375
0 0.677978515625 0.4521484375 0.01220703125 0.0146484375
0 0.5654296875 0.441650390625 0.009765625 0.01318359375
0 0.668212890625 0.44091796875 0.00830078125 0.0107421875
0 0.553955078125 0.435546875 0.00732421875 0.009765625
0 0.57275390625 0.43212890625 0.0048828125 0.0087890625
0 0.459228515625 0.434326171875 0.00634765625 0.00927734375
0 0.466796875 0.429443359375 0.005859375 0.00830078125
0 0.544677734375 0.43017578125 0.00634765625 0.0078125
0 0.672607421875 0.434814453125 0.00537109375 0.00732421875
0 0.77685546875 0.442626953125 0.0068359375 0.01025390625
0 0.762451171875 0.44189453125 0.00830078125 0.0107421875
0 0.817138671875 0.435546875 0.00634765625 0.0087890625
0 0.53955078125 0.427001953125 0.0048828125 0.00732421875
0 0.7939453125 0.427978515625 0.0048828125 0.00634765625
0 0.971435546875 0.447021484375 0.00830078125 0.01025390625
0 0.764404296875 0.4287109375 0.00537109375 0.0068359375
0 0.724609375 0.425048828125 0.0048828125 0.00634765625
