0 0.6385416984558105 0.42656248807907104 0.013541650958359241 0.014583349227905273
0 0.3531250059604645 0.45390623807907104 0.01875000074505806 0.025520849972963333
0 0.8203125 0.4817708432674408 0.022916698828339577 0.03437500074505806
0 0.660937488079071 0.44843751192092896 0.017708349972963333 0.02187499962747097
0 0.41822919249534607 0.4229167103767395 0.010416651144623756 0.013541650958359241
0 0.00572916679084301 0.483854204416275 0.01145833358168602 0.020833348855376244
0 0.19609376788139343 0.436979204416275 0.008854174986481667 0.012500000186264515
0 0.09401042014360428 0.4450520873069763 0.008854162879288197 0.009895801544189453
0 0.18645833432674408 0.42656248807907104 0.008333325386047363 0.008333349600434303
0 0.508593738079071 0.4124999940395355 0.0067708492279052734 0.011458349414169788
