0 0.6862500309944153 0.5118750333786011 0.047499991953372955 0.06125001981854439
0 0.6274999976158142 0.4425000250339508 0.019999980926513672 0.027500009164214134
0 0.13062500953674316 0.6012499928474426 0.09125000238418579 0.09749998897314072
0 0.398125022649765 0.4375 0.01875002309679985 0.022499989718198776
0 0.359375 0.4943750500679016 0.03125 0.046250008046627045
0 0.5637500286102295 0.4281249940395355 0.012500000186264515 0.02375001832842827
0 0.4350000023841858 0.42750000953674316 0.012500000186264515 0.019999980926513672
0 0.4637499749660492 0.4037500321865082 0.00750002870336175 0.00750002870336175
0 0.518750011920929 0.4050000309944153 0.012500000186264515 0.0175000187009573
0 0.40937501192092896 0.4112500250339508 0.00875000935047865 0.015000009909272194
0 0.4312500059604645 0.40312498807907104 0.007499980740249157 0.00875003356486559
