0 0.2314453125 0.56640625 0.0703125 0.1064453125
0 0.29833984375 0.521240234375 0.046875 0.08251953125
0 0.778564453125 0.557861328125 0.06005859375 0.10302734375
0 0.71875 0.526123046875 0.0546875 0.08642578125
0 0.3603515625 0.49560546875 0.0244140625 0.037109375
0 0.646240234375 0.487548828125 0.02001953125 0.03271484375
0 0.59375 0.462890625 0.0146484375 0.0234375
0 0.4091796875 0.461181640625 0.015625 0.02392578125
0 0.558837890625 0.441650390625 0.01220703125 0.01513671875
0 0.546875 0.434326171875 0.009765625 0.01220703125
0 0.43994140625 0.439697265625 0.0107421875 0.01513671875
0 0.537353515625 0.429443359375 0.00537109375 0.00830078125
0 0.45556640625 0.42822265625 0.0048828125 0.0078125
0 0.451171875 0.432373046875 0.005859375 0.00927734375
0 0.46044921875 0.424560546875 0.0048828125 0.00634765625
0 0.52978515625 0.425048828125 0.0048828125 0.00732421875
0 0.5263671875 0.422119140625 0.0048828125 0.00634765625
0 0.52392578125 0.4189453125 0.0048828125 0.005859375
0 0.46630859375 0.42138671875 0.0048828125 0.005859375
0 0.51953125 0.4169921875 0.0048828125 0.005859375
