0 0.1123046875 0.560546875 0.0478515625 0.0576171875
0 0.529541015625 0.456298828125 0.01416015625 0.01806640625
0 0.74609375 0.547607421875 0.0498046875 0.05615234375
0 0.7373046875 0.483642578125 0.0185546875 0.02587890625
0 0.369140625 0.478515625 0.01953125 0.0263671875
0 0.679443359375 0.45068359375 0.01123046875 0.015625
0 0.92431640625 0.45263671875 0.015625 0.01953125
0 0.747802734375 0.449951171875 0.01318359375 0.01513671875
0 0.8759765625 0.47607421875 0.015625 0.0224609375
0 0.8037109375 0.450439453125 0.01171875 0.01513671875
