0 0.862500011920929 0.4318750500679016 0.05749998241662979 0.07625003159046173
0 0.8193750381469727 0.3918749690055847 0.04375004768371582 0.0612499937415123
0 0.5712500214576721 0.34687501192092896 0.0350000374019146 0.04874999448657036
0 0.6987500190734863 0.3618749976158142 0.04499997943639755 0.05624999850988388
0 0.26375001668930054 0.3712500035762787 0.03750000149011612 0.05750000476837158
0 0.2212500125169754 0.39375001192092896 0.044999994337558746 0.0650000348687172
0 0.3125 0.3318750262260437 0.029999995604157448 0.04374999925494194
0 0.5375000238418579 0.33375000953674316 0.03249998018145561 0.04249999672174454
0 0.1368750035762787 0.4193750023841858 0.05874999612569809 0.06874997913837433
0 0.8693750500679016 0.3331249952316284 0.033749960362911224 0.03125
0 0.6525000333786011 0.31687501072883606 0.027499962598085403 0.03125
