0 0.347900390625 0.502685546875 0.02685546875 0.03662109375
0 0.461669921875 0.4658203125 0.01513671875 0.0224609375
0 0.55712890625 0.453857421875 0.01171875 0.01708984375
0 0.867919921875 0.558837890625 0.03955078125 0.05712890625
0 0.7509765625 0.489013671875 0.0205078125 0.02880859375
0 0.646728515625 0.45068359375 0.01025390625 0.0146484375
0 0.9111328125 0.479736328125 0.0166015625 0.02197265625
0 0.788818359375 0.452880859375 0.00927734375 0.01513671875
0 0.966796875 0.45751953125 0.0107421875 0.0146484375
0 0.103271484375 0.46240234375 0.00732421875 0.0126953125
