0 0.04312499985098839 0.5218750238418579 0.08624999970197678 0.11374998092651367
0 0.7574999928474426 0.5131250619888306 0.03250002861022949 0.04874997213482857
0 0.8118749856948853 0.5112500190734863 0.028749991208314896 0.04250001907348633
0 0.359375 0.5162500143051147 0.06875000149011612 0.07750000804662704
0 0.609375 0.512499988079071 0.046250008046627045 0.059999991208314896
0 0.6831250190734863 0.5012499690055847 0.013749981299042702 0.022499989718198776
0 0.27000001072883606 0.48750001192092896 0.0175000187009573 0.022499989718198776
0 0.5081250071525574 0.49687498807907104 0.011250019073486328 0.016249990090727806
0 0.1706250011920929 0.48249998688697815 0.011250006966292858 0.020000029355287552
0 0.45875000953674316 0.4931250214576721 0.012500000186264515 0.021249961107969284
0 0.23500001430511475 0.484375 0.012500000186264515 0.016249990090727806
0 0.31187501549720764 0.4881250262260437 0.013750004582107067 0.016249990090727806
0 0.5412500500679016 0.4962500035762787 0.009999990463256836 0.019999980926513672
0 0.6450000405311584 0.5012499690055847 0.012500000186264515 0.017499972134828568
0 0.5693750381469727 0.5 0.011249971576035023 0.015000009909272194
0 0.7175000309944153 0.5049999952316284 0.015000009909272194 0.019999980926513672
0 0.9925000071525574 0.5175000429153442 0.012500000186264515 0.022499989718198776
0 0.44749999046325684 0.4937500059604645 0.012500000186264515 0.015000009909272194
0 0.07000000029802322 0.4793749749660492 0.012500000186264515 0.021250009536743164
0 0.8774999380111694 0.5112500190734863 0.0150000574067235 0.03249998018145561
0 0.8587499856948853 0.5118750333786011 0.0150000574067235 0.033749960362911224
0 0.14750000834465027 0.48249998688697815 0.015000009909272194 0.017499972134828568
0 0.7943750619888306 0.5074999928474426 0.011249971576035023 0.020000029355287552
0 0.7731249928474426 0.5049999952316284 0.013750028796494007 0.02500000037252903
0 0.05250000208616257 0.4781250059604645 0.012500002980232239 0.016249990090727806
