0 0.36445313692092896 0.522656261920929 0.02109375037252903 0.03281249850988388
0 0.19804687798023224 0.612109363079071 0.06328125298023224 0.07890625298023224
0 0.3003906309604645 0.530078113079071 0.02578124962747097 0.03515625
0 0.729296863079071 0.538281261920929 0.02734375 0.05000000074505806
0 0.3128906190395355 0.505078136920929 0.03046875074505806 0.07265625149011612
0 0.6187499761581421 0.5078125 0.02187499962747097 0.03125
0 0.412109375 0.49492186307907104 0.01015624962747097 0.01796874962747097
0 0.4320312440395355 0.48164063692092896 0.0078125 0.01171875
0 0.5628906488418579 0.4886718690395355 0.01171875 0.01640624925494194
0 0.532031238079071 0.4769531190395355 0.0078125 0.01171875
0 0.40156251192092896 0.47265625 0.00937500037252903 0.01406249962747097
0 0.37812501192092896 0.47539061307907104 0.0078125 0.01171875
0 0.24101562798023224 0.506640613079071 0.02734375 0.06640625
