0 0.8918750882148743 0.5193749666213989 0.08375005424022675 0.06875000149011612
0 0.14687499403953552 0.5368750095367432 0.06625000387430191 0.0662500411272049
0 0.6756250262260437 0.4481249749660492 0.026250028982758522 0.03624997287988663
0 0.38062500953674316 0.4425000250339508 0.021250009536743164 0.030000019818544388
0 0.6487500071525574 0.4181250035762787 0.0175000187009573 0.026249980553984642
0 0.25062498450279236 0.45500001311302185 0.023749995976686478 0.03750000149011612
0 0.42875003814697266 0.42249998450279236 0.017499972134828568 0.02500000037252903
0 0.45375004410743713 0.4099999964237213 0.015000009909272194 0.022500013932585716
0 0.5993750095367432 0.40187501907348633 0.013749981299042702 0.02375001832842827
0 0.5562499761581421 0.3956249952316284 0.012500000186264515 0.016249990090727806
0 0.8199999928474426 0.40687504410743713 0.02500000037252903 0.021250009536743164
0 0.7306250333786011 0.3931249976158142 0.01875000074505806 0.01875000074505806
0 0.38749998807907104 0.3687500059604645 0.012500000186264515 0.022499989718198776
0 0.40437501668930054 0.3668749928474426 0.013750004582107067 0.021250009536743164
0 0.5850000381469727 0.3812499940395355 0.00750002870336175 0.012500000186264515
0 0.4831250309944153 0.390625 0.011250019073486328 0.016249990090727806
0 0.3199999928474426 0.37562498450279236 0.0175000187009573 0.023749995976686478
