0 0.673125 0.273438 0.016250 0.065625
0 0.424375 0.318750 0.018750 0.075000
0 0.713750 0.318750 0.025000 0.081250
0 0.633750 0.248438 0.010000 0.046875
0 0.556875 0.256250 0.011250 0.050000
1 0.532500 0.171875 0.010000 0.037500
0 0.737500 0.362500 0.030000 0.100000
1 0.902500 0.893750 0.115000 0.193750
0 0.346875 0.434375 0.036250 0.125000
0 0.291250 0.343750 0.027500 0.087500
1 0.527500 0.271875 0.012500 0.056250
1 0.770625 0.517188 0.051250 0.146875
1 0.945000 0.181250 0.030000 0.100000
1 0.499375 0.282813 0.013750 0.065625
0 0.585000 0.235937 0.010000 0.040625
1 0.659375 0.264062 0.011250 0.046875
