0 0.244688 0.441484 0.008750 0.018281
1 0.076641 0.917031 0.135781 0.163438
0 0.136641 0.429063 0.004844 0.009063
0 0.307891 0.450156 0.015156 0.017500
1 0.212812 0.571016 0.046875 0.057344
1 0.108906 0.480078 0.015625 0.027969
0 0.119609 0.427656 0.004844 0.007812
1 0.161406 0.526250 0.028750 0.048750
1 0.076328 0.445312 0.008281 0.015625
0 0.451406 0.468047 0.019062 0.035156
0 0.150703 0.430312 0.006406 0.007812
0 0.715625 0.508203 0.028750 0.050156
1 0.094453 0.462578 0.009219 0.018906
1 0.070000 0.440781 0.005312 0.009063
1 0.088828 0.455078 0.010781 0.011719
0 0.196641 0.435625 0.006406 0.015625
0 0.126484 0.428125 0.004844 0.008437
0 0.173437 0.433594 0.006875 0.014375
