1 0.910156 0.422969 0.018750 0.043125
1 0.881250 0.625000 0.043750 0.119375
1 0.370703 0.508984 0.019531 0.051406
2 0.455859 0.447891 0.011719 0.029219
1 0.923828 0.467344 0.021094 0.056875
1 0.578906 0.458281 0.015625 0.044375
1 0.164844 0.956250 0.056250 0.084688
1 0.053906 0.611172 0.020313 0.061094
1 0.383984 0.461797 0.013281 0.026406
1 0.992188 0.440312 0.014063 0.050000
2 0.349531 0.548594 0.026875 0.069687
2 0.646875 0.479609 0.029063 0.063281
1 0.561328 0.440937 0.013281 0.037500
1 0.744141 0.530547 0.035156 0.083281
1 0.316406 0.652734 0.037500 0.113906
1 0.381641 0.478437 0.014844 0.037500
2 0.842344 0.445703 0.020000 0.050156
