1 0.297500 0.339062 0.012500 0.034375
0 0.518750 0.307812 0.010000 0.040625
1 0.461875 0.343750 0.013750 0.050000
1 0.451250 0.378125 0.015000 0.062500
0 0.161875 0.756250 0.093750 0.162500
0 0.462500 0.457813 0.027500 0.090625
1 0.550000 0.276562 0.010000 0.028125
0 0.858750 0.389062 0.060000 0.096875
0 0.346875 0.362500 0.021250 0.031250
2 0.683750 0.278125 0.022500 0.068750
1 0.615625 0.310937 0.016250 0.034375
0 0.142500 0.471875 0.042500 0.087500
1 0.643750 0.354687 0.020000 0.059375
0 0.440625 0.331250 0.011250 0.037500
1 0.706875 0.473438 0.036250 0.109375
2 0.251250 0.487500 0.042500 0.075000
0 0.343750 0.748437 0.055000 0.215625
0 0.551250 0.314063 0.010000 0.040625
0 0.668750 0.331250 0.015000 0.056250
0 0.586875 0.325000 0.013750 0.050000
1 0.722500 0.289062 0.020000 0.078125
0 0.778750 0.307812 0.032500 0.103125
1 0.495625 0.300000 0.011250 0.031250
