2 0.172891 0.658828 0.045781 0.132344
2 0.544453 0.362891 0.016094 0.037031
2 0.801094 0.346250 0.012500 0.025937
2 0.318516 0.531953 0.040156 0.089844
2 0.781484 0.329219 0.009844 0.023125
2 0.289141 0.424609 0.019844 0.043594
2 0.900547 0.352813 0.010469 0.027812
2 0.986172 0.398672 0.015156 0.039844
2 0.799219 0.527344 0.039062 0.099062
2 0.333359 0.449062 0.029219 0.055625
2 0.242266 0.409766 0.016719 0.034219
2 0.141641 0.395000 0.011406 0.030625
2 0.130703 0.361562 0.008281 0.019375
2 0.228672 0.354687 0.010469 0.022187
2 0.060859 0.399531 0.008281 0.026875
2 0.843828 0.342031 0.010469 0.021250
2 0.028672 0.382422 0.007344 0.016719
2 0.677266 0.396797 0.019219 0.041719
2 0.363984 0.340781 0.011406 0.025937
