0 0.557422 0.450234 0.015156 0.027969
0 0.076328 0.428750 0.008281 0.013750
0 0.137422 0.424219 0.007344 0.013750
0 0.389922 0.415469 0.006406 0.014375
0 0.380781 0.464531 0.016562 0.033125
0 0.313594 0.414609 0.005937 0.012969
0 0.475625 0.418594 0.008750 0.016875
0 0.530234 0.425703 0.010781 0.019531
0 0.617031 0.519844 0.034687 0.061875
0 0.160859 0.429375 0.007344 0.015000
0 0.255781 0.426406 0.008750 0.016875
0 0.047188 0.475000 0.019062 0.031875
0 0.319844 0.428984 0.009688 0.019531
0 0.213438 0.620391 0.053750 0.096406
0 0.020547 0.440312 0.011719 0.017500
0 0.197109 0.420234 0.006406 0.012344
0 0.365703 0.441094 0.012656 0.024062
