1 0.308750 0.296875 0.015000 0.031250
1 0.446875 0.337500 0.013750 0.043750
0 0.337500 0.287500 0.010000 0.031250
0 0.280625 0.453125 0.031250 0.100000
0 0.475625 0.356250 0.018750 0.062500
2 0.334375 0.371875 0.021250 0.068750
1 0.360000 0.281250 0.007500 0.031250
1 0.546875 0.415625 0.023750 0.081250
0 0.303125 0.351562 0.016250 0.053125
0 0.218750 0.650000 0.052500 0.175000
1 0.292500 0.334375 0.012500 0.050000
0 0.646875 0.543750 0.043750 0.137500
0 0.261875 0.315625 0.013750 0.043750
0 0.436875 0.298438 0.011250 0.028125
0 0.358125 0.314063 0.013750 0.040625
