1 0.378906 0.442109 0.005938 0.011719
0 0.418906 0.435547 0.005938 0.011719
1 0.093203 0.492812 0.012656 0.024688
0 0.496563 0.445312 0.008750 0.015625
0 0.116250 0.470703 0.013750 0.027344
0 0.679609 0.533203 0.027344 0.050781
0 0.484844 0.438828 0.006875 0.012969
0 0.468281 0.435547 0.006875 0.011719
0 0.244688 0.446563 0.008750 0.015625
1 0.350156 0.498125 0.014688 0.030000
1 0.369609 0.475312 0.010781 0.023438
0 0.198281 0.452422 0.009688 0.019531
1 0.354531 0.445391 0.005938 0.010469
1 0.385781 0.445937 0.005938 0.016875
0 0.339375 0.436797 0.006875 0.011719
1 0.389688 0.449922 0.005938 0.011719
0 0.608828 0.493516 0.020469 0.033906
1 0.258359 0.553984 0.026406 0.050781
1 0.221172 0.467500 0.010781 0.023438
0 0.524922 0.459609 0.010781 0.020781
1 0.390156 0.459062 0.008750 0.014375
1 0.301719 0.452500 0.009687 0.016875
