2 0.287734 0.340234 0.008906 0.015781
2 0.194219 0.350547 0.006250 0.015781
2 0.200547 0.339922 0.008281 0.018594
2 0.442500 0.318906 0.010937 0.023125
2 0.584922 0.390391 0.017656 0.043594
2 0.378203 0.363828 0.013594 0.031406
2 0.538047 0.351328 0.011406 0.034219
2 0.111172 0.363516 0.005781 0.015781
2 0.476641 0.325000 0.010469 0.025938
2 0.503125 0.333750 0.009375 0.021250
2 0.737734 0.532422 0.043281 0.090781
2 0.256016 0.599062 0.053594 0.124063
2 0.355391 0.413906 0.019219 0.046250
2 0.385234 0.341719 0.015156 0.025937
2 0.327656 0.335234 0.009375 0.018594
2 0.390078 0.317500 0.008281 0.022188
2 0.360234 0.333359 0.008906 0.018594
