1 0.691016 0.477734 0.016406 0.038906
1 0.712500 0.402734 0.007812 0.013906
1 0.804297 0.543672 0.025781 0.073594
1 0.441406 0.415234 0.007812 0.013906
2 0.416406 0.413203 0.007812 0.026406
2 0.569922 0.410391 0.010156 0.029219
2 0.542578 0.413203 0.010156 0.029219
1 0.692969 0.419375 0.007812 0.019375
1 0.635938 0.405547 0.007812 0.013906
1 0.681250 0.427109 0.007812 0.020781
1 0.327734 0.532578 0.017969 0.048594
1 0.404687 0.441016 0.007812 0.020781
1 0.378906 0.467344 0.014063 0.037500
1 0.670703 0.444453 0.013281 0.036094
1 0.432812 0.422266 0.007812 0.013906
1 0.026953 0.896562 0.053906 0.190313
2 0.393359 0.423594 0.008594 0.022187
1 0.598437 0.415937 0.007812 0.018125
