1 0.448125 0.390625 0.026250 0.093750
1 0.046875 0.434375 0.021250 0.075000
1 0.128750 0.450000 0.022500 0.112500
1 0.923750 0.421875 0.045000 0.187500
1 0.239375 0.453125 0.021250 0.093750
1 0.840625 0.804688 0.056250 0.215625
0 0.720625 0.378125 0.028750 0.100000
2 0.849375 0.392188 0.046250 0.165625
0 0.207500 0.790625 0.057500 0.231250
1 0.141875 0.571875 0.036250 0.131250
1 0.741875 0.607812 0.043750 0.159375
0 0.452500 0.507812 0.040000 0.134375
0 0.044375 0.537500 0.033750 0.118750
0 0.032500 0.371875 0.017500 0.056250
0 0.331875 0.473438 0.028750 0.115625
0 0.578125 0.532813 0.033750 0.134375
0 0.830000 0.556250 0.040000 0.162500
0 0.618750 0.390625 0.040000 0.075000
1 0.125625 0.650000 0.053750 0.175000
