0 0.538750 0.515156 0.050000 0.108125
0 0.183125 0.482266 0.018750 0.038906
1 0.852500 0.516875 0.027500 0.050625
0 0.413125 0.539687 0.098750 0.174063
0 0.051875 0.476328 0.021250 0.040469
0 0.286875 0.483906 0.021250 0.042188
0 0.631875 0.505078 0.023750 0.064219
1 0.150000 0.479687 0.017500 0.033750
1 0.340000 0.487266 0.015000 0.032031
0 0.491250 0.493203 0.020000 0.043906
1 0.240000 0.483984 0.015000 0.032031
0 0.609375 0.507578 0.033750 0.072656
1 0.581875 0.496562 0.013750 0.037188
1 0.916250 0.523672 0.037500 0.064219
1 0.065000 0.476328 0.010000 0.030469
1 0.749375 0.508359 0.021250 0.040469
