1 0.588281 0.455547 0.012500 0.033281
1 0.478906 0.440312 0.007812 0.019375
1 0.425391 0.506328 0.016406 0.051406
1 0.686328 0.534766 0.021094 0.061094
2 0.384375 0.489531 0.028125 0.106875
2 0.429688 0.426406 0.007812 0.030625
1 0.929688 0.527031 0.020313 0.059687
1 0.053906 0.927188 0.078125 0.143125
1 0.878906 0.456250 0.012500 0.031875
2 0.773438 0.493750 0.034375 0.134688
2 0.857031 0.495937 0.035937 0.130625
1 0.621094 0.492266 0.015625 0.045781
1 0.948438 0.424375 0.007812 0.018125
1 0.567187 0.434688 0.009375 0.019375
2 0.326562 0.513906 0.028125 0.069375
2 0.451953 0.424297 0.010156 0.029219
1 0.983984 0.441016 0.008594 0.026406
1 0.459766 0.461719 0.010156 0.034688
0 0.376172 0.519375 0.016406 0.047187
1 0.329297 0.608437 0.027344 0.080625
