1 0.623125 0.278125 0.008750 0.037500
1 0.485625 0.339062 0.011250 0.040625
1 0.665625 0.515625 0.033750 0.125000
0 0.625000 0.353125 0.012500 0.056250
0 0.472500 0.365625 0.015000 0.062500
0 0.491250 0.395313 0.017500 0.071875
1 0.716875 0.226562 0.023750 0.084375
1 0.634375 0.317188 0.013750 0.040625
1 0.501250 0.309375 0.010000 0.031250
1 0.251875 0.468750 0.033750 0.075000
1 0.638125 0.373437 0.016250 0.065625
1 0.568125 0.278125 0.008750 0.025000
1 0.096875 0.729688 0.076250 0.190625
0 0.390000 0.356250 0.015000 0.031250
0 0.508750 0.321875 0.010000 0.043750
1 0.327500 0.392188 0.025000 0.046875
1 0.745625 0.229687 0.031250 0.115625
0 0.460000 0.459375 0.025000 0.100000
