0 0.560937 0.413438 0.009688 0.016875
0 0.652656 0.419609 0.010313 0.018906
0 0.747344 0.430391 0.010313 0.018281
1 0.446875 0.427812 0.013750 0.022187
1 0.421641 0.450234 0.016094 0.027969
1 0.831328 0.420469 0.009219 0.016875
0 0.713594 0.509375 0.028750 0.055312
0 0.849141 0.437109 0.010781 0.020156
1 0.358359 0.514609 0.026406 0.059219
0 0.577109 0.427734 0.012656 0.020781
0 0.613516 0.411719 0.009219 0.015000
1 0.873437 0.420937 0.008750 0.015000
1 0.139375 0.747344 0.096250 0.148437
0 0.970938 0.437109 0.010313 0.018906
0 0.614297 0.450781 0.019531 0.030625
