0 0.663750 0.210938 0.017500 0.071875
0 0.853750 0.193750 0.012500 0.062500
1 0.298750 0.364063 0.040000 0.146875
1 0.558750 0.225000 0.020000 0.081250
0 0.753125 0.354687 0.036250 0.128125
0 0.283125 0.496875 0.056250 0.193750
1 0.731875 0.248438 0.023750 0.090625
0 0.727500 0.167187 0.015000 0.046875
0 0.785625 0.615625 0.071250 0.237500
0 0.648750 0.129688 0.015000 0.059375
1 0.853750 0.067187 0.045000 0.078125
1 0.756875 0.162500 0.011250 0.050000
0 0.115000 0.731250 0.095000 0.293750
0 0.850625 0.281250 0.036250 0.106250
0 0.812500 0.156250 0.025000 0.106250
1 0.700000 0.195312 0.017500 0.065625
0 0.705625 0.034375 0.013750 0.056250
0 0.763125 0.265625 0.028750 0.100000
0 0.983125 0.773438 0.028750 0.353125
1 0.529375 0.278125 0.026250 0.100000
0 0.913125 0.392188 0.046250 0.171875
0 0.480625 0.309375 0.033750 0.131250
1 0.745000 0.142187 0.012500 0.040625
1 0.454375 0.234375 0.021250 0.087500
1 0.775000 0.126562 0.007500 0.040625
