1 0.367500 0.387500 0.027500 0.093750
1 0.338125 0.203125 0.016250 0.043750
0 0.566875 0.356250 0.026250 0.087500
0 0.086250 0.753125 0.087500 0.231250
1 0.746250 0.298438 0.025000 0.040625
1 0.454375 0.295312 0.013750 0.059375
1 0.575000 0.223438 0.012500 0.040625
0 0.520625 0.240625 0.011250 0.037500
0 0.793125 0.212500 0.016250 0.037500
0 0.301250 0.484375 0.040000 0.125000
0 0.557500 0.298438 0.015000 0.059375
1 0.618750 0.262500 0.012500 0.050000
0 0.551875 0.246875 0.011250 0.043750
0 0.268750 0.200000 0.020000 0.075000
0 0.141250 0.223438 0.040000 0.121875
0 0.668125 0.448437 0.038750 0.134375
