0 0.676250 0.251563 0.007500 0.040625
0 0.605000 0.964063 0.065000 0.065625
0 0.768125 0.329688 0.018750 0.071875
0 0.548125 0.281250 0.008750 0.037500
1 0.687500 0.295312 0.010000 0.040625
0 0.835000 0.376563 0.035000 0.090625
1 0.321250 0.417187 0.030000 0.096875
0 0.050000 0.179688 0.032500 0.115625
1 0.160000 0.689063 0.085000 0.221875
0 0.645000 0.265625 0.010000 0.037500
0 0.905625 0.490625 0.046250 0.137500
0 0.653125 0.382812 0.031250 0.078125
2 0.748125 0.501563 0.041250 0.134375
1 0.671875 0.320312 0.016250 0.053125
0 0.602500 0.248438 0.007500 0.028125
1 0.468750 0.307812 0.010000 0.046875
0 0.631250 0.232813 0.007500 0.028125
0 0.588750 0.246875 0.007500 0.031250
2 0.375625 0.354687 0.021250 0.071875
1 0.551250 0.268750 0.007500 0.031250
0 0.260625 0.376563 0.026250 0.084375
