1 0.883750 0.389062 0.027500 0.078125
0 0.716875 0.573438 0.046250 0.159375
0 0.396250 0.434375 0.032500 0.106250
1 0.668125 0.304688 0.011250 0.040625
1 0.767500 0.421875 0.030000 0.093750
0 0.583750 0.345313 0.017500 0.059375
0 0.718750 0.462500 0.035000 0.100000
2 0.602500 0.279687 0.010000 0.034375
1 0.791875 0.317188 0.011250 0.040625
0 0.691875 0.318750 0.011250 0.043750
0 0.766250 0.301563 0.017500 0.046875
0 0.850000 0.928125 0.065000 0.137500
0 0.648125 0.337500 0.013750 0.056250
0 0.485625 0.370312 0.026250 0.084375
1 0.622500 0.285938 0.010000 0.034375
1 0.060000 0.835938 0.077500 0.253125
0 0.839375 0.390625 0.031250 0.106250
1 0.347500 0.190625 0.027500 0.100000
2 0.736875 0.301563 0.013750 0.040625
0 0.556250 0.318750 0.012500 0.043750
