0 0.178750 0.422891 0.006875 0.011094
2 0.361328 0.398516 0.004844 0.010469
0 0.018984 0.444688 0.012656 0.016875
0 0.116484 0.431250 0.008281 0.015000
1 0.195547 0.429141 0.006406 0.010469
1 0.248750 0.419531 0.005313 0.009688
1 0.005156 0.461562 0.010312 0.022187
2 0.320234 0.400078 0.004844 0.011094
2 0.693672 0.420547 0.007344 0.018281
1 0.277734 0.414062 0.004844 0.007812
1 0.109141 0.444375 0.014219 0.017500
0 0.213906 0.417578 0.007812 0.011094
2 0.358359 0.398828 0.004844 0.011094
2 0.324141 0.398828 0.004844 0.011094
0 0.255859 0.411406 0.004844 0.007812
