0 0.268125 0.395313 0.011250 0.020313
1 0.120859 0.411531 0.011562 0.017344
1 0.053125 0.407891 0.008750 0.018594
1 0.374375 0.429844 0.021250 0.042188
1 0.185625 0.408047 0.011250 0.022031
1 0.249375 0.407969 0.013750 0.025312
0 0.213750 0.397734 0.010000 0.018594
0 0.633750 0.421406 0.025000 0.042188
0 0.336250 0.397891 0.010000 0.022031
0 0.750625 0.475469 0.033750 0.065937
0 0.128750 0.397734 0.010000 0.015156
0 0.409375 0.400234 0.013750 0.023594
0 0.521250 0.403672 0.015000 0.027031
1 0.310625 0.412266 0.016250 0.030469
1 0.212500 0.559062 0.047500 0.087812
