0 0.643828 0.457031 0.017031 0.030000
1 0.078125 0.433203 0.007812 0.012344
1 0.267109 0.409141 0.004844 0.011094
0 0.828047 0.501016 0.027344 0.051406
0 0.373047 0.402656 0.004844 0.009688
0 0.278984 0.412422 0.007344 0.011094
2 0.306641 0.397031 0.004844 0.009063
0 0.464297 0.395234 0.004844 0.010469
1 0.452109 0.391250 0.004844 0.007812
0 0.297344 0.435625 0.014688 0.022187
0 0.393125 0.436094 0.013750 0.024688
0 0.502500 0.438516 0.013750 0.026719
1 0.266875 0.511719 0.026875 0.048125
1 0.087813 0.670625 0.071250 0.108125
1 0.021172 0.441094 0.009219 0.016250
1 0.194062 0.479453 0.019063 0.034531
1 0.167500 0.421484 0.006875 0.012344
0 0.215547 0.423281 0.009219 0.014375
0 0.186719 0.438516 0.012188 0.018906
1 0.065703 0.471016 0.017031 0.027969
0 0.151562 0.434844 0.011250 0.016875
