0 0.344531 0.530547 0.007812 0.013906
0 0.209375 0.572891 0.007812 0.020781
0 0.319141 0.590313 0.016406 0.050000
0 0.258594 0.544453 0.007812 0.013906
0 0.567969 0.529844 0.012500 0.040313
0 0.078906 0.572266 0.007812 0.013906
0 0.319531 0.530547 0.007812 0.013906
0 0.450000 0.536094 0.012500 0.027813
0 0.719531 0.532578 0.021875 0.070781
0 0.215625 0.560469 0.007812 0.015313
0 0.267188 0.541641 0.007812 0.013906
0 0.270313 0.573594 0.012500 0.030625
0 0.106250 0.565234 0.007812 0.013906
0 0.328125 0.545859 0.007812 0.016719
