0 0.596953 0.413125 0.007344 0.013750
1 0.234297 0.491875 0.020469 0.038438
1 0.474922 0.414062 0.006406 0.014375
1 0.237969 0.455156 0.013125 0.023438
1 0.581328 0.406953 0.006406 0.011719
0 0.967812 0.410156 0.007812 0.014375
0 0.430703 0.431719 0.011719 0.022187
0 0.839609 0.410781 0.006406 0.015625
1 0.324453 0.427344 0.009219 0.017500
1 0.710859 0.403047 0.004844 0.011719
0 0.452344 0.444688 0.013125 0.024688
0 0.717812 0.411094 0.005938 0.015000
1 0.271406 0.438203 0.007812 0.018281
1 0.382109 0.420000 0.007344 0.014375
0 0.521719 0.420937 0.010312 0.017500
1 0.901875 0.403359 0.006875 0.012344
1 0.250312 0.592031 0.051250 0.080000
1 0.823984 0.403047 0.006406 0.011719
0 0.762969 0.474609 0.020937 0.044219
0 0.586016 0.462266 0.018594 0.035156
