0 0.922578 0.413750 0.009219 0.016250
0 0.468750 0.416719 0.007812 0.014375
0 0.064141 0.863906 0.117656 0.204375
0 0.329844 0.550703 0.033750 0.067656
0 0.549297 0.405312 0.004844 0.008438
0 0.846719 0.405547 0.007812 0.012969
0 0.778047 0.408203 0.006406 0.011719
0 0.477109 0.411172 0.004844 0.012344
0 0.480859 0.407266 0.004844 0.011094
0 0.686953 0.404531 0.004844 0.009687
0 0.582422 0.406953 0.004844 0.010469
0 0.876250 0.455469 0.019062 0.029375
0 0.676719 0.483750 0.022500 0.045625
0 0.568672 0.412109 0.006406 0.012969
0 0.421641 0.465547 0.016094 0.033906
0 0.758594 0.418281 0.010313 0.016250
0 0.456797 0.426797 0.009219 0.018906
0 0.891094 0.408594 0.007812 0.013750
0 0.609062 0.435156 0.012188 0.022813
