1 0.443594 0.440156 0.011250 0.022187
0 0.926250 0.524141 0.025312 0.050781
0 0.578828 0.439063 0.015156 0.025313
0 0.339609 0.424141 0.008281 0.018906
1 0.936250 0.477500 0.028750 0.031875
1 0.724687 0.438516 0.013750 0.018906
1 0.798828 0.449844 0.010781 0.023438
1 0.312812 0.428281 0.010312 0.016875
0 0.542656 0.430937 0.012188 0.016875
0 0.628828 0.458594 0.020469 0.033125
0 0.517031 0.425469 0.007812 0.017500
0 0.671641 0.445937 0.017031 0.030000
0 0.741172 0.516563 0.034219 0.039688
1 0.385156 0.508125 0.025312 0.047500
0 0.753750 0.470078 0.018125 0.035156
1 0.428516 0.454531 0.022031 0.030000
