2 0.458359 0.380078 0.016719 0.043594
2 0.793828 0.365781 0.010469 0.025937
2 0.774922 0.342500 0.008281 0.022188
2 0.777031 0.442109 0.028125 0.032344
2 0.643047 0.342656 0.008906 0.029687
2 0.705703 0.425000 0.026094 0.029687
2 0.668672 0.311953 0.005156 0.011094
2 0.652422 0.341719 0.008906 0.022188
2 0.683828 0.321797 0.005156 0.017656
2 0.660391 0.411094 0.017656 0.050000
2 0.139375 0.776406 0.076563 0.180625
2 0.836641 0.452734 0.028594 0.040781
2 0.553359 0.349453 0.012969 0.032344
2 0.672891 0.326953 0.005156 0.016719
2 0.759922 0.326797 0.005156 0.009219
