0 0.138750 0.362500 0.047500 0.150000
0 0.733125 0.570312 0.073750 0.228125
1 0.126250 0.159375 0.017500 0.056250
1 0.835625 0.320312 0.043750 0.096875
0 0.605625 0.398438 0.051250 0.159375
2 0.429375 0.101562 0.021250 0.046875
1 0.541875 0.332813 0.038750 0.128125
0 0.162500 0.278125 0.027500 0.118750
0 0.368750 0.207813 0.022500 0.090625
1 0.712500 0.278125 0.047500 0.075000
0 0.278750 0.167187 0.020000 0.065625
0 0.256250 0.037500 0.012500 0.050000
0 0.152500 0.196875 0.017500 0.068750
0 0.190000 0.471875 0.047500 0.181250
0 0.258750 0.334375 0.040000 0.131250
1 0.435000 0.256250 0.027500 0.100000
0 0.190625 0.232813 0.028750 0.096875
