0 0.109844 0.422813 0.008750 0.016250
0 0.246172 0.443984 0.010781 0.020781
0 0.251641 0.441797 0.009219 0.018906
0 0.627188 0.496484 0.026875 0.050156
0 0.398438 0.491484 0.024375 0.044219
0 0.166797 0.413984 0.007344 0.012969
0 0.530703 0.393125 0.004844 0.009063
0 0.460938 0.417031 0.008750 0.015000
0 0.469688 0.402891 0.006875 0.012969
0 0.100391 0.428125 0.007344 0.015000
0 0.420234 0.393516 0.006406 0.012344
0 0.045625 0.451562 0.011250 0.021562
0 0.453125 0.398047 0.005937 0.012344
0 0.544141 0.411406 0.007344 0.015625
0 0.221484 0.426094 0.008281 0.016250
0 0.328125 0.406563 0.006875 0.013750
0 0.576250 0.446875 0.015625 0.030625
