1 0.473750 0.250000 0.010000 0.031250
0 0.371250 0.404687 0.027500 0.096875
0 0.320000 0.340625 0.020000 0.068750
1 0.520625 0.304688 0.013750 0.059375
2 0.453125 0.273438 0.013750 0.046875
0 0.293125 0.271875 0.013750 0.050000
0 0.251875 0.264062 0.011250 0.034375
1 0.375625 0.250000 0.008750 0.031250
1 0.625625 0.385937 0.031250 0.059375
2 0.935625 0.293750 0.028750 0.050000
1 0.921250 0.295312 0.020000 0.059375
1 0.338750 0.240625 0.007500 0.025000
0 0.534375 0.271875 0.016250 0.037500
0 0.206875 0.601562 0.058750 0.171875
1 0.391875 0.262500 0.011250 0.037500
1 0.837500 0.832812 0.100000 0.265625
1 0.032500 0.407813 0.030000 0.059375
0 0.278750 0.301563 0.017500 0.053125
