1 0.401250 0.498672 0.017500 0.033906
1 0.120156 0.481797 0.009688 0.020781
1 0.412656 0.463516 0.006875 0.012969
0 0.223125 0.456953 0.006875 0.012969
0 0.649922 0.514922 0.026406 0.042969
0 0.028281 0.483672 0.009687 0.019531
1 0.409687 0.454453 0.006875 0.012969
0 0.552266 0.466094 0.010781 0.023438
1 0.192812 0.472031 0.008750 0.016875
0 0.511719 0.446563 0.007812 0.015625
0 0.591406 0.484297 0.014687 0.028594
1 0.253906 0.461016 0.005938 0.010469
0 0.794453 0.619766 0.049844 0.083281
1 0.408125 0.474609 0.009687 0.019531
1 0.346719 0.538438 0.025312 0.045625
0 0.533125 0.453750 0.009687 0.016875
