0 0.355859 0.559062 0.024219 0.059687
0 0.337500 0.440234 0.007812 0.016719
0 0.982031 0.370859 0.014063 0.033281
0 0.672656 0.429766 0.015625 0.045781
0 0.101172 0.556328 0.010156 0.029219
0 0.527734 0.411094 0.008594 0.027813
0 0.819141 0.361797 0.011719 0.026406
0 0.992188 0.351406 0.009375 0.025000
0 0.249609 0.487500 0.010156 0.025000
0 0.305859 0.474297 0.010156 0.026406
0 0.350391 0.485469 0.013281 0.034687
0 0.414844 0.422187 0.007812 0.019375
0 0.660547 0.357656 0.007031 0.015313
0 0.702734 0.359687 0.007031 0.019375
0 0.882031 0.342969 0.007812 0.019375
0 0.199219 0.510391 0.009375 0.026406
