1 0.749375 0.516953 0.016250 0.030469
1 0.008750 0.478047 0.015000 0.030469
1 0.911250 0.532891 0.030000 0.055781
0 0.198125 0.488125 0.016250 0.033750
1 0.185625 0.486484 0.011250 0.027031
1 0.413125 0.494922 0.011250 0.040469
0 0.608750 0.515234 0.025000 0.064219
0 0.646250 0.514453 0.025000 0.055781
0 0.061875 0.480547 0.016250 0.032031
0 0.016250 0.592969 0.030000 0.087813
1 0.256875 0.492344 0.013750 0.028750
0 0.454375 0.497422 0.013750 0.032031
0 0.396250 0.527891 0.060000 0.106406
0 0.660000 0.511797 0.015000 0.047344
1 0.330000 0.495781 0.012500 0.025312
1 0.823750 0.522031 0.017500 0.037188
0 0.298750 0.492344 0.012500 0.028750
1 0.861250 0.526250 0.020000 0.045625
1 0.988047 0.543047 0.023594 0.086094
0 0.627500 0.508359 0.012500 0.040469
1 0.485000 0.501641 0.012500 0.027031
0 0.562500 0.520234 0.037500 0.077656
1 0.095000 0.483906 0.012500 0.028750
