0 0.844531 0.405312 0.005313 0.008438
0 0.707969 0.416953 0.007812 0.012344
0 0.706563 0.482734 0.021563 0.035781
1 0.650625 0.406953 0.005313 0.010469
1 0.443594 0.440078 0.010312 0.019531
0 0.662344 0.451719 0.013125 0.024688
1 0.713359 0.402969 0.004844 0.007812
1 0.404609 0.465469 0.015156 0.030000
0 0.805234 0.406563 0.004844 0.009687
0 0.768516 0.408750 0.004844 0.009063
1 0.594922 0.414453 0.007344 0.012344
0 0.670312 0.436875 0.008750 0.016875
0 0.691875 0.424531 0.007812 0.014375
1 0.521172 0.425781 0.008281 0.015625
0 0.738359 0.412656 0.005781 0.011250
