1 0.640625 0.547344 0.073750 0.145313
0 0.293750 0.476328 0.012500 0.023594
1 0.371250 0.495000 0.027500 0.057500
1 0.745625 0.500000 0.018750 0.033750
0 0.406250 0.488984 0.017500 0.038906
0 0.158750 0.485625 0.027500 0.049062
1 0.794375 0.500781 0.013750 0.025313
1 0.769375 0.499219 0.011250 0.028750
1 0.348125 0.507578 0.036250 0.072656
0 0.226250 0.474609 0.010000 0.023594
0 0.573125 0.488984 0.008750 0.022031
0 0.558125 0.488984 0.016250 0.032031
0 0.275625 0.485625 0.018750 0.042188
1 0.698750 0.500000 0.020000 0.037187
0 0.043750 0.487422 0.035000 0.055781
1 0.493125 0.527891 0.061250 0.109844
