0 0.513984 0.430703 0.007344 0.012344
1 0.256641 0.445312 0.008281 0.015625
1 0.708281 0.446953 0.010313 0.018906
0 0.242891 0.439219 0.007344 0.013750
0 0.539766 0.455312 0.014219 0.025312
0 0.545547 0.438828 0.009219 0.018281
0 0.339844 0.434688 0.006875 0.013750
0 0.131016 0.444375 0.008281 0.015000
0 0.633281 0.499609 0.023438 0.051406
0 0.489297 0.441797 0.010781 0.018906
0 0.964531 0.656484 0.059063 0.106094
0 0.474141 0.421328 0.004844 0.010469
1 0.642031 0.437500 0.009687 0.016875
0 0.819609 0.512031 0.022031 0.047500
1 0.331797 0.443359 0.009219 0.018281
0 0.398438 0.433906 0.007812 0.015000
1 0.815391 0.464141 0.011719 0.027344
0 0.594453 0.448594 0.014219 0.023438
1 0.068750 0.453828 0.009688 0.018281
0 0.022344 0.452187 0.009687 0.013750
1 0.142813 0.740000 0.083437 0.138750
0 0.455000 0.435547 0.008750 0.018281
1 0.356875 0.446250 0.007812 0.017500
1 0.204687 0.447187 0.006875 0.015625
1 0.331094 0.497422 0.022500 0.042969
0 0.491484 0.425156 0.008281 0.015625
1 0.359687 0.460938 0.010312 0.023438
0 0.667734 0.466406 0.015156 0.030625
1 0.592812 0.428437 0.006875 0.015625
