0 0.700781 0.415781 0.005937 0.013750
0 0.818437 0.412734 0.006875 0.012969
0 0.557109 0.443906 0.011719 0.024688
0 0.870781 0.447344 0.013125 0.022187
0 0.048594 0.731797 0.083437 0.137969
0 0.520469 0.463281 0.016562 0.030625
0 0.613047 0.409766 0.006406 0.012344
0 0.620547 0.405937 0.004844 0.009687
0 0.627422 0.403281 0.004844 0.008438
0 0.971094 0.649141 0.056563 0.096406
0 0.768281 0.488594 0.020937 0.038438
0 0.820156 0.535156 0.034688 0.062500
0 0.707734 0.428281 0.009219 0.016875
0 0.575625 0.431328 0.008750 0.020156
0 0.597891 0.419219 0.008281 0.015625
0 0.844531 0.425781 0.010312 0.016875
