2 0.233984 0.482031 0.014844 0.030625
2 0.060547 0.561875 0.014844 0.037500
1 0.781250 0.398516 0.014063 0.033281
1 0.078125 0.529922 0.007812 0.026406
1 0.020703 0.627734 0.021094 0.063906
1 0.737500 0.395078 0.012500 0.026406
1 0.082812 0.520781 0.007812 0.022187
1 0.414844 0.443125 0.012500 0.030625
2 0.445312 0.415937 0.007812 0.018125
1 0.950781 0.463906 0.020313 0.055625
2 0.976953 0.445781 0.041406 0.125000
1 0.054297 0.584063 0.019531 0.043125
1 0.473438 0.414609 0.007812 0.020781
1 0.567187 0.395156 0.007812 0.018125
2 0.352734 0.441719 0.010156 0.022187
0 0.831250 0.408359 0.012500 0.036094
1 0.069531 0.545234 0.012500 0.029219
1 0.610156 0.392266 0.007812 0.020781
1 0.529687 0.399375 0.007812 0.015313
1 0.281250 0.495156 0.015625 0.037500
1 0.509766 0.411797 0.008594 0.023594
1 0.662109 0.392422 0.008594 0.023594
1 0.384375 0.440312 0.007812 0.025000
1 0.908984 0.435391 0.016406 0.045781
1 0.086719 0.513906 0.007812 0.019375
1 0.255078 0.485469 0.011719 0.034687
