0 0.762422 0.412188 0.008281 0.015625
0 0.832500 0.495156 0.031250 0.047500
1 0.216328 0.500703 0.018594 0.041719
0 0.453672 0.432344 0.010781 0.023438
1 0.754141 0.403672 0.007344 0.011719
1 0.504844 0.411484 0.006875 0.012969
1 0.345391 0.425781 0.008281 0.015625
1 0.407422 0.418594 0.008281 0.014375
1 0.244609 0.457422 0.011719 0.026719
0 0.622500 0.473984 0.017500 0.042969
1 0.165469 0.665391 0.063438 0.106719
0 0.552656 0.421172 0.009687 0.019531
0 0.897344 0.413125 0.009687 0.016250
1 0.877969 0.402969 0.007812 0.014375
0 0.474609 0.446875 0.019531 0.033125
0 0.633750 0.413750 0.008750 0.015000
1 0.617188 0.405859 0.006875 0.011094
1 0.288281 0.436953 0.011250 0.018281
