1 0.458750 0.309375 0.017500 0.056250
0 0.045000 0.251563 0.060000 0.184375
0 0.541875 0.245312 0.011250 0.046875
1 0.189375 0.810937 0.098750 0.253125
1 0.445000 0.271875 0.010000 0.050000
1 0.366875 0.198437 0.023750 0.090625
1 0.203750 0.204687 0.045000 0.153125
1 0.847500 0.275000 0.032500 0.050000
0 0.678750 0.443750 0.042500 0.137500
0 0.779375 0.823438 0.101250 0.296875
0 0.634375 0.276562 0.018750 0.059375
1 0.766875 0.318750 0.028750 0.075000
1 0.480000 0.373437 0.025000 0.090625
1 0.668750 0.246875 0.015000 0.037500
0 0.586250 0.257812 0.012500 0.046875
