0 0.714375 0.510938 0.048750 0.134375
0 0.735000 0.364063 0.027500 0.071875
0 0.685000 0.393750 0.022500 0.087500
1 0.873125 0.354687 0.021250 0.065625
0 0.739375 0.282813 0.008750 0.040625
0 0.832500 0.303125 0.015000 0.043750
0 0.748125 0.301563 0.013750 0.046875
2 0.837500 0.259375 0.007500 0.025000
1 0.394375 0.420312 0.023750 0.078125
0 0.917500 0.307812 0.012500 0.040625
0 0.795625 0.257812 0.008750 0.034375
1 0.205000 0.521875 0.055000 0.125000
2 0.828750 0.245312 0.010000 0.028125
1 0.858125 0.267188 0.008750 0.034375
1 0.513125 0.348438 0.013750 0.053125
0 0.758750 0.276562 0.007500 0.034375
0 0.598750 0.310937 0.012500 0.053125
1 0.905000 0.290625 0.015000 0.043750
0 0.656875 0.298438 0.013750 0.046875
0 0.788125 0.350000 0.023750 0.068750
