2 0.330703 0.425547 0.026094 0.063906
2 0.342109 0.314844 0.008281 0.020313
2 0.834922 0.566719 0.035469 0.098125
2 0.345234 0.332813 0.008281 0.023125
2 0.317109 0.310703 0.005156 0.013906
2 0.082344 0.334766 0.006250 0.017656
2 0.287266 0.311953 0.005781 0.011094
2 0.417266 0.306016 0.007344 0.013906
2 0.441875 0.313047 0.007812 0.014844
2 0.590313 0.407344 0.020313 0.048125
2 0.471016 0.325000 0.009844 0.024062
2 0.342734 0.356953 0.013594 0.034219
2 0.162266 0.317969 0.008906 0.021250
2 0.249922 0.313828 0.005156 0.014844
2 0.507344 0.346797 0.012500 0.032344
