0 0.545703 0.419219 0.008281 0.015625
0 0.367422 0.420625 0.007344 0.015625
0 0.030781 0.532969 0.032188 0.054062
0 0.151562 0.463281 0.013125 0.024062
0 0.556719 0.427109 0.007812 0.019531
0 0.436562 0.447891 0.014688 0.027344
0 0.150703 0.438516 0.007344 0.012344
0 0.329375 0.440859 0.011250 0.018281
0 0.474062 0.428359 0.009687 0.018281
0 0.678125 0.529297 0.033125 0.058594
0 0.604219 0.467812 0.018125 0.033125
0 0.393125 0.475547 0.023438 0.042344
0 0.150234 0.429375 0.007344 0.013750
0 0.012500 0.450859 0.011250 0.018906
