2 0.376250 0.360938 0.017500 0.034375
1 0.663125 0.407813 0.023750 0.059375
1 0.743125 0.345313 0.026250 0.053125
1 0.904375 0.714063 0.081250 0.215625
1 0.333750 0.712500 0.057500 0.181250
0 0.301875 0.432812 0.028750 0.103125
0 0.437500 0.473438 0.025000 0.096875
0 0.459375 0.396875 0.016250 0.062500
0 0.478125 0.354687 0.011250 0.040625
0 0.400000 0.406250 0.025000 0.043750
0 0.539375 0.304688 0.008750 0.040625
0 0.516250 0.298438 0.007500 0.040625
1 0.603125 0.267188 0.008750 0.040625
1 0.585000 0.339062 0.012500 0.053125
1 0.745000 0.492188 0.042500 0.121875
1 0.570000 0.309375 0.010000 0.037500
1 0.459375 0.326562 0.011250 0.040625
2 0.804375 0.371875 0.028750 0.093750
0 0.493125 0.290625 0.008750 0.031250
1 0.949375 0.448437 0.038750 0.146875
2 0.590000 0.267188 0.010000 0.040625
