1 0.620859 0.428750 0.007344 0.015000
1 0.607187 0.414453 0.005313 0.011094
1 0.608047 0.438516 0.009219 0.020156
0 0.786328 0.471328 0.016094 0.027344
1 0.469063 0.482031 0.020000 0.038438
0 0.685781 0.416953 0.005313 0.011094
0 0.895547 0.544063 0.034219 0.060625
0 0.700391 0.423516 0.006406 0.012344
0 0.754453 0.449219 0.010781 0.022188
1 0.541250 0.449922 0.013125 0.026094
0 0.673125 0.410859 0.005312 0.010469
0 0.722891 0.433281 0.007344 0.015000
1 0.612109 0.419609 0.006406 0.011094
0 0.659609 0.406563 0.004844 0.009687
1 0.187969 0.627578 0.052812 0.096406
