0 0.044219 0.645781 0.072813 0.102813
0 0.522109 0.420156 0.009219 0.017500
0 0.418672 0.411562 0.008281 0.014375
0 0.250703 0.472734 0.022969 0.033906
0 0.428047 0.405547 0.006406 0.011719
0 0.365781 0.444766 0.013750 0.026094
0 0.395078 0.426797 0.012656 0.020156
0 0.544531 0.439766 0.013750 0.027969
0 0.334844 0.418906 0.009688 0.017500
0 0.228047 0.438516 0.010781 0.018906
0 0.006328 0.457578 0.012656 0.020781
0 0.593750 0.484297 0.022500 0.042969
0 0.278594 0.498750 0.027812 0.045625
0 0.021328 0.452812 0.014219 0.021563
