0 0.556875 0.315625 0.033750 0.125000
0 0.199375 0.281250 0.026250 0.100000
0 0.534375 0.450000 0.051250 0.187500
1 0.071250 0.409375 0.045000 0.162500
1 0.168125 0.326562 0.033750 0.128125
1 0.916875 0.370312 0.061250 0.115625
0 0.449375 0.190625 0.021250 0.075000
0 0.545625 0.254688 0.026250 0.096875
0 0.991250 0.198437 0.015000 0.103125
2 0.765625 0.210938 0.023750 0.084375
2 0.645000 0.175000 0.017500 0.068750
1 0.123125 0.734375 0.103750 0.287500
1 0.815625 0.178125 0.018750 0.075000
1 0.238125 0.242188 0.021250 0.084375
0 0.556250 0.232813 0.022500 0.121875
0 0.323125 0.209375 0.023750 0.087500
