1 0.461250 0.267188 0.007500 0.021875
0 0.589375 0.403125 0.026250 0.087500
1 0.550000 0.360938 0.015000 0.059375
0 0.539375 0.268750 0.011250 0.018750
1 0.486250 0.259375 0.007500 0.031250
1 0.379297 0.326773 0.011969 0.047422
0 0.437500 0.273438 0.007500 0.034375
1 0.564375 0.251563 0.011250 0.046875
0 0.541875 0.298438 0.013750 0.034375
2 0.408125 0.398438 0.023750 0.084375
0 0.306250 0.545312 0.040000 0.140625
1 0.736250 0.589063 0.047500 0.159375
0 0.451875 0.307812 0.013750 0.046875
1 0.408750 0.285938 0.015000 0.028125
0 0.359375 0.303125 0.011250 0.043750
0 0.382500 0.357812 0.017500 0.059375
