0 0.949219 0.423516 0.006875 0.011094
1 0.823281 0.421797 0.007812 0.012969
1 0.852266 0.419609 0.006406 0.011094
0 0.906016 0.468047 0.017031 0.028594
0 0.813516 0.521875 0.028281 0.054063
0 0.944844 0.418359 0.005938 0.011094
1 0.684375 0.428125 0.012187 0.021562
0 0.937891 0.448516 0.012656 0.020781
1 0.506016 0.450938 0.017031 0.037188
1 0.580313 0.441094 0.018125 0.029375
0 0.952031 0.438438 0.009687 0.017500
0 0.810391 0.799453 0.062031 0.161406
1 0.758750 0.422187 0.008750 0.016250
1 0.396719 0.479531 0.025937 0.045000
