2 0.388359 0.343594 0.012031 0.025937
2 0.257266 0.411172 0.016719 0.040781
2 0.159922 0.389844 0.011406 0.027812
2 0.141328 0.724609 0.056719 0.162031
2 0.846797 0.365703 0.011406 0.031406
2 0.325078 0.574453 0.047969 0.110156
2 0.303906 0.433281 0.023438 0.053750
2 0.823984 0.345313 0.011406 0.024062
2 0.079375 0.390313 0.007812 0.025000
2 0.251016 0.350469 0.008281 0.025000
2 0.580703 0.373594 0.017656 0.045312
2 0.348984 0.466172 0.026094 0.067656
2 0.153047 0.353750 0.008281 0.022187
2 0.881953 0.595469 0.050469 0.105625
2 0.727891 0.428281 0.022344 0.054688
