0 0.073281 0.829453 0.115312 0.175781
0 0.462188 0.420312 0.005312 0.013750
0 0.474609 0.412656 0.004844 0.009063
0 0.900313 0.454844 0.016563 0.029375
0 0.399922 0.473672 0.019531 0.035781
0 0.585859 0.433203 0.011719 0.020156
0 0.550078 0.418984 0.006406 0.011094
0 0.596016 0.422500 0.006406 0.014375
0 0.534375 0.411094 0.005312 0.009687
0 0.453359 0.428281 0.007344 0.016875
0 0.468516 0.414766 0.006406 0.011719
0 0.435313 0.441719 0.011250 0.022813
0 0.545859 0.416016 0.004844 0.010469
0 0.854219 0.426094 0.010313 0.017500
0 0.723828 0.515937 0.030781 0.055312
