2 0.498672 0.316172 0.005781 0.017656
2 0.666953 0.320391 0.006719 0.016719
2 0.652422 0.309688 0.005781 0.023125
2 0.540391 0.331406 0.008906 0.024063
2 0.206250 0.324141 0.006250 0.016719
2 0.293984 0.333281 0.008906 0.020313
2 0.640078 0.398125 0.019844 0.044375
2 0.383906 0.332344 0.009375 0.022188
2 0.746797 0.322734 0.005156 0.017656
2 0.730703 0.315703 0.005156 0.018594
2 0.588516 0.295391 0.005156 0.012969
2 0.558672 0.297734 0.005781 0.015781
2 0.551016 0.292109 0.005156 0.013906
2 0.414062 0.337500 0.009375 0.025000
2 0.090078 0.354219 0.008281 0.023125
2 0.738516 0.318984 0.005156 0.017656
2 0.578906 0.347656 0.010937 0.028750
2 0.408359 0.348125 0.013594 0.029687
2 0.184688 0.342187 0.007812 0.023125
2 0.173125 0.654141 0.064063 0.137969
2 0.796562 0.590703 0.054687 0.116719
2 0.622422 0.297266 0.005156 0.016719
2 0.637578 0.307891 0.007344 0.013906
2 0.434141 0.309766 0.005781 0.017656
2 0.364141 0.410625 0.019844 0.047187
2 0.343047 0.332813 0.008906 0.023125
2 0.706172 0.307891 0.005156 0.015781
2 0.310937 0.311172 0.006250 0.014844
