1 0.100000 0.643750 0.067500 0.181250
0 0.552320 0.241414 0.011297 0.040109
0 0.644375 0.328125 0.021250 0.081250
0 0.294375 0.439063 0.038750 0.109375
0 0.586250 0.246875 0.015000 0.043750
0 0.464375 0.267188 0.011250 0.046875
1 0.770000 0.404687 0.050000 0.090625
0 0.543750 0.225000 0.007500 0.037500
0 0.447500 0.290625 0.012500 0.056250
1 0.318125 0.345313 0.021250 0.065625
1 0.823750 0.659375 0.082500 0.218750
1 0.634375 0.214062 0.013750 0.040625
1 0.628125 0.275000 0.013750 0.050000
1 0.415625 0.321875 0.021250 0.056250
1 0.697500 0.226562 0.012500 0.040625
