2 0.328672 0.319844 0.010469 0.021250
2 0.913047 0.423125 0.007344 0.020313
2 0.810469 0.394375 0.006250 0.022187
2 0.485625 0.376328 0.017188 0.037969
2 0.974531 0.466172 0.012500 0.032344
2 0.743047 0.380938 0.008906 0.023125
2 0.355156 0.419844 0.031250 0.071250
2 0.081250 0.646250 0.068750 0.151875
2 0.418047 0.327813 0.008906 0.022188
2 0.619219 0.342031 0.006250 0.019375
2 0.749141 0.480547 0.025469 0.066719
2 0.592969 0.373984 0.017188 0.035156
2 0.891719 0.785625 0.065625 0.178750
2 0.836484 0.451875 0.017656 0.048125
