0 0.105000 0.417969 0.008750 0.015625
0 0.362109 0.408125 0.008281 0.015625
0 0.168516 0.438906 0.011719 0.022187
0 0.404687 0.416016 0.009688 0.018281
0 0.294688 0.399453 0.005313 0.011094
0 0.416094 0.398359 0.005938 0.011719
0 0.218984 0.408828 0.008281 0.012969
0 0.041719 0.427422 0.012188 0.018906
0 0.554609 0.422188 0.011719 0.021563
0 0.075156 0.415391 0.006875 0.011719
0 0.243438 0.401953 0.005313 0.011094
0 0.347422 0.398125 0.008281 0.016250
0 0.424531 0.430625 0.012188 0.024063
0 0.139688 0.408828 0.005937 0.011719
0 0.190938 0.405625 0.007812 0.014375
0 0.301719 0.405938 0.006875 0.015000
0 0.490391 0.401094 0.008281 0.014375
0 0.536562 0.406875 0.007812 0.015625
0 0.583750 0.457734 0.019062 0.033906
0 0.366406 0.488828 0.026875 0.044219
