0 0.371250 0.285938 0.012500 0.053125
1 0.608125 0.459375 0.038750 0.118750
0 0.748125 0.203125 0.026250 0.043750
1 0.858125 0.954688 0.061250 0.078125
0 0.905000 0.220312 0.022500 0.071875
0 0.342500 0.384375 0.027500 0.093750
0 0.404375 0.264062 0.011250 0.046875
1 0.500000 0.270313 0.010000 0.040625
0 0.380000 0.818750 0.077500 0.268750
1 0.522500 0.359375 0.022500 0.081250
0 0.459375 0.246875 0.008750 0.037500
0 0.385000 0.504687 0.047500 0.134375
1 0.486250 0.303125 0.012500 0.056250
0 0.356250 0.320312 0.015000 0.059375
