1 0.410625 0.401562 0.018750 0.065625
1 0.070625 0.614062 0.051250 0.128125
1 0.521875 0.337500 0.016250 0.050000
1 0.698125 0.673438 0.061250 0.190625
0 0.723125 0.325000 0.026250 0.043750
1 0.438125 0.284375 0.013750 0.056250
2 0.388750 0.298438 0.012500 0.065625
0 0.473125 0.275000 0.011250 0.056250
0 0.275000 0.565625 0.042500 0.131250
0 0.641250 0.360938 0.017500 0.065625
0 0.668125 0.318750 0.013750 0.050000
1 0.581250 0.282813 0.007500 0.034375
2 0.819391 0.345969 0.043750 0.046875
1 0.677500 0.448437 0.042500 0.109375
0 0.928750 0.342187 0.040000 0.059375
0 0.295625 0.435937 0.033750 0.090625
