0 0.160625 0.510078 0.021250 0.040469
0 0.797375 0.481273 0.019938 0.038453
0 0.585625 0.499141 0.031250 0.052344
0 0.714375 0.492422 0.023750 0.052344
1 0.766875 0.481484 0.013750 0.027031
1 0.921875 0.505078 0.053750 0.084531
0 0.272500 0.501719 0.020000 0.037188
1 0.191875 0.505078 0.016250 0.030469
1 0.858125 0.479766 0.013750 0.030469
1 0.968750 0.477187 0.015000 0.028750
0 0.495000 0.490703 0.020000 0.035469
1 0.820000 0.521094 0.067500 0.113125
1 0.685625 0.483203 0.016250 0.030469
0 0.446250 0.507578 0.037500 0.072656
1 0.017500 0.516875 0.017500 0.037188
0 0.616875 0.486406 0.018750 0.033750
1 0.606875 0.484766 0.011250 0.023594
0 0.401875 0.495703 0.018750 0.035469
0 0.036250 0.516797 0.022500 0.040469
0 0.839312 0.486109 0.022281 0.049313
0 0.358750 0.521094 0.047500 0.082812
1 0.525000 0.488984 0.015000 0.032031
1 0.105625 0.511016 0.018750 0.032031
0 0.216250 0.540547 0.082500 0.118281
