0 0.694844 0.494141 0.024375 0.042969
0 0.486562 0.416719 0.010312 0.015625
0 0.458906 0.422813 0.008750 0.017500
0 0.620156 0.405234 0.007812 0.012344
0 0.632812 0.452500 0.014687 0.031250
0 0.441328 0.442031 0.012656 0.023438
0 0.675312 0.413047 0.006875 0.012344
0 0.920312 0.410469 0.008750 0.013750
0 0.595000 0.429609 0.012188 0.020781
0 0.452891 0.430000 0.009219 0.017500
0 0.372734 0.501250 0.024844 0.046875
0 0.775547 0.412500 0.009219 0.016250
0 0.823281 0.406563 0.006875 0.013750
0 0.953359 0.446250 0.014219 0.022812
0 0.568438 0.408203 0.006875 0.012969
0 0.735938 0.404609 0.006875 0.012344
0 0.871562 0.416250 0.009687 0.017500
0 0.527813 0.411250 0.007812 0.013750
0 0.678047 0.404922 0.006406 0.012969
0 0.594688 0.419844 0.009687 0.016875
0 0.872344 0.537344 0.034687 0.056562
