0 0.177734 0.423672 0.032031 0.086094
0 0.717578 0.498594 0.027344 0.075000
0 0.860156 0.425781 0.007812 0.015312
0 0.740625 0.386875 0.007812 0.018125
0 0.242188 0.261094 0.007812 0.019375
0 0.962500 0.495078 0.007812 0.023594
0 0.107813 0.247266 0.007812 0.016719
0 0.140234 0.259687 0.008594 0.019375
0 0.044141 0.257656 0.008594 0.018125
0 0.296875 0.251484 0.007812 0.016719
0 0.868359 0.465938 0.013281 0.031875
0 0.691016 0.628437 0.047656 0.131875
0 0.072656 0.245156 0.007812 0.015313
0 0.762891 0.459688 0.017969 0.047187
0 0.396875 0.334687 0.014063 0.044375
0 0.567187 0.346484 0.012500 0.026406
