1 0.156328 0.488906 0.019531 0.037812
0 0.122578 0.466875 0.012656 0.022187
0 0.657188 0.558594 0.031250 0.062500
1 0.349609 0.468125 0.011719 0.022187
1 0.294844 0.466719 0.009688 0.024688
1 0.278750 0.521484 0.024375 0.042969
0 0.555703 0.481094 0.019531 0.032500
1 0.332969 0.482500 0.017500 0.030000
1 0.344297 0.460313 0.010781 0.022187
0 0.310547 0.447891 0.011719 0.020781
0 0.504844 0.450547 0.009687 0.018281
0 0.533672 0.457656 0.010781 0.022187
0 0.430156 0.446641 0.008750 0.018281
0 0.238828 0.453828 0.012656 0.019531
0 0.369609 0.447344 0.010781 0.022187
