1 0.338906 0.431328 0.009687 0.018906
0 0.604766 0.419922 0.009219 0.018281
1 0.564531 0.409453 0.005938 0.012969
1 0.463203 0.414062 0.007344 0.015625
1 0.240625 0.502969 0.024375 0.045000
2 0.750234 0.394844 0.007344 0.009688
2 0.976719 0.407656 0.005312 0.014375
1 0.399141 0.420000 0.007344 0.015625
0 0.683125 0.482734 0.025312 0.043594
0 0.505391 0.429375 0.010781 0.022813
1 0.120313 0.706406 0.075625 0.126250
0 0.519062 0.447266 0.015625 0.027344
0 0.699219 0.414062 0.008750 0.015625
0 0.840547 0.415313 0.008281 0.015625
0 0.928516 0.550078 0.045469 0.075469
1 0.689063 0.406875 0.006875 0.014375
1 0.293750 0.448906 0.011250 0.025312
