2 0.233281 0.457891 0.025000 0.063906
2 0.907500 0.419453 0.017188 0.035156
2 0.296641 0.346797 0.006719 0.015781
2 0.159453 0.369453 0.007344 0.018594
2 0.699453 0.335234 0.007344 0.014844
2 0.769062 0.343984 0.007812 0.015781
2 0.731563 0.445937 0.023438 0.054688
2 0.632109 0.329141 0.005781 0.013906
2 0.279922 0.334297 0.005781 0.012969
2 0.411953 0.316641 0.005156 0.011094
2 0.301563 0.395859 0.018750 0.043594
2 0.004141 0.410625 0.008281 0.025000
2 0.169531 0.391172 0.014063 0.032344
2 0.827656 0.463438 0.034375 0.097187
2 0.263047 0.386016 0.014531 0.033281
2 0.063047 0.420391 0.016719 0.037031
2 0.809922 0.343047 0.007344 0.015781
2 0.583047 0.364375 0.009844 0.026875
2 0.750078 0.394453 0.013594 0.035156
2 0.425703 0.343438 0.009844 0.020313
