1 0.347500 0.081250 0.017500 0.056250
1 0.506250 0.293750 0.007500 0.031250
0 0.550000 0.284375 0.010000 0.031250
1 0.580625 0.281250 0.008750 0.031250
0 0.604375 0.382812 0.023750 0.059375
1 0.740625 0.875000 0.081250 0.243750
0 0.258125 0.414062 0.023750 0.084375
0 0.583125 0.303125 0.016250 0.031250
1 0.234375 0.521875 0.043750 0.131250
0 0.427500 0.426563 0.027500 0.084375
1 0.637656 0.208055 0.014187 0.031922
1 0.377500 0.350000 0.020000 0.043750
1 0.466875 0.310937 0.011250 0.040625
0 0.104375 0.795312 0.093750 0.234375
1 0.608258 0.253156 0.009109 0.030906
0 0.430625 0.323437 0.013750 0.046875
0 0.603125 0.329688 0.021250 0.034375
0 0.570000 0.273680 0.007594 0.022297
1 0.667500 0.314063 0.025000 0.090625
