0 0.518359 0.448828 0.016094 0.027969
1 0.663984 0.390000 0.004844 0.009063
0 0.708047 0.393516 0.004844 0.011094
0 0.414219 0.409453 0.005313 0.011719
1 0.119922 0.443750 0.008281 0.016250
0 0.294766 0.436797 0.014219 0.019531
0 0.617656 0.398047 0.006875 0.012344
0 0.897969 0.523359 0.033125 0.058594
0 0.271406 0.430312 0.009688 0.015625
1 0.137656 0.475938 0.015625 0.030000
1 0.225312 0.510625 0.026875 0.048750
1 0.406172 0.404844 0.004844 0.009063
1 0.234766 0.607344 0.043906 0.087188
0 0.662031 0.466172 0.016563 0.033906
1 0.218516 0.424141 0.007344 0.012344
1 0.304375 0.414766 0.005313 0.010469
0 0.343750 0.419063 0.006875 0.013750
0 0.407266 0.442031 0.012656 0.023438
1 0.163594 0.432969 0.006875 0.015625
2 0.455695 0.394297 0.005891 0.010562
0 0.516328 0.402266 0.007344 0.012969
1 0.104219 0.455156 0.013125 0.022187
