0 0.584688 0.427422 0.011250 0.020156
0 0.878828 0.470703 0.020469 0.036406
0 0.639609 0.434922 0.010781 0.020781
0 0.618359 0.452813 0.017031 0.030625
0 0.570781 0.417969 0.009687 0.016875
0 0.317969 0.536094 0.037188 0.063125
0 0.417969 0.452187 0.016563 0.031875
0 0.447266 0.428672 0.010781 0.020156
0 0.562031 0.404063 0.005938 0.013750
0 0.557891 0.409453 0.006406 0.011719
0 0.769531 0.417031 0.006875 0.013750
0 0.684922 0.498125 0.029844 0.046875
0 0.465078 0.413984 0.006406 0.012969
0 0.810547 0.437578 0.011719 0.019531
