2 0.610938 0.392422 0.012500 0.051406
2 0.571875 0.397969 0.012500 0.043125
1 0.842969 0.411094 0.010937 0.030625
1 0.109766 0.513203 0.007031 0.023594
2 0.053906 0.624375 0.043750 0.168125
1 0.502344 0.411797 0.007812 0.020781
1 0.890625 0.453516 0.018750 0.051406
1 0.077344 0.590313 0.015625 0.050000
1 0.512109 0.418125 0.007031 0.025000
1 0.086719 0.655625 0.026562 0.075000
2 0.014844 0.629844 0.029687 0.131875
1 0.874219 0.424219 0.012500 0.034688
1 0.022266 0.750000 0.030469 0.100000
2 0.830078 0.393047 0.013281 0.063906
1 0.215625 0.472969 0.007812 0.018125
2 0.555859 0.399297 0.013281 0.045781
2 0.871875 0.392344 0.015625 0.068125
1 0.187500 0.475703 0.007812 0.023594
1 0.945703 0.509687 0.022656 0.069375
1 0.146875 0.506875 0.007812 0.022187
2 0.521094 0.403516 0.012500 0.048594
1 0.787500 0.379844 0.007812 0.018125
1 0.817187 0.395078 0.010937 0.023594
1 0.803125 0.391016 0.007812 0.020781
