1 0.300625 0.498359 0.011250 0.030469
1 0.347500 0.496562 0.007500 0.016875
0 0.118125 0.505078 0.011250 0.023594
1 0.006875 0.515234 0.013750 0.040469
0 0.180000 0.505078 0.012500 0.027031
1 0.159375 0.507656 0.013750 0.028750
1 0.355000 0.498281 0.010000 0.020313
1 0.228125 0.511016 0.028750 0.052344
1 0.196875 0.497578 0.008750 0.022031
1 0.076250 0.511875 0.015000 0.033750
1 0.139375 0.511875 0.023750 0.050625
1 0.316875 0.511797 0.031250 0.064219
0 0.101875 0.509375 0.013750 0.028750
0 0.038125 0.506016 0.008750 0.022031
1 0.393750 0.496562 0.007500 0.016875
0 0.271875 0.500781 0.011250 0.025313
1 0.559375 0.522734 0.053750 0.106406
0 0.170625 0.503359 0.008750 0.023594
1 0.418750 0.514375 0.037500 0.079375
1 0.378750 0.498281 0.007500 0.016875
1 0.873125 0.548125 0.108750 0.184063
1 0.385000 0.498281 0.007500 0.020313
0 0.253750 0.500078 0.012500 0.027031
1 0.023125 0.516094 0.023750 0.045625
