0 0.671094 0.463906 0.007812 0.019375
2 0.744922 0.652734 0.039844 0.133281
0 0.458203 0.484687 0.010156 0.025000
0 0.582812 0.463984 0.007812 0.016719
0 0.489063 0.474297 0.007812 0.020781
0 0.612500 0.452734 0.007812 0.013906
0 0.376953 0.517344 0.014844 0.040313
0 0.650000 0.459766 0.007812 0.016719
0 0.720703 0.476406 0.008594 0.025000
0 0.494531 0.445859 0.007812 0.013906
2 0.596875 0.480625 0.007812 0.025000
0 0.640625 0.454141 0.007812 0.013906
0 0.547656 0.448672 0.007812 0.013906
0 0.560156 0.466563 0.007812 0.019375
0 0.525000 0.452187 0.007812 0.018125
