0 0.579688 0.452812 0.007812 0.027813
0 0.166797 0.482578 0.008594 0.020781
0 0.450000 0.484766 0.012500 0.033281
0 0.685937 0.460391 0.010937 0.026406
0 0.107031 0.480625 0.009375 0.025000
0 0.358594 0.457656 0.007812 0.015313
0 0.445312 0.452813 0.007812 0.019375
0 0.327344 0.452734 0.007812 0.013906
0 0.287109 0.547969 0.021094 0.059687
0 0.406250 0.451484 0.007812 0.016719
0 0.226562 0.489609 0.010937 0.029219
0 0.067969 0.480469 0.007812 0.022188
0 0.598047 0.506250 0.014844 0.043125
0 0.337500 0.472891 0.007812 0.023594
0 0.125781 0.745156 0.067187 0.168125
0 0.558594 0.460391 0.009375 0.026406
0 0.055859 0.473594 0.008594 0.019375
0 0.239844 0.471484 0.007812 0.023594
0 0.161719 0.471484 0.007812 0.023594
0 0.389844 0.459687 0.007812 0.019375
0 0.277734 0.513281 0.014844 0.040312
0 0.501172 0.456328 0.008594 0.026406
0 0.464844 0.456875 0.007812 0.022187
0 0.418750 0.450703 0.007812 0.020781
