1 0.047344 0.421484 0.006875 0.011094
1 0.130141 0.554969 0.039531 0.069688
1 0.276328 0.445625 0.010781 0.030625
1 0.136484 0.409844 0.006406 0.009687
1 0.065391 0.445000 0.010781 0.022813
0 0.295547 0.416016 0.009219 0.019531
0 0.374844 0.416641 0.010312 0.018281
0 0.217969 0.421875 0.010313 0.022188
0 0.616953 0.452500 0.016094 0.031250
0 0.245156 0.401641 0.005938 0.010469
1 0.275938 0.468750 0.015625 0.032500
0 0.477266 0.419922 0.009219 0.018281
0 0.122266 0.429063 0.009219 0.014375
0 0.719766 0.497656 0.028281 0.055312
1 0.195391 0.441406 0.010781 0.024687
0 0.119219 0.419609 0.007812 0.012344
0 0.070312 0.428125 0.008750 0.015000
0 0.546562 0.428750 0.012188 0.021563
0 0.163125 0.411172 0.006875 0.011094
