0 0.518125 0.460313 0.006875 0.014375
0 0.546328 0.471328 0.010781 0.018281
1 0.425312 0.468125 0.006875 0.016875
0 0.493281 0.453750 0.005938 0.014375
1 0.190469 0.466172 0.005937 0.018281
0 0.533281 0.465469 0.007812 0.016875
1 0.277344 0.532500 0.023438 0.046875
0 0.834453 0.654922 0.065469 0.096406
1 0.432188 0.464141 0.006875 0.011719
1 0.133750 0.473984 0.007812 0.018281
0 0.574766 0.482344 0.012656 0.024688
1 0.369062 0.490859 0.015625 0.028594
0 0.480469 0.450547 0.005937 0.012969
1 0.036641 0.484453 0.012656 0.018281
1 0.401953 0.477891 0.010781 0.020781
0 0.642656 0.519453 0.023438 0.044219
0 0.503906 0.457734 0.005937 0.011719
