2 0.841875 0.388906 0.007812 0.020313
2 0.746328 0.425469 0.017656 0.049062
2 0.409141 0.306953 0.006719 0.013906
2 0.669766 0.336562 0.008281 0.019375
2 0.492109 0.318516 0.008281 0.018594
2 0.532266 0.310234 0.007344 0.012969
2 0.778359 0.544453 0.031719 0.088906
2 0.775859 0.372656 0.008906 0.025000
2 0.944766 0.421797 0.007344 0.017656
2 0.641641 0.357031 0.010469 0.026875
2 0.834062 0.424453 0.014063 0.036094
2 0.987266 0.455625 0.009844 0.025937
2 0.314297 0.459219 0.030781 0.074063
2 0.552031 0.353281 0.012500 0.028750
2 0.456484 0.373672 0.016094 0.039844
