2 0.423750 0.306875 0.007812 0.023125
2 0.697891 0.299609 0.005156 0.015781
2 0.493203 0.312500 0.011406 0.028750
2 0.326016 0.432422 0.027031 0.062969
2 0.389375 0.349922 0.014063 0.035156
2 0.588984 0.290234 0.005156 0.013906
2 0.557734 0.291641 0.005156 0.016719
2 0.296328 0.308359 0.007344 0.018594
2 0.077578 0.337578 0.008281 0.015781
2 0.398906 0.338438 0.009375 0.026875
2 0.903125 0.764844 0.068750 0.179688
2 0.323906 0.330547 0.012500 0.033281
2 0.274219 0.335156 0.007812 0.024062
2 0.536172 0.328281 0.012969 0.025000
2 0.726016 0.309766 0.005156 0.017656
2 0.735938 0.313047 0.006250 0.018594
2 0.549297 0.286641 0.005781 0.013906
2 0.753984 0.318906 0.008906 0.021250
2 0.672578 0.317578 0.006719 0.016719
2 0.623906 0.291719 0.006250 0.022188
2 0.744297 0.316094 0.005156 0.019375
2 0.187578 0.323594 0.007344 0.019375
2 0.160703 0.341250 0.008906 0.021250
2 0.651484 0.418516 0.023906 0.061094
2 0.640391 0.303672 0.006719 0.014844
2 0.709922 0.304141 0.005156 0.015781
2 0.578672 0.348516 0.011406 0.032344
2 0.061953 0.355938 0.008281 0.021250
2 0.366641 0.332500 0.010469 0.027812
2 0.656016 0.306875 0.008906 0.023125
