1 0.398750 0.479766 0.007500 0.023594
1 0.558750 0.487422 0.035000 0.055781
1 0.420625 0.485547 0.016250 0.032031
1 0.638125 0.487266 0.036250 0.069219
1 0.392500 0.481328 0.010000 0.023594
1 0.353125 0.488203 0.011250 0.027031
0 0.269375 0.521875 0.053750 0.104688
1 0.508125 0.485625 0.026250 0.042188
1 0.456250 0.486406 0.017500 0.033750
1 0.725625 0.494922 0.056250 0.094531
1 0.878125 0.518516 0.091250 0.152031
0 0.209375 0.552266 0.096250 0.148594
0 0.149375 0.497500 0.013750 0.028750
0 0.309375 0.505859 0.033750 0.069219
