1 0.149688 0.496094 0.026875 0.040312
0 0.525156 0.447969 0.019062 0.030000
0 0.297812 0.409219 0.007812 0.015000
1 0.033437 0.478594 0.020000 0.030000
0 0.411406 0.441797 0.020000 0.020156
1 0.031250 0.440156 0.009688 0.015625
0 0.955078 0.556641 0.042031 0.066406
0 0.692812 0.477266 0.023438 0.041719
1 0.197734 0.551797 0.036094 0.065781
0 0.186016 0.440156 0.012656 0.022187
1 0.091719 0.431875 0.009687 0.017500
0 0.493125 0.394453 0.006875 0.012969
0 0.396953 0.401953 0.004844 0.011094
0 0.299844 0.438750 0.013750 0.023438
0 0.232188 0.422578 0.010312 0.010469
1 0.184766 0.418672 0.006406 0.011719
0 0.158438 0.434531 0.010313 0.016250
