2 0.766172 0.328281 0.011406 0.023125
2 0.231250 0.342969 0.009375 0.021250
2 0.856563 0.361094 0.010937 0.025937
2 0.663594 0.390313 0.015625 0.049063
2 0.254609 0.394453 0.017656 0.042656
2 0.304922 0.408750 0.018281 0.049063
2 0.028359 0.371797 0.005781 0.017656
2 0.352109 0.427734 0.020781 0.057344
2 0.783281 0.344375 0.009375 0.025937
2 0.234141 0.590703 0.041094 0.112969
2 0.541094 0.352734 0.012500 0.037031
2 0.150000 0.381484 0.009375 0.031406
2 0.769609 0.489375 0.030781 0.076875
2 0.065859 0.385625 0.009844 0.023125
2 0.349219 0.491172 0.032813 0.091719
2 0.364844 0.332813 0.010937 0.026875
