1 0.462891 0.405937 0.004844 0.009687
0 0.774609 0.436562 0.007344 0.015000
1 0.158125 0.532500 0.033125 0.054688
0 0.761250 0.430234 0.005938 0.012969
0 0.531797 0.406250 0.004844 0.009062
0 0.698438 0.473281 0.019063 0.031250
2 0.192109 0.418672 0.009219 0.019531
1 0.627422 0.419844 0.004844 0.009063
1 0.609141 0.428437 0.007344 0.015625
1 0.634062 0.425078 0.005312 0.012969
0 0.628359 0.412812 0.004844 0.007812
1 0.423516 0.451172 0.016094 0.027344
1 0.543672 0.433984 0.008281 0.018906
2 0.067187 0.443359 0.019063 0.035156
1 0.522422 0.410156 0.004844 0.009062
1 0.225781 0.411719 0.005312 0.009688
0 0.731484 0.451484 0.011719 0.020156
0 0.780547 0.442656 0.008281 0.016875
1 0.586953 0.415625 0.004844 0.009688
0 0.693672 0.541719 0.030781 0.061250
0 0.179688 0.412734 0.006875 0.012969
0 0.674766 0.417656 0.004844 0.009687
0 0.731094 0.424766 0.005313 0.011094
