1 0.193828 0.514062 0.028281 0.045000
0 0.612109 0.460625 0.022031 0.031875
0 0.246797 0.445625 0.009219 0.024062
1 0.245156 0.598594 0.045000 0.084063
1 0.095703 0.443281 0.010781 0.016875
0 0.356172 0.414609 0.007344 0.012969
0 0.551797 0.399453 0.007031 0.013906
0 0.359844 0.445625 0.014688 0.025312
0 0.292266 0.424219 0.009219 0.015000
0 0.216094 0.438438 0.010312 0.017500
1 0.083281 0.487031 0.019062 0.031250
1 0.033984 0.467500 0.015156 0.023438
0 0.456797 0.405312 0.007344 0.013750
0 0.639141 0.394609 0.004844 0.010469
0 0.480703 0.441484 0.015156 0.027344
0 0.861875 0.503594 0.029375 0.048750
1 0.152344 0.433594 0.007812 0.014375
1 0.047266 0.453828 0.012656 0.019531
1 0.242656 0.421797 0.007812 0.012969
