1 0.481875 0.228125 0.056250 0.175000
1 0.348750 0.070312 0.062500 0.140625
1 0.539375 0.067187 0.053750 0.134375
1 0.376875 0.720313 0.098750 0.196875
0 0.288125 0.415625 0.091250 0.331250
0 0.880625 0.403125 0.043750 0.143750
1 0.504375 0.584375 0.068750 0.212500
1 0.434375 0.482812 0.046250 0.171875
0 0.455625 0.678125 0.088750 0.193750
1 0.195625 0.103125 0.103750 0.206250
0 0.609375 0.462500 0.043750 0.162500
0 0.580000 0.200000 0.027500 0.093750
0 0.244375 0.895312 0.071250 0.203125
1 0.613125 0.271875 0.026250 0.100000
0 0.783750 0.323437 0.032500 0.121875
0 0.935000 0.489063 0.065000 0.196875
0 0.415625 0.440625 0.048750 0.162500
2 0.575828 0.299531 0.035906 0.121719
