0 0.748047 0.593125 0.042969 0.071563
2 0.933125 0.463047 0.006875 0.019844
1 0.398906 0.486953 0.016563 0.026094
1 0.158203 0.487656 0.011719 0.022187
1 0.452656 0.520156 0.024375 0.040313
0 0.620625 0.482344 0.022500 0.032500
0 0.288047 0.473281 0.011719 0.016875
1 0.464766 0.497422 0.019531 0.033906
1 0.310937 0.596328 0.040000 0.067656
1 0.344141 0.479844 0.012656 0.024688
0 0.514687 0.469375 0.013750 0.024688
0 0.770000 0.516953 0.024375 0.044219
2 0.868281 0.461641 0.005938 0.017031
2 0.964375 0.469375 0.006875 0.019375
