0 0.266562 0.441406 0.007812 0.015625
0 0.369219 0.435625 0.005937 0.014375
0 0.516563 0.457734 0.009687 0.019531
0 0.481406 0.440703 0.005938 0.011719
1 0.237266 0.462188 0.011719 0.023438
1 0.348750 0.477891 0.013750 0.026094
1 0.365625 0.450469 0.008750 0.015625
1 0.323750 0.451172 0.006875 0.011719
1 0.269062 0.526094 0.024375 0.046875
0 0.860313 0.676484 0.054688 0.105469
0 0.321406 0.438125 0.005937 0.014375
1 0.362812 0.460313 0.006875 0.016875
0 0.561562 0.487656 0.015625 0.032500
1 0.080625 0.492891 0.014687 0.027344
1 0.093359 0.636641 0.049844 0.083281
0 0.502969 0.445312 0.007812 0.015625
0 0.105078 0.462266 0.010781 0.020781
