2 0.440234 0.445000 0.008281 0.016250
2 0.462969 0.431328 0.005938 0.012344
2 0.453125 0.437500 0.008750 0.016875
2 0.555703 0.428672 0.004844 0.012344
2 0.570625 0.438047 0.010313 0.020781
2 0.149922 0.644844 0.090781 0.173750
2 0.348984 0.509375 0.029844 0.048750
2 0.675078 0.516328 0.029844 0.052031
2 0.855469 0.631172 0.080000 0.167344
2 0.611328 0.469375 0.018594 0.030000
2 0.584922 0.448516 0.011719 0.019531
2 0.468516 0.426172 0.006406 0.011094
2 0.411172 0.464844 0.020469 0.030000
2 0.562266 0.433906 0.007344 0.013750
2 0.032422 0.815781 0.063906 0.155000
