1 0.684063 0.402891 0.006875 0.012969
0 0.717031 0.436875 0.012188 0.024688
0 0.559063 0.401328 0.006875 0.012344
1 0.458750 0.427500 0.011250 0.021563
0 0.713125 0.517188 0.033750 0.056563
0 0.590781 0.399766 0.005938 0.011719
0 0.564766 0.405547 0.006406 0.012969
0 0.572188 0.413750 0.009687 0.015000
0 0.617656 0.450938 0.016563 0.029375
0 0.602891 0.401953 0.006406 0.011094
1 0.429453 0.452812 0.017031 0.029375
1 0.947734 0.436797 0.011719 0.019531
1 0.764375 0.418984 0.012188 0.018906
1 0.356406 0.516641 0.033125 0.057969
0 0.862969 0.457109 0.013125 0.027344
1 0.836484 0.429297 0.010781 0.020156
1 0.663047 0.398750 0.004844 0.008437
1 0.713906 0.409219 0.009687 0.015000
0 0.590156 0.425703 0.012188 0.019531
0 0.618594 0.409219 0.007812 0.013750
0 0.656250 0.423438 0.009688 0.017500
