1 0.317500 0.315625 0.030000 0.100000
0 0.898125 0.543750 0.083750 0.262500
0 0.685625 0.198437 0.031250 0.134375
0 0.680000 0.454688 0.050000 0.165625
0 0.351875 0.259375 0.018750 0.081250
0 0.631250 0.504687 0.062500 0.196875
1 0.175625 0.539062 0.058750 0.190625
1 0.306875 0.393750 0.038750 0.137500
1 0.582500 0.253125 0.022500 0.093750
0 0.554375 0.303125 0.031250 0.118750
0 0.613750 0.331250 0.035000 0.131250
1 0.590000 0.285938 0.027500 0.090625
0 0.365000 0.275000 0.022500 0.087500
1 0.819375 0.860938 0.078750 0.271875
