0 0.276875 0.366563 0.011250 0.016875
0 0.296250 0.395313 0.017500 0.033750
0 0.334375 0.409609 0.023750 0.038906
1 0.155000 0.389375 0.012500 0.025313
1 0.227500 0.373281 0.012500 0.020313
1 0.126250 0.371719 0.010000 0.020313
0 0.396250 0.371641 0.012500 0.023594
1 0.191250 0.576797 0.060000 0.102969
0 0.055000 0.372422 0.010000 0.018594
1 0.179375 0.371719 0.008750 0.020313
1 0.216250 0.377578 0.010000 0.022031
1 0.053750 0.482188 0.035000 0.059063
0 0.837500 0.500938 0.022500 0.049063
1 0.055000 0.407891 0.020000 0.035469
0 0.324375 0.382656 0.013750 0.025312
0 0.346875 0.365703 0.008750 0.018594
0 0.480625 0.444219 0.031250 0.057500
