0 0.232109 0.613594 0.054219 0.091875
0 0.695781 0.415703 0.005938 0.012344
0 0.727969 0.449531 0.014688 0.025312
0 0.392813 0.466484 0.019062 0.035781
0 0.802422 0.428437 0.008281 0.015625
0 0.562969 0.417969 0.007812 0.016875
0 0.663125 0.480156 0.023438 0.038438
0 0.820312 0.429688 0.006875 0.015625
0 0.450156 0.417266 0.008750 0.019531
0 0.773438 0.558906 0.040000 0.070937
0 0.582266 0.413125 0.006406 0.013750
0 0.431172 0.435000 0.010781 0.022187
0 0.699219 0.427813 0.007812 0.015625
0 0.580000 0.430078 0.008750 0.020156
0 0.548906 0.409453 0.005938 0.011719
0 0.459766 0.408594 0.006406 0.013750
