0 0.332500 0.462500 0.047500 0.150000
0 0.448125 0.403125 0.041250 0.131250
1 0.851250 0.414062 0.050000 0.134375
1 0.641875 0.239063 0.016250 0.059375
1 0.095000 0.560937 0.065000 0.184375
2 0.682000 0.262531 0.021281 0.081094
0 0.744375 0.370312 0.033750 0.121875
0 0.680625 0.289062 0.023750 0.084375
0 0.475000 0.303125 0.022500 0.087500
0 0.848750 0.496875 0.062500 0.187500
0 0.504375 0.259375 0.018750 0.068750
1 0.668750 0.253125 0.020000 0.068750
1 0.295625 0.612500 0.071250 0.218750
0 0.453750 0.278125 0.020000 0.081250
0 0.435000 0.342187 0.025000 0.103125
2 0.747500 0.310937 0.030000 0.090625
