0 0.295703 0.538906 0.019531 0.050000
0 0.389844 0.458281 0.010937 0.027813
0 0.291406 0.460469 0.007812 0.018125
0 0.053906 0.504844 0.007812 0.018125
0 0.683203 0.518125 0.017969 0.052813
0 0.775781 0.431172 0.007812 0.020781
0 0.155469 0.489609 0.007812 0.023594
0 0.535156 0.429844 0.007812 0.018125
0 0.120313 0.492969 0.007812 0.019375
0 0.782031 0.419453 0.007812 0.016719
0 0.263672 0.491641 0.013281 0.033281
0 0.507812 0.471562 0.010937 0.034687
0 0.211719 0.485391 0.007812 0.023594
0 0.267969 0.618828 0.025000 0.076406
0 0.636719 0.429844 0.007812 0.018125
0 0.573047 0.420781 0.008594 0.022187
