0 0.095625 0.461172 0.026250 0.043906
1 0.311641 0.462422 0.016719 0.034844
0 0.676250 0.505859 0.042500 0.072656
1 0.017500 0.442500 0.017500 0.033750
0 0.629375 0.507578 0.051250 0.106406
0 0.505625 0.487344 0.026250 0.049063
0 0.435000 0.520234 0.077500 0.131719
1 0.612500 0.483047 0.020000 0.043906
1 0.228750 0.456953 0.020000 0.035469
1 0.870000 0.502578 0.027500 0.052344
0 0.233750 0.471328 0.022500 0.043906
1 0.125625 0.449375 0.016250 0.037188
1 0.533125 0.477266 0.018750 0.038906
1 0.736875 0.494922 0.023750 0.043906
