0 0.416094 0.449141 0.014687 0.028594
0 0.793281 0.469688 0.018125 0.033125
0 0.599688 0.440000 0.014687 0.024688
0 0.446016 0.423438 0.009219 0.017500
0 0.710938 0.406641 0.005937 0.011094
0 0.738828 0.433906 0.012656 0.021563
0 0.559766 0.411719 0.007344 0.015000
0 0.852031 0.433594 0.009687 0.016875
0 0.853828 0.405234 0.006406 0.011094
0 0.872969 0.434844 0.009687 0.015625
0 0.738984 0.530547 0.031719 0.058594
0 0.597422 0.415938 0.009219 0.016875
0 0.344531 0.505859 0.033750 0.052031
0 0.822812 0.406328 0.006875 0.010469
0 0.543984 0.401016 0.004844 0.010469
0 0.552344 0.405859 0.005937 0.012344
0 0.901641 0.418594 0.008281 0.014375
0 0.459141 0.411562 0.008281 0.014375
0 0.920703 0.414766 0.007344 0.011719
0 0.576641 0.424453 0.010781 0.019531
0 0.725313 0.419531 0.010313 0.017500
