1 0.211875 0.281250 0.011250 0.037500
1 0.333125 0.439063 0.031250 0.096875
0 0.455000 0.298438 0.012500 0.034375
0 0.695625 0.453125 0.031250 0.106250
1 0.302500 0.314063 0.015000 0.046875
1 0.564375 0.343750 0.013750 0.056250
1 0.391875 0.282813 0.011250 0.034375
1 0.125000 0.331250 0.017500 0.056250
0 0.227500 0.298438 0.017500 0.046875
0 0.105625 0.793750 0.086250 0.231250
2 0.321875 0.279687 0.011250 0.034375
0 0.333125 0.346875 0.016250 0.062500
1 0.293852 0.271219 0.013078 0.023656
0 0.489375 0.309375 0.011250 0.043750
