0 0.411406 0.438750 0.012188 0.023438
0 0.514297 0.424453 0.009219 0.018281
1 0.297813 0.430625 0.008750 0.016250
1 0.123984 0.529297 0.027344 0.050781
0 0.425469 0.456094 0.013125 0.031875
1 0.232813 0.443984 0.009687 0.020781
0 0.875703 0.414687 0.009219 0.014375
0 0.862109 0.536719 0.031719 0.063125
0 0.602031 0.415625 0.006875 0.015000
0 0.734609 0.413750 0.008281 0.015000
1 0.365781 0.421172 0.005938 0.012969
1 0.846953 0.404687 0.007344 0.013750
0 0.594688 0.485313 0.023438 0.046250
1 0.178437 0.466484 0.013125 0.026719
