0 0.126562 0.573594 0.021875 0.052813
0 0.500781 0.479141 0.007812 0.013906
2 0.614219 0.502969 0.013125 0.034687
0 0.232031 0.495859 0.007812 0.013906
0 0.687500 0.464531 0.007812 0.015313
0 0.458594 0.489687 0.007812 0.018125
0 0.346484 0.513203 0.010156 0.026406
0 0.867188 0.498672 0.012500 0.036094
0 0.146875 0.514609 0.007812 0.029219
0 0.726562 0.468047 0.007812 0.013906
0 0.769141 0.473594 0.008594 0.030625
0 0.531250 0.470859 0.007812 0.013906
0 0.300000 0.487578 0.007812 0.013906
0 0.130469 0.505547 0.007812 0.013906
