1 0.364063 0.579141 0.021875 0.063906
1 0.884766 0.420156 0.008594 0.018125
1 0.073828 0.929141 0.075781 0.133281
2 0.221875 0.559063 0.040625 0.143125
1 0.901563 0.436797 0.007812 0.029219
1 0.431641 0.491641 0.011719 0.036094
2 0.430469 0.429844 0.009375 0.034687
1 0.459375 0.453516 0.007812 0.023594
2 0.407031 0.434688 0.007812 0.027813
1 0.669531 0.549375 0.023438 0.065313
1 0.566406 0.442969 0.009375 0.022188
2 0.299219 0.554922 0.042188 0.151406
1 0.602344 0.479141 0.012500 0.038906
1 0.826562 0.672266 0.043750 0.111094
0 0.282422 0.614687 0.028906 0.068125
2 0.953516 0.578516 0.074219 0.245781
