0 0.456875 0.293750 0.016250 0.062500
0 0.705625 0.093750 0.033750 0.137500
1 0.518750 0.209375 0.007500 0.025000
1 0.117500 0.325000 0.050000 0.137500
2 0.501250 0.225000 0.010000 0.037500
0 0.801250 0.376563 0.055000 0.159375
1 0.368125 0.390625 0.028750 0.093750
0 0.955000 0.362500 0.057500 0.175000
1 0.683125 0.556250 0.051250 0.168750
0 0.638750 0.248438 0.010000 0.046875
1 0.544375 0.212500 0.008750 0.037500
1 0.451875 0.246875 0.008750 0.043750
0 0.311875 0.125000 0.028750 0.112500
1 0.625000 0.321875 0.022500 0.081250
0 0.481875 0.235937 0.011250 0.040625
