1 0.750625 0.310937 0.013750 0.040625
1 0.637500 0.298438 0.012500 0.040625
0 0.802500 0.398438 0.027500 0.078125
0 0.619375 0.334375 0.016250 0.050000
0 0.796250 0.337500 0.015000 0.050000
0 0.359375 0.460938 0.041250 0.115625
0 0.698750 0.471875 0.035000 0.112500
1 0.592500 0.279687 0.015000 0.040625
1 0.840000 0.385937 0.022500 0.071875
0 0.725625 0.300000 0.011250 0.037500
0 0.455625 0.378125 0.026250 0.087500
0 0.662500 0.320312 0.012500 0.046875
0 0.528125 0.320312 0.013750 0.040625
0 0.708750 0.604688 0.050000 0.171875
0 0.535000 0.304688 0.010000 0.034375
0 0.557500 0.348438 0.022500 0.065625
1 0.739375 0.423438 0.028750 0.090625
2 0.573125 0.273438 0.008750 0.028125
2 0.700000 0.300000 0.010000 0.031250
