2 0.562500 0.420625 0.007812 0.014375
2 0.578594 0.430625 0.009687 0.016250
2 0.119531 0.698828 0.080000 0.121719
2 0.437891 0.439531 0.012656 0.022187
2 0.546328 0.405312 0.004844 0.007187
2 0.408906 0.459688 0.020000 0.030000
2 0.450938 0.427734 0.010312 0.018281
2 0.464375 0.418281 0.007812 0.015000
2 0.554141 0.408125 0.004844 0.009063
2 0.952812 0.740312 0.091250 0.147187
2 0.678047 0.502344 0.022969 0.046250
2 0.470234 0.412109 0.004844 0.011719
2 0.366172 0.492500 0.026406 0.040937
2 0.594766 0.441719 0.011719 0.017500
2 0.555234 0.414141 0.004844 0.010469
2 0.626953 0.465156 0.018594 0.031875
