2 0.145313 0.498594 0.021875 0.072187
2 0.453906 0.424297 0.009375 0.029219
1 0.291016 0.648594 0.035156 0.094375
1 0.650391 0.413906 0.008594 0.022187
1 0.629297 0.503437 0.021094 0.062500
1 0.247656 0.585469 0.020313 0.059687
1 0.633203 0.477813 0.016406 0.044375
1 0.633594 0.455547 0.012500 0.036094
2 0.491406 0.417344 0.012500 0.034687
2 0.192969 0.600078 0.057813 0.191719
2 0.464453 0.422891 0.008594 0.029219
2 0.430469 0.429141 0.010937 0.033281
1 0.243359 0.560469 0.013281 0.043125
1 0.682031 0.550703 0.028125 0.079219
