0 0.418750 0.340625 0.020000 0.068750
0 0.775625 0.225000 0.016250 0.043750
0 0.440000 0.303125 0.015000 0.056250
1 0.980625 0.318750 0.023750 0.087500
0 0.424375 0.278125 0.011250 0.037500
1 0.240625 0.693750 0.066250 0.200000
2 0.710625 0.237500 0.018750 0.031250
1 0.542500 0.246875 0.007500 0.031250
1 0.373750 0.310937 0.017500 0.046875
0 0.638750 0.231250 0.010000 0.037500
0 0.760625 0.287500 0.031250 0.062500
0 0.368750 0.435937 0.032500 0.109375
0 0.629375 0.351562 0.023750 0.090625
0 0.510000 0.204687 0.007500 0.034375
2 0.466875 0.215625 0.008750 0.037500
0 0.315000 0.279687 0.015000 0.046875
1 0.597500 0.306250 0.017500 0.062500
1 0.490625 0.207813 0.008750 0.034375
0 0.156250 0.331250 0.032500 0.087500
0 0.533125 0.198437 0.008750 0.040625
0 0.834375 0.529687 0.068750 0.178125
1 0.616875 0.276562 0.016250 0.046875
1 0.480000 0.270313 0.010000 0.046875
