0 0.710234 0.401641 0.006406 0.011719
0 0.463203 0.441797 0.014219 0.026719
0 0.692812 0.475000 0.022500 0.038438
0 0.508984 0.411094 0.009219 0.017500
0 0.986563 0.424844 0.013125 0.029375
0 0.621094 0.400391 0.006875 0.012969
0 0.723437 0.414687 0.011250 0.016875
0 0.727812 0.435547 0.013125 0.020781
0 0.844922 0.408828 0.007344 0.012969
0 0.554219 0.404063 0.007812 0.013750
0 0.870547 0.420312 0.011719 0.016250
0 0.667500 0.417344 0.009687 0.015625
0 0.789844 0.426484 0.010313 0.018281
0 0.646797 0.438203 0.014219 0.027344
0 0.778047 0.413750 0.008281 0.015000
0 0.415625 0.489219 0.022500 0.046250
0 0.769297 0.404297 0.008281 0.012969
0 0.145547 0.802656 0.082969 0.179688
