1 0.650625 0.601562 0.043750 0.165625
1 0.500000 0.379688 0.020000 0.065625
0 0.480000 0.346875 0.015000 0.056250
1 0.470000 0.295312 0.007500 0.021875
1 0.423750 0.271875 0.007500 0.018750
0 0.295000 0.546875 0.047500 0.100000
0 0.462500 0.310937 0.010000 0.046875
1 0.339375 0.420312 0.026250 0.084375
1 0.360625 0.356250 0.016250 0.050000
1 0.451250 0.303125 0.007500 0.031250
0 0.437500 0.285938 0.007500 0.021875
0 0.379375 0.301563 0.008750 0.034375
0 0.550625 0.457813 0.028750 0.109375
1 0.400000 0.298438 0.007500 0.028125
0 0.373750 0.317188 0.012500 0.040625
1 0.383750 0.289062 0.007500 0.028125
