1 0.322500 0.412969 0.015000 0.028750
2 0.320625 0.371563 0.008750 0.013437
1 0.227500 0.553203 0.047500 0.092969
0 0.280000 0.395313 0.010000 0.016875
0 0.421875 0.397813 0.013750 0.025312
1 0.200000 0.405469 0.010000 0.020313
0 0.229375 0.397031 0.011250 0.020313
0 0.643750 0.418906 0.022500 0.033750
0 0.532500 0.402812 0.015000 0.025312
0 0.350000 0.396172 0.012500 0.022031
1 0.071875 0.406328 0.011250 0.018594
1 0.138125 0.407891 0.008750 0.018594
1 0.263125 0.408047 0.011250 0.022031
0 0.759375 0.473750 0.033750 0.059063
1 0.387500 0.429922 0.020000 0.035469
