0 0.790625 0.420078 0.007812 0.020781
0 0.839844 0.411875 0.007812 0.018125
0 0.628906 0.441719 0.010937 0.027813
0 0.782422 0.471562 0.011719 0.034687
0 0.812891 0.441016 0.008594 0.023594
0 0.943750 0.417344 0.007812 0.018125
0 0.892188 0.408359 0.007812 0.013906
0 0.862500 0.429219 0.007812 0.025000
0 0.758594 0.500000 0.015625 0.047188
0 0.875781 0.682656 0.046875 0.118125
0 0.521875 0.476328 0.014063 0.038906
0 0.716797 0.425703 0.010156 0.023594
0 0.967969 0.416563 0.007812 0.019375
0 0.901953 0.420078 0.008594 0.020781
0 0.191797 0.756953 0.053906 0.136094
