1 0.872500 0.345313 0.050000 0.171875
0 0.032500 0.123438 0.020000 0.096875
2 0.817500 0.296875 0.045000 0.156250
1 0.813125 0.168750 0.021250 0.106250
0 0.911250 0.176563 0.030000 0.121875
1 0.212500 0.268750 0.032500 0.125000
0 0.390000 0.112500 0.017500 0.068750
1 0.246875 0.112500 0.021250 0.075000
1 0.241250 0.203125 0.025000 0.106250
2 0.737500 0.235937 0.035000 0.146875
0 0.147500 0.339062 0.057500 0.184375
1 0.582500 0.117188 0.022500 0.084375
1 0.603125 0.115625 0.026250 0.062500
0 0.704375 0.126562 0.021250 0.090625
1 0.210625 0.140625 0.023750 0.087500
0 0.770000 0.145313 0.025000 0.084375
1 0.123125 0.121875 0.016250 0.075000
1 0.889375 0.215625 0.028750 0.112500
1 0.962500 0.450000 0.057500 0.231250
1 0.170625 0.109375 0.018750 0.075000
