1 0.581875 0.243750 0.008750 0.037500
0 0.385000 0.375000 0.022500 0.075000
0 0.073750 0.317188 0.012500 0.034375
1 0.766250 0.523438 0.055000 0.153125
0 0.146875 0.284375 0.011250 0.031250
1 0.830000 0.348438 0.025000 0.065625
1 0.146250 0.362500 0.020000 0.062500
1 0.182500 0.287500 0.007500 0.031250
1 0.469375 0.309375 0.016250 0.050000
1 0.194375 0.287500 0.011250 0.037500
1 0.136875 0.439063 0.031250 0.096875
1 0.385000 0.262500 0.007500 0.018750
0 0.261250 0.285938 0.010000 0.034375
0 0.637500 0.259375 0.007500 0.031250
2 0.600625 0.342187 0.021250 0.071875
0 0.400000 0.273438 0.007500 0.028125
0 0.561250 0.256250 0.010000 0.043750
0 0.649375 0.270313 0.011250 0.040625
1 0.170625 0.698438 0.076250 0.203125
0 0.115625 0.312500 0.013750 0.031250
0 0.421250 0.259375 0.007500 0.031250
1 0.331875 0.275000 0.008750 0.025000
0 0.457500 0.260937 0.007500 0.028125
1 0.603750 0.290625 0.012500 0.043750
0 0.325625 0.287500 0.011250 0.031250
1 0.528750 0.271875 0.007500 0.031250
0 0.625000 0.253125 0.007500 0.031250
2 0.536250 0.254688 0.007500 0.021875
1 0.230625 0.302656 0.013750 0.030313
0 0.501250 0.254688 0.007500 0.028125
1 0.396250 0.279687 0.007500 0.021875
0 0.104375 0.350000 0.018750 0.050000
