0 0.336250 0.285938 0.017500 0.065625
0 0.196875 0.314063 0.021250 0.071875
1 0.536875 0.301563 0.018750 0.078125
0 0.303750 0.429688 0.032500 0.115625
0 0.813125 0.448437 0.033750 0.128125
0 0.237500 0.554688 0.047500 0.165625
1 0.143750 0.265625 0.017500 0.056250
1 0.178125 0.275000 0.013750 0.062500
0 0.844375 0.512500 0.046250 0.162500
1 0.298750 0.365625 0.027500 0.118750
0 0.410000 0.292187 0.017500 0.065625
1 0.078125 0.300000 0.021250 0.068750
1 0.729375 0.348438 0.023750 0.090625
0 0.701875 0.393750 0.028750 0.106250
1 0.091875 0.751563 0.073750 0.259375
0 0.636250 0.321875 0.020000 0.081250
