1 0.438281 0.482656 0.012500 0.034687
2 0.405078 0.472891 0.022656 0.073594
2 0.723437 0.468047 0.031250 0.108281
1 0.482031 0.434688 0.007812 0.019375
1 0.373047 0.548672 0.024219 0.066719
2 0.792188 0.470781 0.031250 0.094375
1 0.580469 0.442422 0.009375 0.023594
1 0.650391 0.495781 0.016406 0.044375
1 0.858594 0.492969 0.015625 0.044375
1 0.465625 0.452813 0.007812 0.030625
1 0.840234 0.441719 0.008594 0.027813
1 0.232422 0.713828 0.042969 0.108281
1 0.603906 0.468828 0.010937 0.029219
2 0.354687 0.473672 0.021875 0.086094
1 0.564063 0.426406 0.007812 0.019375
1 0.988281 0.450000 0.010937 0.030625
2 0.455469 0.420234 0.009375 0.029219
2 0.435937 0.423594 0.007812 0.022187
