0 0.209375 0.545625 0.113750 0.199375
0 0.589375 0.508359 0.073750 0.114844
0 0.822500 0.497422 0.045000 0.069219
1 0.890625 0.487344 0.028750 0.045625
1 0.069375 0.432422 0.013750 0.027031
0 0.021875 0.440078 0.018750 0.032031
0 0.648750 0.477266 0.032500 0.055781
0 0.771875 0.505938 0.051250 0.082812
0 0.390625 0.462734 0.021250 0.040469
1 0.460625 0.452656 0.018750 0.033750
1 0.755625 0.472891 0.023750 0.043906
1 0.293750 0.444297 0.015000 0.030469
0 0.271250 0.456953 0.017500 0.038906
1 0.676875 0.467969 0.018750 0.037187
0 0.084375 0.444219 0.021250 0.037188
0 0.181875 0.448516 0.018750 0.038906
1 0.138125 0.435000 0.013750 0.028750
0 0.554375 0.475547 0.021250 0.038906
