0 0.637422 0.407578 0.007344 0.012969
0 0.809531 0.461562 0.017500 0.030000
0 0.901875 0.416719 0.008750 0.014375
0 0.811563 0.411562 0.006875 0.014375
0 0.863281 0.575781 0.045938 0.072188
0 0.771953 0.426172 0.010781 0.018906
0 0.954844 0.433203 0.010313 0.018906
0 0.708281 0.431641 0.012188 0.020781
0 0.558594 0.412109 0.008750 0.018281
0 0.430938 0.478125 0.020937 0.038438
0 0.269766 0.668281 0.063906 0.117812
0 0.502422 0.423281 0.010781 0.022187
0 0.869922 0.444688 0.014219 0.023438
0 0.705781 0.469063 0.020000 0.033125
0 0.741953 0.408203 0.006406 0.012969
0 0.835469 0.425156 0.008750 0.014375
