0 0.449688 0.432031 0.007812 0.021562
0 0.352969 0.515937 0.024375 0.055312
0 0.528281 0.411172 0.007812 0.012344
0 0.884453 0.417656 0.009219 0.017500
0 0.598594 0.431250 0.009687 0.017500
0 0.437031 0.444219 0.013750 0.025312
0 0.598125 0.420937 0.008750 0.015000
0 0.933359 0.411250 0.008281 0.013750
0 0.742109 0.404063 0.004844 0.013750
0 0.485547 0.416875 0.008281 0.017500
0 0.980313 0.449609 0.018125 0.026719
0 0.784687 0.413438 0.006875 0.014375
0 0.832031 0.406641 0.006875 0.012344
0 0.623594 0.405547 0.005938 0.011719
0 0.640547 0.456094 0.020469 0.031875
0 0.569609 0.407891 0.006406 0.012344
0 0.928438 0.561172 0.042500 0.066406
0 0.455859 0.423828 0.007344 0.019531
0 0.681328 0.412500 0.008281 0.015000
0 0.714531 0.504531 0.027813 0.054688
