1 0.460625 0.504219 0.036250 0.062500
1 0.325000 0.488984 0.010000 0.022031
1 0.204375 0.492422 0.013750 0.032031
1 0.388125 0.500938 0.026250 0.049063
1 0.234375 0.489922 0.011250 0.030469
0 0.130625 0.504219 0.031250 0.065937
0 0.170000 0.488125 0.007500 0.020313
1 0.263750 0.494141 0.020000 0.035469
0 0.105625 0.516875 0.051250 0.087812
0 0.041875 0.535547 0.081250 0.135156
1 0.706875 0.539609 0.078750 0.140156
1 0.538750 0.516016 0.045000 0.086094
1 0.288750 0.488203 0.010000 0.027031
1 0.346875 0.493203 0.021250 0.043906
1 0.318125 0.484844 0.008750 0.020313
