0 0.657813 0.407656 0.007812 0.015313
0 0.591406 0.431250 0.007812 0.015312
0 0.625781 0.456875 0.010937 0.025000
0 0.651563 0.439531 0.007812 0.015313
0 0.628125 0.419453 0.007812 0.013906
0 0.392578 0.511875 0.014844 0.037500
0 0.625391 0.490937 0.014844 0.043125
0 0.951172 0.682031 0.038281 0.130625
0 0.478125 0.461797 0.009375 0.026406
0 0.743750 0.408359 0.007812 0.013906
0 0.730469 0.409766 0.007812 0.013906
0 0.685937 0.427734 0.007812 0.013906
0 0.272266 0.759766 0.053906 0.136094
0 0.541797 0.441563 0.008594 0.019375
0 0.675781 0.401328 0.007812 0.013906
0 0.707031 0.417344 0.007812 0.015313
