2 0.321328 0.305078 0.008281 0.015781
2 0.654453 0.393984 0.016094 0.043594
2 0.393828 0.325000 0.010469 0.025938
2 0.653047 0.307891 0.005156 0.010156
2 0.815078 0.335234 0.005156 0.012969
2 0.523984 0.312109 0.005156 0.016719
2 0.219297 0.328281 0.010469 0.021250
2 0.706250 0.336172 0.006250 0.016719
2 0.616094 0.323594 0.006250 0.019375
2 0.280469 0.316094 0.007812 0.019375
2 0.593203 0.328750 0.007344 0.020313
2 0.387813 0.314844 0.007812 0.020313
2 0.743047 0.351328 0.012031 0.034219
2 0.629922 0.331484 0.009844 0.033281
2 0.033359 0.390781 0.013594 0.050000
2 0.281172 0.299922 0.005156 0.009219
2 0.349297 0.312500 0.005781 0.019375
2 0.316406 0.377344 0.020313 0.050938
2 0.602109 0.302266 0.005156 0.013906
2 0.043203 0.354609 0.007344 0.018594
2 0.553047 0.300859 0.005156 0.009219
2 0.223438 0.314766 0.006250 0.014844
2 0.417109 0.301875 0.008281 0.020313
