2 0.593203 0.335625 0.010469 0.025000
2 0.205938 0.313438 0.007812 0.019375
2 0.840312 0.462891 0.020313 0.057344
2 0.568828 0.374609 0.019844 0.041719
2 0.445547 0.385156 0.025469 0.055625
2 0.899141 0.413906 0.009844 0.029687
2 0.286641 0.320781 0.009844 0.021250
2 0.362812 0.306484 0.010937 0.018594
2 0.429609 0.311563 0.011406 0.025000
2 0.762422 0.513828 0.030156 0.083281
2 0.287266 0.451406 0.025469 0.073125
2 0.726797 0.375937 0.012031 0.027813
2 0.796016 0.385703 0.012969 0.034219
2 0.970547 0.464766 0.012969 0.035156
2 0.378047 0.328281 0.011406 0.026875
