0 0.564219 0.449531 0.011250 0.024062
0 0.274844 0.439687 0.008750 0.017500
0 0.092813 0.445937 0.008750 0.014375
0 0.550156 0.437891 0.010312 0.018906
0 0.456016 0.433281 0.010781 0.016250
0 0.349844 0.495391 0.025937 0.042969
0 0.278125 0.454453 0.011250 0.019531
0 0.596875 0.482812 0.020937 0.038438
0 0.436406 0.440078 0.009687 0.018281
0 0.535547 0.424453 0.004844 0.011719
0 0.752188 0.668906 0.067813 0.115313
0 0.047891 0.455703 0.011719 0.018281
0 0.379375 0.432656 0.008750 0.016250
0 0.149609 0.439453 0.008281 0.012969
