0 0.106875 0.332813 0.011250 0.034375
0 0.178125 0.298438 0.008750 0.028125
1 0.363750 0.457813 0.037500 0.084375
0 0.085625 0.354687 0.013750 0.040625
0 0.073125 0.414062 0.026250 0.071875
0 0.418750 0.475000 0.045000 0.081250
0 0.230000 0.307812 0.010000 0.034375
1 0.173125 0.542188 0.046250 0.128125
0 0.240000 0.295312 0.007500 0.028125
0 0.092500 0.309375 0.007500 0.031250
0 0.015625 0.485938 0.031250 0.096875
0 0.119375 0.326562 0.011250 0.034375
1 0.508750 0.376563 0.020000 0.071875
0 0.499375 0.284375 0.018750 0.056250
1 0.458750 0.340625 0.012500 0.043750
0 0.435625 0.267188 0.013750 0.046875
0 0.170625 0.307812 0.008750 0.028125
0 0.077500 0.812500 0.080000 0.231250
0 0.470000 0.362500 0.015000 0.056250
1 0.201875 0.323437 0.013750 0.040625
0 0.102500 0.373437 0.017500 0.053125
1 0.207500 0.351562 0.017500 0.059375
0 0.521875 0.279687 0.018750 0.065625
0 0.047500 0.325000 0.010000 0.031250
1 0.469375 0.271875 0.011250 0.043750
0 0.216250 0.293750 0.007500 0.025000
0 0.090625 0.354687 0.011250 0.040625
1 0.218750 0.410938 0.022500 0.071875
2 0.792500 0.354687 0.027500 0.115625
1 0.261875 0.301563 0.008750 0.034375
0 0.151250 0.317188 0.010000 0.034375
1 0.547500 0.173437 0.017500 0.078125
1 0.223125 0.332813 0.011250 0.034375
0 0.408125 0.412500 0.028750 0.062500
1 0.289375 0.300000 0.011250 0.031250
0 0.208750 0.300000 0.007500 0.031250
0 0.500625 0.468750 0.038750 0.075000
1 0.223125 0.375000 0.018750 0.056250
