0 0.657969 0.414141 0.011250 0.019531
0 0.635391 0.446875 0.017031 0.030625
1 0.452109 0.423906 0.010781 0.022187
0 0.740000 0.532188 0.041562 0.060625
0 0.629844 0.402344 0.008750 0.016875
1 0.873594 0.435156 0.015625 0.025313
1 0.433828 0.447656 0.016094 0.029375
0 0.575156 0.401094 0.006875 0.015625
1 0.782656 0.416875 0.008750 0.017500
1 0.692891 0.396406 0.004844 0.009063
0 0.731250 0.443125 0.020000 0.021563
0 0.601250 0.422813 0.012188 0.016250
0 0.585156 0.407813 0.010313 0.017500
1 0.357188 0.531953 0.036563 0.042969
1 0.697969 0.399141 0.005312 0.011719
0 0.854062 0.474687 0.024375 0.037812
1 0.466016 0.410781 0.008281 0.016875
