0 0.479297 0.413203 0.010156 0.020781
0 0.739453 0.405625 0.010156 0.025000
0 0.662891 0.412500 0.010156 0.027812
0 0.401172 0.430625 0.008594 0.025000
0 0.029687 0.903438 0.059375 0.190313
0 0.958984 0.671562 0.057031 0.134687
0 0.816406 0.405625 0.007812 0.025000
0 0.419922 0.452031 0.014844 0.040313
1 0.273438 0.497188 0.017188 0.047187
0 0.718750 0.410391 0.010937 0.026406
0 0.690625 0.411797 0.012500 0.023594
2 0.347266 0.434063 0.008594 0.031875
0 0.762891 0.405625 0.010156 0.027813
0 0.640625 0.416016 0.010937 0.029219
2 0.369141 0.424922 0.011719 0.036094
0 0.635938 0.437500 0.014063 0.030625
1 0.058984 0.547891 0.017969 0.054219
