0 0.593750 0.456953 0.030000 0.052344
1 0.153125 0.432344 0.018750 0.033750
0 0.109375 0.380156 0.016250 0.020313
2 0.371875 0.349688 0.008750 0.020313
1 0.059375 0.414766 0.013750 0.035469
2 0.493125 0.353125 0.011250 0.020313
0 0.243125 0.390234 0.011250 0.023594
1 0.103125 0.418047 0.016250 0.032031
0 0.157500 0.383437 0.012500 0.020313
0 0.476875 0.420625 0.018750 0.037188
2 0.927500 0.358984 0.010000 0.022031
0 0.062500 0.374922 0.012500 0.023594
1 0.204375 0.456875 0.023750 0.045625
2 0.659375 0.353047 0.008750 0.023594
0 0.352500 0.402813 0.012500 0.028750
1 0.189375 0.503359 0.028750 0.060781
0 0.700625 0.520234 0.043750 0.081094
