0 0.333594 0.461719 0.010937 0.034688
0 0.278906 0.512422 0.014063 0.036094
0 0.527344 0.426406 0.007812 0.022187
0 0.079297 0.510391 0.008594 0.020781
0 0.740625 0.431172 0.007812 0.020781
0 0.144922 0.500000 0.008594 0.019375
0 0.920703 0.638203 0.042969 0.126406
0 0.098437 0.890938 0.087500 0.184687
0 0.152344 0.485469 0.007812 0.015313
0 0.176953 0.495156 0.010156 0.031875
0 0.596875 0.499297 0.018750 0.045781
0 0.442188 0.467344 0.012500 0.040313
0 0.915625 0.441641 0.017188 0.033281
0 0.253125 0.470859 0.007812 0.016719
0 0.232813 0.495234 0.010937 0.029219
0 0.267188 0.614609 0.026562 0.070781
