0 0.567500 0.300000 0.007500 0.031250
0 0.637500 0.287500 0.007500 0.031250
1 0.908125 0.560937 0.051250 0.153125
1 0.610000 0.287500 0.007500 0.025000
1 0.202500 0.884375 0.097500 0.218750
0 0.660000 0.292187 0.007500 0.028125
1 0.541875 0.292187 0.008750 0.021875
1 0.462500 0.335938 0.012500 0.046875
0 0.737500 0.420312 0.027500 0.096875
0 0.376875 0.457813 0.028750 0.096875
1 0.670625 0.325000 0.011250 0.050000
0 0.501250 0.317188 0.010000 0.040625
0 0.683125 0.307812 0.008750 0.040625
2 0.425625 0.328125 0.016250 0.031250
1 0.920000 0.443750 0.037500 0.106250
0 0.662500 0.357812 0.017500 0.059375
0 0.436250 0.368750 0.017500 0.062500
1 0.743125 0.353125 0.023750 0.043750
