2 0.181250 0.354687 0.060000 0.209375
1 0.736250 0.056250 0.015000 0.075000
0 0.421250 0.112500 0.025000 0.106250
1 0.395000 0.192188 0.032500 0.115625
1 0.745625 0.196875 0.036250 0.131250
0 0.643750 0.025000 0.015000 0.050000
0 0.731250 0.028125 0.020000 0.056250
0 0.490625 0.087500 0.026250 0.100000
1 0.692500 0.018750 0.015000 0.037500
1 0.512500 0.064062 0.015000 0.071875
1 0.665625 0.021875 0.013750 0.043750
1 0.138125 0.451562 0.071250 0.234375
0 0.920000 0.457813 0.090000 0.265625
1 0.318750 0.253125 0.045000 0.150000
1 0.944375 0.231250 0.041250 0.150000
0 0.748125 0.078125 0.021250 0.087500
2 0.867500 0.153125 0.030000 0.125000
