1 0.278516 0.547266 0.019531 0.061094
1 0.635938 0.458984 0.007812 0.023594
1 0.669141 0.445156 0.008594 0.018125
1 0.767969 0.458281 0.007812 0.025000
1 0.420312 0.454141 0.007812 0.016719
2 0.597656 0.450000 0.014063 0.047188
1 0.519922 0.461797 0.008594 0.026406
1 0.502344 0.456875 0.007812 0.019375
1 0.773828 0.470937 0.010156 0.030625
1 0.407031 0.462500 0.007812 0.019375
2 0.387500 0.454766 0.010937 0.045781
2 0.559375 0.454141 0.012500 0.038906
2 0.356734 0.464297 0.011875 0.029687
1 0.383984 0.472891 0.008594 0.026406
1 0.356250 0.493750 0.012500 0.034688
