0 0.501563 0.408359 0.007812 0.013906
0 0.222266 0.656875 0.044531 0.100000
0 0.536719 0.430469 0.007812 0.019375
0 0.651172 0.497891 0.019531 0.048594
0 0.465625 0.408359 0.007812 0.013906
0 0.658984 0.459063 0.011719 0.031875
0 0.167969 0.476328 0.012500 0.036094
0 0.527344 0.414687 0.007812 0.018125
0 0.854688 0.434062 0.007812 0.015313
0 0.614844 0.409062 0.007812 0.018125
0 0.771094 0.677187 0.051562 0.118125
0 0.848437 0.433359 0.007812 0.013906
0 0.490234 0.451406 0.010156 0.027813
0 0.654687 0.425000 0.007812 0.019375
0 0.672266 0.441016 0.008594 0.026406
0 0.405078 0.486875 0.014844 0.043125
