1 0.257031 0.463750 0.020000 0.033125
0 0.600859 0.443359 0.016094 0.028594
1 0.171875 0.455312 0.016562 0.025312
0 0.712891 0.487969 0.027344 0.047500
0 0.878594 0.593672 0.050312 0.089844
0 0.221641 0.429297 0.012656 0.020156
0 0.496250 0.430625 0.013125 0.024063
0 0.267812 0.403359 0.005313 0.011094
0 0.066484 0.434844 0.010781 0.016875
0 0.179922 0.413672 0.007344 0.012344
0 0.114531 0.434844 0.010312 0.016875
0 0.394531 0.423438 0.013750 0.025313
0 0.305469 0.424453 0.011250 0.019531
1 0.033750 0.458594 0.015625 0.022813
0 0.122031 0.424531 0.008750 0.015625
1 0.231250 0.506563 0.028750 0.048125
