1 0.468203 0.397031 0.004844 0.009063
0 0.479063 0.454141 0.022500 0.020156
0 0.618437 0.469375 0.019062 0.037812
0 0.365156 0.411719 0.008750 0.015000
0 0.470313 0.402734 0.006875 0.012344
1 0.044219 0.449609 0.013125 0.018906
1 0.349531 0.408281 0.008750 0.007812
1 0.048828 0.487969 0.020469 0.033125
0 0.351562 0.446016 0.014687 0.026094
0 0.865938 0.530937 0.036562 0.060625
1 0.561484 0.391250 0.004844 0.009063
0 0.234531 0.442812 0.012188 0.022187
0 0.213828 0.435156 0.011719 0.017500
0 0.294922 0.422266 0.011719 0.011094
2 0.411641 0.393594 0.004844 0.009687
1 0.251797 0.417578 0.007344 0.012344
1 0.097969 0.437188 0.010313 0.016250
1 0.158125 0.429063 0.008750 0.015625
1 0.022422 0.467187 0.019531 0.021562
1 0.107266 0.659844 0.062031 0.102187
0 0.574375 0.397109 0.005313 0.011719
1 0.133984 0.528281 0.029844 0.054062
