0 0.567500 0.164062 0.012500 0.040625
0 0.530625 0.318750 0.028750 0.106250
0 0.414375 0.509375 0.058750 0.187500
0 0.788125 0.635938 0.071250 0.253125
1 0.300000 0.750000 0.087500 0.293750
1 0.654375 0.251563 0.018750 0.084375
1 0.493125 0.048438 0.031250 0.096875
0 0.539375 0.179688 0.013750 0.046875
1 0.473125 0.403125 0.041250 0.150000
1 0.523125 0.206250 0.013750 0.050000
1 0.627500 0.204687 0.017500 0.040625
1 0.566250 0.368750 0.035000 0.131250
0 0.603750 0.192188 0.012500 0.053125
1 0.320625 0.059375 0.036250 0.112500
0 0.651250 0.160938 0.025000 0.071875
0 0.826875 0.270313 0.041250 0.234375
0 0.733125 0.317188 0.031250 0.103125
1 0.683750 0.306250 0.027500 0.100000
