2 0.897500 0.460234 0.005937 0.011719
2 0.841875 0.461016 0.005938 0.010469
1 0.139141 0.636719 0.059531 0.085938
2 0.882812 0.466172 0.005937 0.012969
0 0.363828 0.507188 0.018594 0.030000
2 0.947344 0.463516 0.005938 0.012969
2 0.951250 0.460859 0.005938 0.012969
0 0.194375 0.509844 0.021563 0.030000
2 0.818437 0.465547 0.005938 0.011719
0 0.880469 0.662187 0.061563 0.100312
2 0.816406 0.457656 0.005937 0.009063
2 0.853594 0.470703 0.007812 0.011719
1 0.107891 0.864609 0.106406 0.190156
2 0.870156 0.457734 0.005937 0.011719
2 0.843750 0.459609 0.005937 0.010469
1 0.156250 0.559844 0.025312 0.046875
0 0.556563 0.533828 0.033125 0.049531
2 0.782344 0.461641 0.005938 0.011719
