0 0.41328126192092896 0.49296873807907104 0.06406249850988388 0.09531249850988388
0 0.64453125 0.41328126192092896 0.0390625 0.06406249850988388
0 1.2179687023162842 0.4390625059604645 0.0390625 0.05937499925494194
0 0.7593749761581421 0.36015623807907104 0.02812499925494194 0.04218750074505806
0 1.158593773841858 0.3765625059604645 0.0234375 0.03750000149011612
0 0.9203125238418579 0.31718748807907104 0.015625 0.02500000037252903
0 0.768750011920929 0.2992187440395355 0.015625 0.0234375
0 1.0234375 0.33671873807907104 0.015625 0.02656250074505806
0 0.754687488079071 0.3335937559604645 0.02500000037252903 0.0390625
0 0.616406261920929 0.3046875 0.02031249925494194 0.03125
0 0.4375 0.28515625 0.01875000074505806 0.0234375
0 0.598437488079071 0.2796874940395355 0.015625 0.02500000037252903
