0 1.544531226158142 0.8460937738418579 0.11406250298023224 0.1796875
0 1.537500023841858 0.6000000238418579 0.046875 0.07500000298023224
0 0.38671875 0.4234375059604645 0.04218750074505806 0.08124999701976776
0 0.91796875 0.38203126192092896 0.02656250074505806 0.04531250149011612
0 1.34765625 0.41796875 0.01718750037252903 0.02656250074505806
0 1.837499976158142 0.5367187261581421 0.015625 0.0234375
0 1.69140625 0.5375000238418579 0.02656250074505806 0.03437500074505806
0 1.591406226158142 0.4546875059604645 0.01406249962747097 0.01875000074505806
0 0.19609375298023224 0.2796874940395355 0.01406249962747097 0.015625
0 0.00937500037252903 0.29609376192092896 0.015625 0.01718750037252903
0 0.15468749403953552 0.30156248807907104 0.015625 0.02500000037252903
