0 0.63671875 1.029687523841858 0.02968749962747097 0.03750000149011612
0 0.53515625 1.009374976158142 0.02656250074505806 0.03125
0 0.328125 1.036718726158142 0.03125 0.0390625
0 0.11874999850988388 1.107031226158142 0.05000000074505806 0.0546875
0 0.44453126192092896 1.0578124523162842 0.03281249850988388 0.03750000149011612
0 0.809374988079071 0.9765625 0.015625 0.02500000037252903
0 0.8125 1.00390625 0.015625 0.02656250074505806
0 0.9976562261581421 0.977343738079071 0.01718750037252903 0.0234375
0 0.6796875 0.992968738079071 0.01875000074505806 0.0234375
0 0.9195312261581421 0.989062488079071 0.01718750037252903 0.02500000037252903
0 0.918749988079071 0.96875 0.015625 0.01875000074505806
0 1.0390625 0.96484375 0.015625 0.0234375
0 1.0828125476837158 0.969531238079071 0.015625 0.02031249925494194
