0 2.2359375953674316 0.655468761920929 0.02812499925494194 0.04531250149011612
0 1.774999976158142 0.6156250238418579 0.02812499925494194 0.04374999925494194
0 2.9390625953674316 1.0968749523162842 0.11249999701976776 0.18437500298023224
0 2.164843797683716 0.6109374761581421 0.02656250074505806 0.03437500074505806
0 1.6882812976837158 0.690625011920929 0.04843749850988388 0.07500000298023224
0 0.8492187261581421 0.9585937261581421 0.12968750298023224 0.20156249403953552
0 2.39453125 0.758593738079071 0.06093750149011612 0.0859375
0 1.8039062023162842 0.5835937261581421 0.02031249925494194 0.03593749925494194
0 2.0960936546325684 0.582812488079071 0.0234375 0.03125
0 2.0328125953674316 0.56640625 0.02187499962747097 0.02656250074505806
0 1.9539062976837158 0.547656238079071 0.02031249925494194 0.02656250074505806
0 1.74609375 0.542187511920929 0.01718750037252903 0.02500000037252903
0 1.560156226158142 0.5289062261581421 0.0234375 0.02656250074505806
