0 0.7953125238418579 0.27734375 0.05937499925494194 0.07968749850988388
0 0.43281251192092896 0.2750000059604645 0.0625 0.09687499701976776
0 0.684374988079071 0.1953125 0.03125 0.04374999925494194
0 0.6015625 0.16249999403953552 0.01875000074505806 0.03125
0 1.1609375476837158 0.25 0.08437500149011612 0.05937499925494194
0 1.0437500476837158 0.19453124701976776 0.05312500149011612 0.05156249925494194
0 0.51171875 0.20468750596046448 0.02968749962747097 0.05000000074505806
0 0.524218738079071 0.14921875298023224 0.01406249962747097 0.02656250074505806
0 0.47734373807907104 0.14218750596046448 0.010937499813735485 0.02187499962747097
0 0.46015626192092896 0.1796875 0.02656250074505806 0.03750000149011612
0 1.0632812976837158 0.12109375 0.01718750037252903 0.02656250074505806
0 1.185156226158142 0.12265624850988388 0.02031249925494194 0.02031249925494194
0 0.987500011920929 0.11249999701976776 0.015625 0.02187499962747097
0 0.913281261920929 0.11406250298023224 0.01406249962747097 0.01875000074505806
0 0.848437488079071 0.11249999701976776 0.00937500037252903 0.015625
0 1.212499976158142 0.13671875 0.02500000037252903 0.02031249925494194
0 0.7749999761581421 0.10000000149011612 0.012500000186264515 0.01875000074505806
0 0.36640626192092896 0.13515624403953552 0.01406249962747097 0.0234375
0 0.8140624761581421 0.10781250149011612 0.012500000186264515 0.015625
0 0.48124998807907104 0.12031249701976776 0.012500000186264515 0.01875000074505806
0 1.1593749523162842 0.109375 0.015625 0.01875000074505806
