0 0.8226562738418579 0.3460937440395355 0.07343749701976776 0.10468749701976776
0 0.7367187738418579 0.23906250298023224 0.04218750074505806 0.0625
0 0.3515625 0.24765625596046448 0.05624999850988388 0.06406249850988388
0 0.46562498807907104 0.203125 0.03437500074505806 0.05000000074505806
0 0.5570312738418579 0.17421874403953552 0.0234375 0.03593749925494194
0 0.745312511920929 0.19374999403953552 0.02187499962747097 0.03750000149011612
0 0.9429687261581421 0.11796875298023224 0.010937499813735485 0.01718750037252903
0 0.655468761920929 0.15937499701976776 0.02031249925494194 0.02812499925494194
0 0.7015625238418579 0.14765624701976776 0.015625 0.0234375
0 0.797656238079071 0.13984374701976776 0.01406249962747097 0.02031249925494194
0 0.864062488079071 0.13671875 0.012500000186264515 0.01718750037252903
0 1.07421875 0.12734374403953552 0.02656250074505806 0.03281249850988388
0 0.9921875 0.12578125298023224 0.012500000186264515 0.01718750037252903
0 1.15234375 0.13750000298023224 0.04843749850988388 0.03437500074505806
0 0.885937511920929 0.11015625298023224 0.012500000186264515 0.010937499813735485
0 0.653124988079071 0.13203124701976776 0.012500000186264515 0.01718750037252903
