0 0.9624999761581421 0.24843749403953552 0.04374999925494194 0.07500000298023224
0 1.2234375476837158 0.3359375 0.046875 0.11562500149011612
0 1.060156226158142 0.2945312559604645 0.07343749701976776 0.11406250298023224
0 0.19218750298023224 0.13515624403953552 0.02812499925494194 0.05781250074505806
0 0.8804687261581421 0.21250000596046448 0.04531250149011612 0.0625
0 0.16953125596046448 0.24531249701976776 0.04531250149011612 0.06875000149011612
0 0.25390625 0.22109374403953552 0.03593749925494194 0.0546875
0 0.41015625 0.17343750596046448 0.03281249850988388 0.04062499850988388
0 0.13984374701976776 0.12343750149011612 0.03281249850988388 0.05312500149011612
0 0.8023437261581421 0.19374999403953552 0.02968749962747097 0.046875
0 0.4554687440395355 0.15625 0.02031249925494194 0.046875
0 0.7710937261581421 0.21562500298023224 0.05156249925494194 0.03437500074505806
