0 0.5015624761581421 0.16796875 0.02812499925494194 0.0390625
0 0.551562488079071 0.13046875596046448 0.01875000074505806 0.02656250074505806
0 1.010156273841858 0.22421875596046448 0.05156249925494194 0.06406249850988388
0 0.3203125 0.27265626192092896 0.06875000149011612 0.0859375
0 0.8578125238418579 0.15390625596046448 0.02500000037252903 0.0390625
0 0.821093738079071 0.10703124850988388 0.010937499813735485 0.02031249925494194
0 0.9203125238418579 0.12421874701976776 0.01875000074505806 0.02968749962747097
0 0.94140625 0.14218750596046448 0.0234375 0.03125
0 0.858593761920929 0.11874999850988388 0.01718750037252903 0.02812499925494194
0 1.158593773841858 0.15546874701976776 0.04843749850988388 0.02656250074505806
