0 2.2437500953674316 1.182031273841858 0.15625 0.2578125
0 1.0617187023162842 0.6031249761581421 0.0390625 0.046875
0 1.579687476158142 0.660937488079071 0.046875 0.07187499850988388
0 0.72265625 0.698437511920929 0.04843749850988388 0.07500000298023224
0 1.724218726158142 0.7640625238418579 0.07656250149011612 0.09375
0 1.1328125 0.586718738079071 0.03437500074505806 0.04531250149011612
0 1.55859375 0.602343738079071 0.03281249850988388 0.04843749850988388
0 1.5750000476837158 0.5679687261581421 0.02812499925494194 0.03593749925494194
0 0.9828125238418579 0.559374988079071 0.02812499925494194 0.03750000149011612
0 1.3718750476837158 0.5406249761581421 0.02500000037252903 0.03437500074505806
