0 2.3359375 1.213281273841858 0.09375 0.12656250596046448
0 1.1179687976837158 1.225000023841858 0.07656250149011612 0.11874999850988388
0 1.427343726158142 1.0632812976837158 0.03281249850988388 0.0546875
0 1.955468773841858 1.0593750476837158 0.03593749925494194 0.05624999850988388
0 1.91796875 1.029687523841858 0.0390625 0.07187499850988388
0 1.458593726158142 1.028906226158142 0.0390625 0.07343749701976776
0 1.5031249523162842 1.017187476158142 0.02500000037252903 0.03750000149011612
0 1.8585937023162842 1.0148437023162842 0.0234375 0.0390625
0 1.8234374523162842 0.9984375238418579 0.02187499962747097 0.03125
0 1.546875 0.984375 0.015625 0.02187499962747097
0 1.517968773841858 1.0 0.01718750037252903 0.02812499925494194
0 1.774999976158142 0.981249988079071 0.015625 0.02187499962747097
0 1.592187523841858 0.977343738079071 0.015625 0.01718750037252903
0 1.6375000476837158 0.9703124761581421 0.015625 0.015625
