0 1.963281273841858 0.664843738079071 0.04843749850988388 0.07343749701976776
0 1.8898437023162842 0.559374988079071 0.02968749962747097 0.05624999850988388
0 0.94921875 0.63671875 0.06093750149011612 0.0859375
0 1.779687523841858 0.5546875 0.02187499962747097 0.03437500074505806
0 1.8484375476837158 0.546093761920929 0.01875000074505806 0.03281249850988388
0 1.571874976158142 0.526562511920929 0.015625 0.02812499925494194
0 2.2289061546325684 0.592968761920929 0.03593749925494194 0.05781250074505806
0 2.1187500953674316 0.567187488079071 0.01875000074505806 0.02812499925494194
0 1.181249976158142 0.5484374761581421 0.03125 0.04374999925494194
0 1.1632812023162842 0.53125 0.0234375 0.03437500074505806
0 0.6578124761581421 0.553906261920929 0.03125 0.03593749925494194
0 0.964062511920929 0.514843761920929 0.02500000037252903 0.02656250074505806
0 0.8414062261581421 0.5335937738418579 0.0234375 0.03281249850988388
0 0.10000000149011612 0.659375011920929 0.04062499850988388 0.08437500149011612
0 1.251562476158142 0.5093749761581421 0.02500000037252903 0.03437500074505806
0 1.0476562976837158 0.52734375 0.01718750037252903 0.03281249850988388
0 1.806249976158142 0.5101562738418579 0.015625 0.0234375
0 1.6593749523162842 0.5078125 0.015625 0.015625
0 0.12968750298023224 0.598437488079071 0.02187499962747097 0.03125
0 0.6703125238418579 0.53125 0.01875000074505806 0.02500000037252903
0 1.959375023841858 0.51953125 0.015625 0.01718750037252903
0 2.4453125 0.565625011920929 0.015625 0.02187499962747097
0 0.84375 0.5062500238418579 0.015625 0.015625
