0 0.625781238079071 0.23593750596046448 0.04843749850988388 0.03750000149011612
0 0.21718749403953552 0.2718749940395355 0.05312500149011612 0.0625
0 0.09531249850988388 0.40546876192092896 0.09375 0.11406250298023224
0 0.27265626192092896 0.20624999701976776 0.02968749962747097 0.03437500074505806
0 0.5257812738418579 0.23984375596046448 0.0546875 0.0390625
0 0.09140624850988388 0.20781250298023224 0.02968749962747097 0.03437500074505806
0 0.01953125 0.24296875298023224 0.03281249850988388 0.04531250149011612
0 0.12968750298023224 0.18671874701976776 0.02187499962747097 0.02656250074505806
0 0.684374988079071 0.08749999850988388 0.02500000037252903 0.03750000149011612
0 0.6539062261581421 0.13906249403953552 0.02031249925494194 0.03125
0 0.63671875 0.18671874701976776 0.02031249925494194 0.03281249850988388
0 0.5234375 0.21171875298023224 0.02500000037252903 0.03281249850988388
0 0.9906250238418579 0.17890624701976776 0.03437500074505806 0.05156249925494194
0 0.2789062559604645 0.18671874701976776 0.02031249925494194 0.02968749962747097
0 0.2874999940395355 0.15390625596046448 0.00937500037252903 0.01718750037252903
0 0.18828125298023224 0.15703125298023224 0.01406249962747097 0.01406249962747097
0 0.26171875 0.17578125 0.01406249962747097 0.0234375
0 0.32734376192092896 0.15078124403953552 0.010937499813735485 0.01406249962747097
0 0.586718738079071 0.13593749701976776 0.01406249962747097 0.02187499962747097
0 0.573437511920929 0.17109374701976776 0.01875000074505806 0.02031249925494194
0 0.27734375 0.16718749701976776 0.01406249962747097 0.01875000074505806
0 0.2515625059604645 0.16171875596046448 0.00937500037252903 0.01718750037252903
0 0.15000000596046448 0.16249999403953552 0.012500000186264515 0.015625
0 0.05859375 0.16328124701976776 0.010937499813735485 0.01406249962747097
0 0.296875 0.14765624701976776 0.00937500037252903 0.010937499813735485
0 0.27031248807907104 0.14609375596046448 0.00937500037252903 0.010937499813735485
0 0.510937511920929 0.22265625 0.04374999925494194 0.02968749962747097
0 0.60546875 0.18515625596046448 0.02656250074505806 0.02656250074505806
0 0.13437500596046448 0.16796875 0.015625 0.01718750037252903
0 0.11249999701976776 0.17656250298023224 0.012500000186264515 0.02187499962747097
0 0.10468749701976776 0.17578125 0.012500000186264515 0.02031249925494194
0 0.3812499940395355 0.14765624701976776 0.00937500037252903 0.010937499813735485
0 0.21406249701976776 0.15468749403953552 0.00937500037252903 0.012500000186264515
0 0.3617187440395355 0.14921875298023224 0.010937499813735485 0.010937499813735485
0 0.25468748807907104 0.1484375 0.00937500037252903 0.012500000186264515
0 0.05000000074505806 0.16249999403953552 0.00937500037252903 0.00937500037252903
0 0.13124999403953552 0.15156249701976776 0.00937500037252903 0.00937500037252903
0 0.5835937261581421 0.05546874925494194 0.01718750037252903 0.0234375
0 0.16093750298023224 0.15156249701976776 0.00937500037252903 0.00937500037252903
0 0.09062500298023224 0.15781250596046448 0.00937500037252903 0.00937500037252903
0 0.11640624701976776 0.15468749403953552 0.010937499813735485 0.012500000186264515
0 0.37187498807907104 0.14531250298023224 0.00937500037252903 0.00937500037252903
0 0.22187499701976776 0.14609375596046448 0.00937500037252903 0.01406249962747097
0 0.16875000298023224 0.15000000596046448 0.00937500037252903 0.012500000186264515
0 0.2578125 0.16249999403953552 0.00937500037252903 0.015625
0 0.26249998807907104 0.15000000596046448 0.00937500037252903 0.012500000186264515
0 0.20781250298023224 0.14687499403953552 0.00937500037252903 0.00937500037252903
0 0.01718750037252903 0.16718749701976776 0.00937500037252903 0.00937500037252903
