0 0.19296875596046448 2.020312547683716 0.3765625059604645 0.4281249940395355
0 2.9390625953674316 1.7140624523162842 0.27812498807907104 0.3125
0 1.3640625476837158 1.092187523841858 0.046875 0.0625
0 1.115625023841858 1.264062523841858 0.10625000298023224 0.140625
0 1.8742187023162842 1.080468773841858 0.04531250149011612 0.06718750298023224
0 1.802343726158142 1.04296875 0.02968749962747097 0.04531250149011612
0 1.442968726158142 1.048437476158142 0.03281249850988388 0.046875
0 1.7453124523162842 1.0234375 0.02500000037252903 0.03437500074505806
0 1.49609375 1.0148437023162842 0.02031249925494194 0.03281249850988388
0 3.071093797683716 1.251562476158142 0.1015625 0.11249999701976776
0 2.167187452316284 1.0382812023162842 0.02500000037252903 0.03593749925494194
0 2.7835936546325684 1.0734374523162842 0.03593749925494194 0.04374999925494194
0 2.964062452316284 1.0578124523162842 0.02187499962747097 0.03125
0 2.710156202316284 1.0382812023162842 0.02031249925494194 0.0234375
