0 1.006250023841858 0.6890624761581421 0.0625 0.07500000298023224
0 2.8265624046325684 1.139062523841858 0.16562500596046448 0.21562500298023224
0 1.864843726158142 0.690625011920929 0.05781250074505806 0.078125
0 1.62109375 0.5835937261581421 0.02968749962747097 0.0390625
0 1.192968726158142 0.5914062261581421 0.03593749925494194 0.04531250149011612
0 0.14765624701976776 1.373437523841858 0.27656251192092896 0.3499999940395355
0 1.100000023841858 0.5335937738418579 0.015625 0.02031249925494194
0 1.200781226158142 0.55859375 0.0234375 0.02656250074505806
0 1.1687500476837158 0.538281261920929 0.015625 0.0234375
0 1.2492187023162842 0.5296875238418579 0.01718750037252903 0.015625
0 1.045312523841858 0.528124988079071 0.015625 0.015625
0 1.4148437976837158 0.532031238079071 0.01718750037252903 0.0234375
0 1.494531273841858 0.54296875 0.01718750037252903 0.0234375
