0 1.0078125 0.6546875238418579 0.05000000074505806 0.078125
0 0.76953125 0.842968761920929 0.09843750298023224 0.12968750298023224
0 2.1226563453674316 0.6484375 0.04531250149011612 0.05624999850988388
0 1.11328125 0.6953125 0.06406249850988388 0.078125
0 2.7632813453674316 0.903124988079071 0.11406250298023224 0.15312500298023224
0 2.73828125 0.742968738079071 0.0703125 0.07968749850988388
0 0.7242187261581421 0.65625 0.04218750074505806 0.05624999850988388
0 0.3960937559604645 0.699999988079071 0.03593749925494194 0.05624999850988388
0 1.5945312976837158 0.5843750238418579 0.03281249850988388 0.04062499850988388
0 0.2828125059604645 0.6664062738418579 0.02500000037252903 0.03593749925494194
0 1.1726562976837158 0.5726562738418579 0.03281249850988388 0.04531250149011612
0 0.741406261920929 0.6015625 0.0234375 0.04062499850988388
0 2.266406297683716 0.57421875 0.02968749962747097 0.02968749962747097
0 2.72265625 0.614062488079071 0.02031249925494194 0.02812499925494194
