0 1.005468726158142 1.267968773841858 0.11093749850988388 0.12968750298023224
0 2.328125 1.282812476158142 0.11562500149011612 0.14374999701976776
0 1.9734375476837158 1.096093773841858 0.05624999850988388 0.0703125
0 1.28125 1.1046874523162842 0.05624999850988388 0.06875000149011612
0 1.853124976158142 1.03125 0.03437500074505806 0.046875
0 1.40625 1.0359375476837158 0.03437500074505806 0.04374999925494194
0 1.8039062023162842 1.0109374523162842 0.02656250074505806 0.03437500074505806
0 1.7765624523162842 1.001562476158142 0.02187499962747097 0.03125
0 1.43359375 1.0164062976837158 0.02656250074505806 0.03281249850988388
0 1.47265625 1.0070312023162842 0.02031249925494194 0.02656250074505806
0 1.7312500476837158 0.9921875 0.015625 0.02187499962747097
0 1.751562476158142 0.995312511920929 0.01875000074505806 0.02500000037252903
0 1.5265624523162842 0.9921875 0.015625 0.015625
0 1.717187523841858 0.985156238079071 0.015625 0.01718750037252903
