0 1.921875 1.2453124523162842 0.10000000149011612 0.09375
0 0.6039062738418579 1.30078125 0.1015625 0.13593749701976776
0 0.957812488079071 1.123437523841858 0.046875 0.078125
0 1.510156273841858 1.04296875 0.03593749925494194 0.05781250074505806
0 1.634374976158142 1.1015625 0.046875 0.08437500149011612
0 1.07421875 1.0750000476837158 0.04843749850988388 0.05000000074505806
0 1.42578125 1.0046875476837158 0.01718750037252903 0.02812499925494194
0 1.1375000476837158 1.033593773841858 0.02812499925494194 0.0390625
0 1.4617187976837158 1.021875023841858 0.0234375 0.046875
0 1.17578125 1.0125000476837158 0.0234375 0.03437500074505806
