0 1.1328125 1.3468749523162842 0.140625 0.16249999403953552
0 2.28515625 1.271093726158142 0.11406250298023224 0.13906249403953552
0 1.939062476158142 1.0984375476837158 0.05000000074505806 0.06562499701976776
0 1.4578125476837158 1.053125023841858 0.02812499925494194 0.05000000074505806
0 1.846093773841858 1.0437500476837158 0.03281249850988388 0.04374999925494194
0 1.49609375 1.0242187976837158 0.0234375 0.0390625
0 2.1039061546325684 1.03515625 0.0234375 0.04218750074505806
0 2.8812499046325684 1.16015625 0.05624999850988388 0.07656250149011612
0 2.6234374046325684 1.0125000476837158 0.02187499962747097 0.02812499925494194
0 2.9000000953674316 1.067968726158142 0.03437500074505806 0.04218750074505806
0 1.912500023841858 0.992968738079071 0.015625 0.0234375
0 1.5242187976837158 1.0085937976837158 0.02031249925494194 0.02968749962747097
