0 2.253124952316284 1.087499976158142 0.04062499850988388 0.05937499925494194
0 2.3804688453674316 1.4406249523162842 0.14218750596046448 0.19687500596046448
0 2.104687452316284 1.1484375 0.05937499925494194 0.09375
0 1.153906226158142 1.11328125 0.05156249925494194 0.07656250149011612
0 1.5906250476837158 1.0499999523162842 0.03437500074505806 0.05000000074505806
0 1.83984375 1.0320312976837158 0.02656250074505806 0.0390625
0 1.859375 1.0046875476837158 0.01875000074505806 0.03125
0 1.71484375 0.9921875 0.01718750037252903 0.02500000037252903
0 2.382031202316284 1.0625 0.03593749925494194 0.04062499850988388
0 1.8835937976837158 1.017968773841858 0.0234375 0.0390625
0 2.000781297683716 0.995312511920929 0.01718750037252903 0.02500000037252903
0 2.1617188453674316 1.0109374523162842 0.02031249925494194 0.02812499925494194
0 2.29296875 1.024999976158142 0.02031249925494194 0.03125
0 1.497656226158142 0.98046875 0.01718750037252903 0.02656250074505806
0 2.3492188453674316 1.0421874523162842 0.0234375 0.03750000149011612
0 1.5203125476837158 0.97265625 0.015625 0.02656250074505806
0 1.29296875 0.971875011920929 0.01718750037252903 0.02500000037252903
0 1.41796875 0.965624988079071 0.01718750037252903 0.02500000037252903
0 0.32499998807907104 1.0187499523162842 0.03750000149011612 0.046875
0 1.1749999523162842 0.9624999761581421 0.015625 0.02187499962747097
0 1.3250000476837158 0.957812488079071 0.015625 0.02187499962747097
0 0.4664062559604645 0.99609375 0.02031249925494194 0.02968749962747097
0 0.3499999940395355 0.9984375238418579 0.02187499962747097 0.03437500074505806
0 1.86328125 0.9859374761581421 0.01718750037252903 0.02500000037252903
0 1.873437523841858 0.9585937261581421 0.015625 0.0234375
0 1.1953125 0.96484375 0.015625 0.02031249925494194
0 1.212499976158142 0.9585937261581421 0.015625 0.01718750037252903
0 1.540624976158142 0.957812488079071 0.015625 0.01875000074505806
0 1.4656250476837158 0.960156261920929 0.015625 0.02656250074505806
0 1.7062499523162842 0.9789062738418579 0.015625 0.0234375
0 1.703125 0.95703125 0.015625 0.01718750037252903
0 0.29609376192092896 1.0007812976837158 0.02656250074505806 0.0390625
0 0.32499998807907104 0.9921875 0.02812499925494194 0.03750000149011612
0 2.0250000953674316 0.9609375 0.015625 0.015625
0 1.837499976158142 0.953125 0.015625 0.015625
