0 0.8695312738418579 0.27656251192092896 0.05781250074505806 0.07187499850988388
0 0.25703126192092896 0.43046873807907104 0.12656250596046448 0.12656250596046448
0 0.809374988079071 0.20156249403953552 0.02812499925494194 0.03750000149011612
0 0.5062500238418579 0.22968749701976776 0.03125 0.05000000074505806
0 0.5210937261581421 0.19687500596046448 0.02031249925494194 0.03750000149011612
0 0.5679687261581421 0.16093750298023224 0.01718750037252903 0.02500000037252903
0 0.6773437261581421 0.14531250298023224 0.01718750037252903 0.02187499962747097
0 0.770312488079071 0.1796875 0.02812499925494194 0.02500000037252903
0 0.7515624761581421 0.16640624403953552 0.01875000074505806 0.02656250074505806
0 0.62890625 0.15156249701976776 0.010937499813735485 0.015625
