0 1.01953125 0.20781250298023224 0.0546875 0.06875000149011612
0 0.4507812559604645 0.296875 0.06718750298023224 0.09375
0 0.8531249761581421 0.17578125 0.03125 0.04218750074505806
0 0.764843761920929 0.1484375 0.0234375 0.03125
0 0.737500011920929 0.11640624701976776 0.012500000186264515 0.02031249925494194
0 0.5367187261581421 0.1328125 0.01406249962747097 0.02812499925494194
0 0.632031261920929 0.11406250298023224 0.010937499813735485 0.015625
0 0.852343738079071 0.140625 0.01718750037252903 0.02812499925494194
0 0.57421875 0.12421874701976776 0.01406249962747097 0.01718750037252903
0 0.8656250238418579 0.13046875596046448 0.012500000186264515 0.02031249925494194
0 0.854687511920929 0.11953125149011612 0.012500000186264515 0.01718750037252903
