0 1.0554687976837158 0.5609375238418579 0.03593749925494194 0.05312500149011612
0 0.534375011920929 0.6171875 0.04062499850988388 0.0625
0 0.4789062440395355 0.5796874761581421 0.0234375 0.04062499850988388
0 0.76953125 0.547656238079071 0.02031249925494194 0.0390625
0 0.5765625238418579 0.55078125 0.015625 0.02656250074505806
0 0.3109374940395355 0.571093738079071 0.015625 0.03281249850988388
0 0.18125000596046448 0.5757812261581421 0.015625 0.02968749962747097
0 0.3726562559604645 0.578125 0.01718750037252903 0.03125
0 0.3687500059604645 0.553906261920929 0.015625 0.02656250074505806
0 1.260156273841858 0.507031261920929 0.01718750037252903 0.0234375
0 1.420312523841858 0.4921875 0.015625 0.02187499962747097
0 0.03203124925494194 0.5835937261581421 0.01718750037252903 0.02656250074505806
0 0.16718749701976776 0.563281238079071 0.015625 0.0234375
0 1.1749999523162842 0.5015624761581421 0.015625 0.01875000074505806
