0 1.1687500476837158 0.3531250059604645 0.09687499701976776 0.11874999850988388
0 0.8265625238418579 0.2109375 0.05000000074505806 0.0625
0 0.74609375 0.16562500596046448 0.02968749962747097 0.04062499850988388
0 0.30937498807907104 0.20937499403953552 0.04374999925494194 0.0625
0 0.38984376192092896 0.18281249701976776 0.03593749925494194 0.05000000074505806
0 0.5234375 0.15234375 0.01875000074505806 0.02968749962747097
0 0.5054687261581421 0.16562500596046448 0.0234375 0.03437500074505806
0 0.75 0.13046875596046448 0.012500000186264515 0.0234375
0 0.6929687261581421 0.12578125298023224 0.01406249962747097 0.02031249925494194
0 0.5679687261581421 0.13593749701976776 0.010937499813735485 0.02187499962747097
0 0.7875000238418579 0.15156249701976776 0.015625 0.02812499925494194
0 0.7679687738418579 0.13984374701976776 0.010937499813735485 0.02656250074505806
