0 2.721874952316284 1.5070312023162842 0.2874999940395355 0.43281251192092896
0 2.2054686546325684 1.232031226158142 0.10781250149011612 0.15468749403953552
0 1.01171875 1.2734375 0.11406250298023224 0.16562500596046448
0 0.637499988079071 1.4812500476837158 0.25 0.40625
0 1.955468773841858 1.10546875 0.08906249701976776 0.09843750298023224
0 0.15312500298023224 1.9953124523162842 0.3031249940395355 0.609375
0 1.243749976158142 1.110937476158142 0.046875 0.08437500149011612
0 1.364843726158142 1.0234375 0.04218750074505806 0.05312500149011612
0 1.7414062023162842 0.99609375 0.02656250074505806 0.0390625
0 1.791406273841858 1.0234375 0.03281249850988388 0.05000000074505806
0 1.7078125476837158 0.9789062738418579 0.02187499962747097 0.03281249850988388
0 1.4453125 0.9664062261581421 0.015625 0.02968749962747097
0 1.662500023841858 0.953906238079071 0.015625 0.02656250074505806
0 1.6796875 0.96484375 0.015625 0.02656250074505806
