0 0.3960937559604645 0.59375 0.09218750149011612 0.14687499403953552
0 0.3179687559604645 0.5765625238418579 0.07968749850988388 0.140625
0 1.8507812023162842 0.8374999761581421 0.11093749850988388 0.16249999403953552
0 0.859375 0.38984376192092896 0.02812499925494194 0.04218750074505806
0 0.891406238079071 0.3968749940395355 0.03593749925494194 0.046875
0 1.3976562023162842 0.4742187559604645 0.0390625 0.05156249925494194
0 1.2726562023162842 0.3882812559604645 0.01718750037252903 0.0234375
0 0.5625 0.3609375059604645 0.02812499925494194 0.04062499850988388
0 1.0421874523162842 0.3515625 0.015625 0.02187499962747097
0 1.0281250476837158 0.34843748807907104 0.015625 0.02187499962747097
0 0.8812500238418579 0.33125001192092896 0.015625 0.02187499962747097
