0 1.44140625 1.0789062976837158 0.0546875 0.07343749701976776
0 1.506250023841858 1.0109374523162842 0.03750000149011612 0.05312500149011612
0 1.83984375 1.0164062976837158 0.03593749925494194 0.04843749850988388
0 2.555468797683716 1.4992187023162842 0.19843749701976776 0.22968749701976776
0 2.1875 0.996874988079071 0.03125 0.04374999925494194
0 1.818750023841858 0.969531238079071 0.02500000037252903 0.03593749925494194
0 3.1617188453674316 1.189843773841858 0.0703125 0.09218750149011612
0 2.2992186546325684 0.9750000238418579 0.02656250074505806 0.03437500074505806
0 3.0015625953674316 1.161718726158142 0.07187499850988388 0.07968749850988388
0 3.0999999046325684 1.0437500476837158 0.03437500074505806 0.04062499850988388
0 2.004687547683716 0.9468749761581421 0.01875000074505806 0.02500000037252903
0 2.632031202316284 0.9703124761581421 0.01718750037252903 0.02500000037252903
0 2.5562500953674316 0.946093738079071 0.015625 0.0234375
0 2.530468702316284 0.9507812261581421 0.01718750037252903 0.02656250074505806
0 1.5695312023162842 0.953906238079071 0.0234375 0.03281249850988388
0 3.0492186546325684 1.0125000476837158 0.02968749962747097 0.04062499850988388
0 2.867968797683716 0.991406261920929 0.02968749962747097 0.03281249850988388
0 2.667187452316284 0.9546874761581421 0.02187499962747097 0.02812499925494194
0 1.7687499523162842 0.9320312738418579 0.015625 0.01718750037252903
0 1.743749976158142 0.9281250238418579 0.015625 0.015625
