0 2.375781297683716 1.244531273841858 0.1015625 0.13593749701976776
0 2.4468750953674316 1.1296875476837158 0.06562499701976776 0.08749999850988388
0 2.046875 1.1015625 0.05937499925494194 0.08749999850988388
0 1.19921875 1.2023437023162842 0.07968749850988388 0.11406250298023224
0 1.4249999523162842 1.0851562023162842 0.04062499850988388 0.0703125
0 2.956249952316284 1.271093726158142 0.10312499850988388 0.13906249403953552
0 2.649218797683716 1.0828125476837158 0.03281249850988388 0.05937499925494194
0 2.217968702316284 1.0703125 0.0390625 0.06562499701976776
0 3.0492186546325684 1.14453125 0.0546875 0.0859375
0 2.413281202316284 1.05078125 0.0390625 0.05781250074505806
0 2.2562499046325684 1.033593773841858 0.03437500074505806 0.04843749850988388
0 2.07421875 1.0437500476837158 0.03593749925494194 0.05624999850988388
0 1.49609375 1.045312523841858 0.02968749962747097 0.046875
0 1.9835937023162842 1.02734375 0.03281249850988388 0.04218750074505806
0 1.7531249523162842 1.0187499523162842 0.02812499925494194 0.04374999925494194
0 1.837499976158142 1.0320312976837158 0.02812499925494194 0.04531250149011612
0 1.92578125 1.0554687976837158 0.03281249850988388 0.05156249925494194
0 1.201562523841858 1.01171875 0.02812499925494194 0.04218750074505806
0 1.11328125 1.021875023841858 0.03281249850988388 0.04062499850988388
0 1.26171875 1.0203125476837158 0.0234375 0.04062499850988388
0 1.427343726158142 1.0265624523162842 0.02656250074505806 0.04062499850988388
