0 0.848437488079071 0.8515625 0.11249999701976776 0.15312500298023224
0 2.389843702316284 0.936718761920929 0.15468749403953552 0.1640625
0 2.026562452316284 0.711718738079071 0.07187499850988388 0.09843750298023224
0 1.067968726158142 0.742968738079071 0.0859375 0.10468749701976776
0 1.0187499523162842 0.6734374761581421 0.05937499925494194 0.078125
0 1.467187523841858 0.5726562738418579 0.046875 0.06718750298023224
0 1.7859375476837158 0.6117187738418579 0.07187499850988388 0.09843750298023224
0 0.7085937261581421 0.6484375 0.04218750074505806 0.0625
0 0.867968738079071 0.6585937738418579 0.05156249925494194 0.0703125
0 2.112499952316284 0.54296875 0.02187499962747097 0.03593749925494194
0 0.582812488079071 0.585156261920929 0.02187499962747097 0.0390625
0 0.37031251192092896 0.6429687738418579 0.02812499925494194 0.04218750074505806
0 0.969531238079071 0.5570312738418579 0.02968749962747097 0.0390625
0 0.09843750298023224 0.6625000238418579 0.03125 0.03750000149011612
0 2.6640625 0.6421874761581421 0.04374999925494194 0.046875
0 0.2710937559604645 0.6031249761581421 0.02656250074505806 0.03125
