0 0.7242187261581421 0.5640624761581421 0.03281249850988388 0.05624999850988388
0 1.2023437023162842 0.539843738079071 0.02031249925494194 0.0546875
0 0.8062499761581421 0.5289062261581421 0.02812499925494194 0.0390625
0 1.146875023841858 0.5093749761581421 0.02187499962747097 0.04062499850988388
0 0.04218750074505806 0.96484375 0.08124999701976776 0.22343750298023224
0 0.765625 0.520312488079071 0.015625 0.02812499925494194
0 0.8304687738418579 0.5 0.01406249962747097 0.01875000074505806
0 1.0859375 0.49609375 0.015625 0.0234375
0 0.6171875 0.52734375 0.015625 0.0234375
0 0.31171876192092896 0.546875 0.01406249962747097 0.02187499962747097
