0 1.4601562023162842 0.4507812559604645 0.0234375 0.04531250149011612
0 1.4523437023162842 0.39765626192092896 0.01718750037252903 0.0234375
0 1.0617187023162842 0.4476562440395355 0.02968749962747097 0.04218750074505806
0 1.5234375 0.41874998807907104 0.01875000074505806 0.04062499850988388
0 1.193750023841858 0.40937501192092896 0.02500000037252903 0.02812499925494194
0 1.875 0.4085937440395355 0.015625 0.02031249925494194
0 1.9421875476837158 0.42265623807907104 0.015625 0.0234375
0 1.7078125476837158 0.4124999940395355 0.015625 0.02500000037252903
0 1.639062523841858 0.3960937559604645 0.015625 0.02031249925494194
0 0.5679687261581421 0.746874988079071 0.06718750298023224 0.15000000596046448
