0 1.3289062976837158 1.10546875 0.06093750149011612 0.07343749701976776
0 2.008593797683716 1.1046874523162842 0.05781250074505806 0.06562499701976776
0 3.0999999046325684 1.725000023841858 0.1875 0.28437501192092896
0 1.05078125 1.2429687976837158 0.08281250298023224 0.12343750149011612
0 2.2445311546325684 1.225000023841858 0.07656250149011612 0.11249999701976776
0 1.4109375476837158 1.0554687976837158 0.03750000149011612 0.04843749850988388
0 1.888281226158142 1.048437476158142 0.0390625 0.04374999925494194
0 1.7820312976837158 0.996874988079071 0.0234375 0.02812499925494194
0 1.4617187976837158 1.025781273841858 0.0234375 0.03593749925494194
0 1.502343773841858 1.0031249523162842 0.0234375 0.03125
0 1.8312499523162842 1.0164062976837158 0.02187499962747097 0.03593749925494194
0 1.528906226158142 0.991406261920929 0.01718750037252903 0.02968749962747097
0 1.7570312023162842 0.983593761920929 0.01718750037252903 0.0234375
0 1.5476562976837158 0.9781249761581421 0.01718750037252903 0.02500000037252903
0 0.09140624850988388 1.8234374523162842 0.18281249701976776 0.265625
