0 0.500781238079071 0.8500000238418579 0.12031249701976776 0.16562500596046448
0 1.5390625 0.6468750238418579 0.07500000298023224 0.10625000298023224
0 1.029687523841858 0.518750011920929 0.02812499925494194 0.04062499850988388
0 0.6343749761581421 0.600781261920929 0.04062499850988388 0.05781250074505806
0 1.0789062976837158 0.535937488079071 0.03281249850988388 0.05000000074505806
0 1.0421874523162842 0.507031261920929 0.02187499962747097 0.03281249850988388
0 0.827343761920929 0.4765625 0.01718750037252903 0.03125
0 0.784375011920929 0.48515623807907104 0.015625 0.0234375
0 1.048437476158142 0.49531251192092896 0.02187499962747097 0.03125
0 0.762499988079071 0.4867187440395355 0.015625 0.02656250074505806
0 1.064062476158142 0.48515623807907104 0.015625 0.02656250074505806
0 0.4898437559604645 0.5796874761581421 0.08906249701976776 0.12187500298023224
0 0.72265625 0.49140626192092896 0.02031249925494194 0.02968749962747097
0 0.651562511920929 0.5023437738418579 0.015625 0.01718750037252903
