0 2.399218797683716 1.478906273841858 0.15468749403953552 0.2265625
0 1.603906273841858 1.1015625 0.07343749701976776 0.08124999701976776
0 1.885156273841858 1.068750023841858 0.0546875 0.06562499701976776
0 0.7046874761581421 1.2492187023162842 0.09375 0.12968750298023224
0 2.813281297683716 1.2453124523162842 0.08906249701976776 0.11562500149011612
0 2.4453125 1.0390625 0.03125 0.046875
0 2.637500047683716 1.0359375476837158 0.03125 0.04374999925494194
0 2.0921874046325684 1.0546875 0.046875 0.0625
0 2.882031202316284 1.041406273841858 0.02968749962747097 0.03593749925494194
0 3.0718750953674316 1.1359374523162842 0.06562499701976776 0.06875000149011612
0 3.03125 1.0265624523162842 0.015625 0.02500000037252903
0 3.071093797683716 1.006250023841858 0.01718750037252903 0.015625
0 2.999218702316284 1.0343749523162842 0.03281249850988388 0.03437500074505806
0 3.051562547683716 1.01953125 0.015625 0.02031249925494194
