0 0.6429687738418579 0.6195312738418579 0.04218750074505806 0.0703125
0 0.10468749701976776 1.040624976158142 0.140625 0.15625
0 1.2625000476837158 0.48750001192092896 0.04062499850988388 0.04062499850988388
0 0.6585937738418579 0.5375000238418579 0.02031249925494194 0.03437500074505806
0 0.9593750238418579 0.4742187559604645 0.01875000074505806 0.02656250074505806
0 0.569531261920929 0.5257812738418579 0.02031249925494194 0.0234375
0 0.11249999701976776 0.612500011920929 0.015625 0.02812499925494194
0 0.27812498807907104 0.5703125 0.015625 0.02500000037252903
0 0.3515625 0.55078125 0.015625 0.02031249925494194
0 0.77734375 0.47968751192092896 0.01406249962747097 0.02500000037252903
0 0.586718738079071 0.4984374940395355 0.01406249962747097 0.01875000074505806
0 1.3468749523162842 0.4281249940395355 0.01875000074505806 0.02187499962747097
0 1.759374976158142 0.4234375059604645 0.015625 0.02812499925494194
0 1.407812476158142 0.4164062440395355 0.015625 0.01718750037252903
0 0.4632812440395355 0.5328124761581421 0.01406249962747097 0.02187499962747097
0 1.162500023841858 0.43281251192092896 0.015625 0.01875000074505806
0 1.267968773841858 0.4195312559604645 0.01406249962747097 0.01718750037252903
