0 0.07578124850988388 0.3304687440395355 0.15156249701976776 0.17656250298023224
0 0.421875 0.2515625059604645 0.08124999701976776 0.10312499850988388
0 1.0695312023162842 0.25312501192092896 0.08281250298023224 0.10625000298023224
0 0.39765626192092896 0.16328124701976776 0.05781250074505806 0.07656250149011612
0 0.5140625238418579 0.16875000298023224 0.046875 0.0625
0 1.0281250476837158 0.13984374701976776 0.05312500149011612 0.07343749701976776
0 0.8828125 0.15000000596046448 0.05312500149011612 0.05312500149011612
0 0.8031250238418579 0.12812499701976776 0.03437500074505806 0.04374999925494194
0 0.6484375 0.11953125149011612 0.03125 0.04218750074505806
0 0.5687500238418579 0.09531249850988388 0.02500000037252903 0.03437500074505806
