0 0.7906249761581421 0.28046876192092896 0.05937499925494194 0.07656250149011612
0 0.73046875 0.203125 0.02968749962747097 0.03750000149011612
0 0.4007812440395355 0.22890624403953552 0.04218750074505806 0.0546875
0 0.23125000298023224 0.39453125 0.11562500149011612 0.1171875
0 0.19140625 0.2562499940395355 0.08281250298023224 0.05312500149011612
0 0.9742187261581421 0.21328124403953552 0.04531250149011612 0.04218750074505806
0 0.546875 0.19374999403953552 0.02500000037252903 0.03750000149011612
0 0.8359375 0.17343750596046448 0.02812499925494194 0.02187499962747097
0 0.528124988079071 0.16484375298023224 0.02187499962747097 0.02656250074505806
0 0.678906261920929 0.15468749403953552 0.01406249962747097 0.02187499962747097
0 0.574999988079071 0.14687499403953552 0.012500000186264515 0.01875000074505806
