0 0.725781261920929 0.9296875 0.13593749701976776 0.16562500596046448
0 2.7796874046325684 1.1015625 0.15000000596046448 0.21250000596046448
0 2.13671875 0.663281261920929 0.04843749850988388 0.06406249850988388
0 2.198437452316284 0.621874988079071 0.03125 0.04374999925494194
0 1.4968750476837158 0.6031249761581421 0.04374999925494194 0.05937499925494194
0 2.0570311546325684 0.578125 0.0234375 0.03750000149011612
0 1.682031273841858 0.5703125 0.02656250074505806 0.04062499850988388
0 2.4234375953674316 0.63671875 0.03125 0.0390625
0 1.865625023841858 0.5648437738418579 0.02500000037252903 0.03281249850988388
0 2.1578125953674316 0.565625011920929 0.015625 0.02500000037252903
0 2.387500047683716 0.604687511920929 0.01875000074505806 0.03125
0 2.567187547683716 0.6312500238418579 0.015625 0.02812499925494194
0 2.874218702316284 0.7054687738418579 0.0234375 0.03281249850988388
0 2.856250047683716 0.68359375 0.015625 0.0234375
0 1.7421875 0.5335937738418579 0.015625 0.0234375
0 1.6953125 0.5140625238418579 0.015625 0.01875000074505806
0 1.5421874523162842 0.51953125 0.015625 0.02031249925494194
0 1.5203125476837158 0.503125011920929 0.015625 0.015625
