0 2.1898436546325684 1.2421875 0.09531249850988388 0.12812499701976776
0 1.075781226158142 1.2546875476837158 0.09843750298023224 0.13750000298023224
0 1.3156249523162842 1.1015625 0.05312500149011612 0.07500000298023224
0 1.91015625 1.0968749523162842 0.05156249925494194 0.07187499850988388
0 1.8289062976837158 1.037500023841858 0.0390625 0.046875
0 1.439062476158142 1.0164062976837158 0.02812499925494194 0.03281249850988388
0 1.7765624523162842 1.0085937976837158 0.03437500074505806 0.0390625
0 1.462499976158142 0.9898437261581421 0.02500000037252903 0.05156249925494194
0 1.415624976158142 1.046875 0.03750000149011612 0.046875
0 1.74609375 0.9867187738418579 0.01718750037252903 0.04843749850988388
0 1.515625 0.975781261920929 0.015625 0.02031249925494194
0 1.7218749523162842 0.98046875 0.015625 0.02031249925494194
0 1.4874999523162842 0.985156238079071 0.01875000074505806 0.0234375
0 1.735937476158142 0.979687511920929 0.015625 0.04062499850988388
0 1.502343773841858 0.981249988079071 0.01718750037252903 0.02187499962747097
0 1.7062499523162842 0.9742187261581421 0.015625 0.0234375
0 1.53125 0.9671875238418579 0.015625 0.015625
