0 3.00390625 1.3351562023162842 0.1171875 0.15781250596046448
0 3.159374952316284 1.1335937976837158 0.05624999850988388 0.07968749850988388
0 2.335156202316284 1.053125023841858 0.05156249925494194 0.06875000149011612
0 1.9296875 1.07421875 0.05624999850988388 0.07656250149011612
0 1.364843726158142 1.177343726158142 0.09531249850988388 0.11093749850988388
0 2.8968749046325684 1.03515625 0.04062499850988388 0.06093750149011612
0 3.1734375953674316 1.025781273841858 0.03125 0.04218750074505806
0 3.051562547683716 1.0320312976837158 0.03750000149011612 0.04218750074505806
0 1.564062476158142 0.956250011920929 0.04374999925494194 0.02187499962747097
0 1.9890625476837158 0.94921875 0.03437500074505806 0.01718750037252903
