0 0.91015625 0.34765625 0.08281250298023224 0.10781250149011612
0 0.850781261920929 0.24921874701976776 0.04218750074505806 0.06406249850988388
0 0.8812500238418579 0.21484375 0.03125 0.04531250149011612
0 0.4984374940395355 0.20468750596046448 0.03437500074505806 0.046875
0 0.33125001192092896 0.2750000059604645 0.07187499850988388 0.078125
0 0.639843761920929 0.17890624701976776 0.02031249925494194 0.03593749925494194
0 0.7171875238418579 0.16640624403953552 0.015625 0.02656250074505806
0 0.5960937738418579 0.15859374403953552 0.01406249962747097 0.0234375
0 0.7632812261581421 0.15703125298023224 0.010937499813735485 0.02031249925494194
0 0.938281238079071 0.1953125 0.02656250074505806 0.03437500074505806
0 0.973437488079071 0.18984374403953552 0.015625 0.02968749962747097
0 0.9632812738418579 0.17578125 0.01406249962747097 0.0234375
0 0.9125000238418579 0.16171875596046448 0.015625 0.02031249925494194
0 0.20703125 0.08046875149011612 0.0546875 0.06718750298023224
0 0.676562488079071 0.13906249403953552 0.00937500037252903 0.015625
0 0.8296874761581421 0.14296874403953552 0.00937500037252903 0.01406249962747097
0 0.7328125238418579 0.15000000596046448 0.00937500037252903 0.01875000074505806
0 0.80078125 0.14687499403953552 0.010937499813735485 0.015625
0 0.784375011920929 0.13828125596046448 0.00937500037252903 0.01718750037252903
0 0.649218738079071 0.13750000298023224 0.01406249962747097 0.015625
0 0.74609375 0.13593749701976776 0.010937499813735485 0.015625
0 0.6171875 0.13750000298023224 0.00937500037252903 0.01875000074505806
0 0.8609374761581421 0.15468749403953552 0.00937500037252903 0.012500000186264515
0 0.9242187738418579 0.15468749403953552 0.010937499813735485 0.01875000074505806
