0 1.3820312023162842 0.70703125 0.09531249850988388 0.1484375
0 1.435156226158142 0.5609375238418579 0.0546875 0.08437500149011612
0 1.525781273841858 0.5171874761581421 0.03593749925494194 0.05312500149011612
0 0.35546875 0.4765625 0.06406249850988388 0.09687499701976776
0 0.793749988079071 0.3765625059604645 0.02812499925494194 0.05000000074505806
0 1.736718773841858 0.524218738079071 0.02656250074505806 0.03593749925494194
0 1.134374976158142 0.38984376192092896 0.02500000037252903 0.02968749962747097
0 1.4812500476837158 0.4351562559604645 0.015625 0.02031249925494194
0 1.720312476158142 0.4789062440395355 0.015625 0.01718750037252903
0 1.9249999523162842 0.5570312738418579 0.015625 0.02656250074505806
0 0.484375 0.29374998807907104 0.015625 0.02187499962747097
0 0.59375 0.2828125059604645 0.015625 0.01875000074505806
0 0.28046876192092896 0.29218751192092896 0.01718750037252903 0.02187499962747097
0 0.21562500298023224 0.27812498807907104 0.015625 0.01875000074505806
0 0.08828125149011612 0.28984373807907104 0.01718750037252903 0.02031249925494194
0 0.14531250298023224 0.2757812440395355 0.015625 0.01718750037252903
