0 0.520312488079071 0.6664062738418579 0.07187499850988388 0.09531249850988388
0 1.232031226158142 0.49609375 0.02968749962747097 0.04531250149011612
0 1.5867187976837158 0.702343761920929 0.0703125 0.11093749850988388
0 1.3953125476837158 0.5570312738418579 0.03125 0.0546875
0 0.824999988079071 0.518750011920929 0.03125 0.04374999925494194
0 0.7992187738418579 0.48359376192092896 0.0234375 0.02968749962747097
0 1.0710937976837158 0.4625000059604645 0.02656250074505806 0.03125
0 0.731249988079071 0.453125 0.015625 0.015625
0 0.729687511920929 0.47187501192092896 0.015625 0.02187499962747097
0 0.6343749761581421 0.4710937440395355 0.015625 0.01718750037252903
0 0.879687488079071 0.45234376192092896 0.015625 0.01718750037252903
0 1.623437523841858 0.4781250059604645 0.015625 0.02187499962747097
0 0.47343748807907104 0.47734373807907104 0.01875000074505806 0.0234375
0 1.794531226158142 0.50390625 0.01718750037252903 0.0234375
0 0.2796874940395355 0.49531251192092896 0.015625 0.02187499962747097
0 0.31718748807907104 0.4820312559604645 0.015625 0.01718750037252903
0 1.782812476158142 0.50390625 0.015625 0.0234375
0 0.09062500298023224 0.507031261920929 0.015625 0.01718750037252903
0 0.567187488079071 0.46015626192092896 0.015625 0.01718750037252903
0 1.767187476158142 0.4937500059604645 0.01875000074505806 0.04062499850988388
0 0.07343749701976776 0.5210937261581421 0.015625 0.02031249925494194
