0 0.13203124701976776 0.3968749940395355 0.10781250149011612 0.11562500149011612
0 0.8695312738418579 0.2265625 0.0390625 0.05312500149011612
0 0.4164062440395355 0.21953125298023224 0.0390625 0.04843749850988388
0 0.7054687738418579 0.171875 0.01718750037252903 0.02812499925494194
0 0.4164062440395355 0.17343750596046448 0.02031249925494194 0.03125
0 0.6117187738418579 0.15468749403953552 0.01406249962747097 0.02187499962747097
0 0.5687500238418579 0.14921875298023224 0.015625 0.01718750037252903
0 0.15625 0.16562500596046448 0.02187499962747097 0.02812499925494194
0 0.37812501192092896 0.15703125298023224 0.01875000074505806 0.0234375
0 0.40234375 0.13984374701976776 0.01406249962747097 0.01718750037252903
0 0.28437501192092896 0.14921875298023224 0.02187499962747097 0.0234375
0 0.4898437559604645 0.14140625298023224 0.01406249962747097 0.01718750037252903
0 0.26484376192092896 0.140625 0.01406249962747097 0.01875000074505806
