0 0.12578125298023224 1.5421874523162842 0.2515625059604645 0.2750000059604645
0 0.6507812738418579 0.9664062261581421 0.14218750596046448 0.18281249701976776
0 1.8937499523162842 0.6890624761581421 0.06562499701976776 0.08749999850988388
0 0.741406261920929 0.6664062738418579 0.04843749850988388 0.0703125
0 0.628125011920929 0.6070312261581421 0.03437500074505806 0.04843749850988388
0 1.2734375 0.58984375 0.04374999925494194 0.05781250074505806
0 0.37812501192092896 0.5874999761581421 0.02812499925494194 0.03750000149011612
0 1.001562476158142 0.543749988079071 0.02812499925494194 0.04062499850988388
0 0.7210937738418579 0.5367187261581421 0.02656250074505806 0.03593749925494194
0 0.2593750059604645 0.573437511920929 0.03125 0.03437500074505806
