0 0.596875011920929 1.0390625 0.02812499925494194 0.03750000149011612
0 0.538281261920929 1.017187476158142 0.03281249850988388 0.03437500074505806
0 0.785937488079071 1.0148437023162842 0.02500000037252903 0.02968749962747097
0 0.676562488079071 0.995312511920929 0.02812499925494194 0.04374999925494194
0 0.3265624940395355 1.040624976158142 0.03750000149011612 0.04374999925494194
0 0.715624988079071 0.991406261920929 0.02500000037252903 0.0390625
0 0.907031238079071 0.9921875 0.0234375 0.04374999925494194
0 0.93359375 0.989062488079071 0.02031249925494194 0.04374999925494194
0 0.81640625 0.992968738079071 0.02031249925494194 0.02656250074505806
0 0.24531249701976776 1.09375 0.04374999925494194 0.05624999850988388
