0 0.7718750238418579 0.17265625298023224 0.05937499925494194 0.0859375
0 0.9078124761581421 0.109375 0.05624999850988388 0.04374999925494194
0 0.48124998807907104 0.12265624850988388 0.04062499850988388 0.05156249925494194
0 0.778124988079071 0.06718750298023224 0.04062499850988388 0.02812499925494194
0 1.197656273841858 0.37968748807907104 0.1015625 0.18125000596046448
0 0.14609375596046448 0.14531250298023224 0.04531250149011612 0.0625
0 0.04531250149011612 0.2679687440395355 0.09062500298023224 0.1171875
0 0.125 0.10468749701976776 0.03437500074505806 0.04374999925494194
0 0.3179687559604645 0.08437500149011612 0.02968749962747097 0.04062499850988388
0 0.17343750596046448 0.06171875074505806 0.02187499962747097 0.03281249850988388
0 0.03281249850988388 0.05234374850988388 0.01875000074505806 0.02656250074505806
0 0.16796875 0.010937499813735485 0.02031249925494194 0.02187499962747097
0 0.01875000074505806 0.07578124850988388 0.02500000037252903 0.03593749925494194
