0 1.178125023841858 0.609375 0.22812500596046448 0.24375000596046448
0 0.11093749850988388 0.55859375 0.21250000596046448 0.19218750298023224
0 0.9195312261581421 0.542187511920929 0.08281250298023224 0.09687499701976776
0 0.40625 0.518750011920929 0.06562499701976776 0.08437500149011612
0 0.835156261920929 0.520312488079071 0.04218750074505806 0.0625
0 0.5367187261581421 0.500781238079071 0.02656250074505806 0.0390625
0 0.801562488079071 0.512499988079071 0.03125 0.04062499850988388
0 0.664843738079071 0.49921876192092896 0.02031249925494194 0.02656250074505806
0 0.4859375059604645 0.507031261920929 0.04062499850988388 0.05781250074505806
0 0.7289062738418579 0.503125011920929 0.02031249925494194 0.03125
0 0.3851562440395355 0.4921875 0.01718750037252903 0.02500000037252903
0 0.6000000238418579 0.49609375 0.012500000186264515 0.0234375
0 0.4296875 0.4945312440395355 0.02500000037252903 0.02968749962747097
