0 0.637499988079071 1.484375 0.23125000298023224 0.39375001192092896
0 2.71484375 1.514062523841858 0.2734375 0.40625
0 2.2054686546325684 1.232031226158142 0.09843750298023224 0.12968750298023224
0 1.9484374523162842 1.109375 0.06562499701976776 0.08749999850988388
0 1.01171875 1.28125 0.10781250149011612 0.14687499403953552
0 1.2453124523162842 1.1085937023162842 0.05937499925494194 0.07968749850988388
0 1.7921874523162842 1.025781273841858 0.03437500074505806 0.04531250149011612
0 1.3664062023162842 1.021875023841858 0.03593749925494194 0.04374999925494194
0 1.7429687976837158 0.995312511920929 0.02656250074505806 0.03437500074505806
0 0.15078124403953552 2.0140624046325684 0.2984375059604645 0.6000000238418579
0 1.70703125 0.977343738079071 0.02031249925494194 0.02968749962747097
0 1.412500023841858 0.989062488079071 0.02187499962747097 0.03125
0 1.42578125 0.9750000238418579 0.02031249925494194 0.02812499925494194
0 1.6804687976837158 0.9632812738418579 0.01718750037252903 0.02656250074505806
0 1.4460937976837158 0.9632812738418579 0.01718750037252903 0.02968749962747097
0 3.106250047683716 1.9210937023162842 0.1875 0.36406248807907104
