0 0.5171874761581421 0.672656238079071 0.08749999850988388 0.10781250149011612
0 0.05624999850988388 0.8421875238418579 0.11249999701976776 0.1875
0 1.350000023841858 0.6187499761581421 0.078125 0.10625000298023224
0 0.699999988079071 0.582812488079071 0.04062499850988388 0.05624999850988388
0 1.0203125476837158 0.5210937261581421 0.02187499962747097 0.03593749925494194
0 0.557812511920929 0.530468761920929 0.01875000074505806 0.03593749925494194
0 0.897656261920929 0.5140625238418579 0.02031249925494194 0.03437500074505806
0 0.707812488079071 0.5484374761581421 0.01875000074505806 0.03750000149011612
0 1.193750023841858 0.539843738079071 0.03437500074505806 0.05156249925494194
0 0.3765625059604645 0.522656261920929 0.015625 0.02656250074505806
0 0.7328125238418579 0.510937511920929 0.015625 0.02500000037252903
0 0.5531250238418579 0.5078125 0.015625 0.02187499962747097
