0 0.04218750074505806 1.084375023841858 0.04062499850988388 0.04374999925494194
0 0.3671875 1.045312523841858 0.03437500074505806 0.03750000149011612
0 0.5859375 1.017968773841858 0.02500000037252903 0.02968749962747097
0 0.25468748807907104 1.0945312976837158 0.04062499850988388 0.05156249925494194
0 0.8421875238418579 1.014062523841858 0.015625 0.02187499962747097
0 0.5375000238418579 1.056249976158142 0.03125 0.03750000149011612
0 0.7265625 1.0 0.015625 0.02500000037252903
0 0.719531238079071 1.029687523841858 0.02031249925494194 0.03125
0 0.831250011920929 0.9859374761581421 0.015625 0.01875000074505806
0 0.9609375 0.995312511920929 0.015625 0.015625
0 1.0703125 0.969531238079071 0.015625 0.02031249925494194
0 0.9281250238418579 0.9765625 0.015625 0.01875000074505806
0 1.013281226158142 0.971875011920929 0.02031249925494194 0.02187499962747097
0 1.1124999523162842 0.967968761920929 0.015625 0.01718750037252903
0 1.09375 0.9781249761581421 0.015625 0.015625
0 1.1531250476837158 0.965624988079071 0.015625 0.015625
0 1.1875 0.9632812738418579 0.015625 0.02031249925494194
0 1.2312500476837158 0.9671875238418579 0.015625 0.015625
0 1.267187476158142 0.964062511920929 0.015625 0.015625
0 1.295312523841858 0.964062511920929 0.015625 0.015625
0 1.037500023841858 0.984375 0.015625 0.02187499962747097
