0 0.30781251192092896 0.42890626192092896 0.13750000298023224 0.12656250596046448
0 0.975781261920929 0.2757812440395355 0.08281250298023224 0.08906249701976776
0 0.809374988079071 0.16093750298023224 0.02812499925494194 0.03750000149011612
0 0.6171875 0.1171875 0.012500000186264515 0.015625
0 0.21406249701976776 0.23046875 0.05937499925494194 0.06718750298023224
0 0.46171873807907104 0.16484375298023224 0.02656250074505806 0.03593749925494194
0 0.71484375 0.13515624403953552 0.01718750037252903 0.0234375
0 0.553906261920929 0.12421874701976776 0.010937499813735485 0.01718750037252903
0 0.6875 0.11562500149011612 0.00937500037252903 0.015625
0 0.573437511920929 0.10781250149011612 0.00937500037252903 0.00937500037252903
