0 1.122656226158142 1.3445312976837158 0.12656250596046448 0.17343750596046448
0 1.9523437023162842 1.107031226158142 0.06093750149011612 0.0859375
0 1.8562500476837158 1.0085937976837158 0.03125 0.04531250149011612
0 1.380468726158142 1.095312476158142 0.06093750149011612 0.08437500149011612
0 2.417187452316284 1.056249976158142 0.04062499850988388 0.05624999850988388
0 1.513281226158142 0.9859374761581421 0.02656250074505806 0.03750000149011612
0 1.8289062976837158 0.9828125238418579 0.0234375 0.03437500074505806
0 2.0679688453674316 0.9765625 0.02031249925494194 0.03437500074505806
0 2.4859375953674316 1.013281226158142 0.02812499925494194 0.04218750074505806
0 1.528906226158142 0.971875011920929 0.01718750037252903 0.03437500074505806
0 1.5546875 0.953906238079071 0.015625 0.0234375
0 1.7421875 0.9476562738418579 0.015625 0.0234375
0 2.2359375953674316 0.957812488079071 0.015625 0.01875000074505806
0 1.7578125 0.952343761920929 0.015625 0.0234375
0 2.6703124046325684 0.9781249761581421 0.015625 0.02187499962747097
0 2.8539061546325684 1.0031249523162842 0.0234375 0.03437500074505806
