0 2.456249952316284 1.57421875 0.171875 0.2421875
0 2.1796875 1.1828124523162842 0.06562499701976776 0.11562500149011612
0 1.021875023841858 1.130468726158142 0.078125 0.09531249850988388
0 1.7429687976837158 1.033593773841858 0.02656250074505806 0.0390625
0 2.214062452316284 1.095312476158142 0.03750000149011612 0.0625
0 1.514062523841858 1.05859375 0.02812499925494194 0.0546875
0 2.3421874046325684 1.0625 0.03437500074505806 0.046875
0 2.3031249046325684 1.0437500476837158 0.02500000037252903 0.04062499850988388
0 2.1343750953674316 1.0125000476837158 0.02187499962747097 0.03125
0 1.8203125 1.017968773841858 0.02187499962747097 0.03281249850988388
0 1.939843773841858 0.995312511920929 0.01718750037252903 0.02500000037252903
0 1.7820312976837158 0.983593761920929 0.01718750037252903 0.0234375
0 1.4539062976837158 0.973437488079071 0.01718750037252903 0.02500000037252903
0 2.23828125 1.024999976158142 0.0234375 0.03125
0 1.6484375 0.9937499761581421 0.02187499962747097 0.03125
0 1.7921874523162842 1.00390625 0.02187499962747097 0.03281249850988388
0 1.34375 0.967968761920929 0.015625 0.0234375
0 1.4031250476837158 0.96484375 0.015625 0.0234375
0 1.2140624523162842 0.9750000238418579 0.015625 0.02500000037252903
0 1.424218773841858 0.9828125238418579 0.02031249925494194 0.02500000037252903
0 1.46875 0.9585937261581421 0.015625 0.02031249925494194
0 1.115625023841858 0.96875 0.015625 0.02187499962747097
0 1.0968749523162842 0.964062511920929 0.015625 0.02187499962747097
0 1.6375000476837158 0.979687511920929 0.015625 0.02812499925494194
0 0.17812499403953552 1.02734375 0.03437500074505806 0.05781250074505806
0 0.21953125298023224 1.006250023841858 0.02656250074505806 0.04062499850988388
0 0.3460937440395355 1.0046875476837158 0.02031249925494194 0.02500000037252903
