0 2.1773438453674316 1.287500023841858 0.15781250596046448 0.2718749940395355
0 0.854687511920929 1.232031226158142 0.13124999403953552 0.2421875
0 0.714062511920929 1.3585937023162842 0.203125 0.29218751192092896
0 1.002343773841858 1.166406273841858 0.07656250149011612 0.09843750298023224
0 2.038281202316284 1.2218749523162842 0.14218750596046448 0.21250000596046448
0 1.833593726158142 1.130468726158142 0.0703125 0.08906249701976776
0 1.6828124523162842 1.0656249523162842 0.05000000074505806 0.06562499701976776
0 1.1242187023162842 1.076562523841858 0.04843749850988388 0.06875000149011612
0 1.2023437023162842 1.010156273841858 0.03593749925494194 0.04531250149011612
0 1.5703125 1.005468726158142 0.03437500074505806 0.04531250149011612
0 1.529687523841858 0.984375 0.02500000037252903 0.03125
0 1.5 0.971875011920929 0.01875000074505806 0.02812499925494194
0 1.4757812023162842 0.9593750238418579 0.02031249925494194 0.02812499925494194
