0 1.0398437976837158 0.5765625238418579 0.03593749925494194 0.05937499925494194
0 1.779687523841858 0.774218738079071 0.09375 0.1484375
0 0.37031251192092896 1.0203125476837158 0.13124999403953552 0.19374999403953552
0 0.565625011920929 0.651562511920929 0.046875 0.07187499850988388
0 1.576562523841858 0.4921875 0.02187499962747097 0.03437500074505806
0 1.321874976158142 0.4820312559604645 0.015625 0.02656250074505806
0 0.831250011920929 0.550000011920929 0.02187499962747097 0.03125
0 0.538281261920929 0.590624988079071 0.02656250074505806 0.04062499850988388
0 1.923437476158142 0.4765625 0.02187499962747097 0.03437500074505806
0 1.6867187023162842 0.4742187559604645 0.02031249925494194 0.02968749962747097
0 0.7484375238418579 0.528124988079071 0.01875000074505806 0.02500000037252903
0 1.4921875 0.46875 0.015625 0.02500000037252903
0 0.5289062261581421 0.5523437261581421 0.01718750037252903 0.02656250074505806
0 0.6937500238418579 0.5101562738418579 0.015625 0.01718750037252903
