0 0.5093749761581421 0.8046875 0.10625000298023224 0.125
0 2.1890625953674316 0.844531238079071 0.11874999850988388 0.14531250298023224
0 1.0593750476837158 0.5679687261581421 0.02500000037252903 0.04531250149011612
0 1.04296875 0.59765625 0.03593749925494194 0.0546875
0 1.971093773841858 0.592968761920929 0.05156249925494194 0.07968749850988388
0 1.829687476158142 0.586718738079071 0.03125 0.04843749850988388
0 2.3984375 0.62890625 0.04062499850988388 0.07343749701976776
0 1.903906226158142 0.563281238079071 0.0234375 0.03593749925494194
0 1.572656273841858 0.543749988079071 0.01718750037252903 0.03125
0 0.93359375 0.563281238079071 0.02656250074505806 0.0390625
0 0.46796876192092896 0.6031249761581421 0.0234375 0.04062499850988388
0 0.6953125 0.57421875 0.02812499925494194 0.0390625
0 1.9874999523162842 0.5171874761581421 0.015625 0.015625
0 2.227343797683716 0.5859375 0.02656250074505806 0.03750000149011612
