0 2.6968750953674316 1.415624976158142 0.14374999701976776 0.19374999403953552
0 0.839062511920929 1.3828125 0.12812499701976776 0.17812499403953552
0 2.1031250953674316 1.139062523841858 0.06562499701976776 0.08749999850988388
0 1.2531249523162842 1.126562476158142 0.07187499850988388 0.08124999701976776
0 1.9367187023162842 1.048437476158142 0.02968749962747097 0.05000000074505806
0 1.376562476158142 1.0460937023162842 0.04062499850988388 0.0546875
0 1.885156273841858 1.01171875 0.02656250074505806 0.0390625
0 1.447656273841858 1.006250023841858 0.02968749962747097 0.04062499850988388
0 1.4890625476837158 0.9867187738418579 0.02500000037252903 0.03281249850988388
0 1.8171875476837158 0.989062488079071 0.02500000037252903 0.03125
0 1.7703125476837158 0.973437488079071 0.01875000074505806 0.02500000037252903
0 1.748437523841858 0.9624999761581421 0.015625 0.02187499962747097
0 1.5078125 0.9750000238418579 0.015625 0.02812499925494194
0 1.5203125476837158 0.9624999761581421 0.015625 0.02187499962747097
0 1.7273437976837158 0.9546874761581421 0.01718750037252903 0.02187499962747097
