0 0.14218750596046448 0.33671873807907104 0.08749999850988388 0.1328125
0 0.696093738079071 0.13437500596046448 0.02968749962747097 0.04374999925494194
0 0.778124988079071 0.1171875 0.02187499962747097 0.03750000149011612
0 0.87890625 0.21171875298023224 0.06093750149011612 0.07968749850988388
0 0.4749999940395355 0.17890624701976776 0.05000000074505806 0.0703125
0 1.05859375 0.42890626192092896 0.07968749850988388 0.13593749701976776
0 0.6929687261581421 0.07734374701976776 0.03593749925494194 0.02031249925494194
0 0.936718761920929 0.14609375596046448 0.0390625 0.05781250074505806
0 0.10468749701976776 0.05234374850988388 0.04374999925494194 0.04218750074505806
0 0.44609373807907104 0.04062499850988388 0.03281249850988388 0.04374999925494194
