0 2.403125047683716 1.265625 0.09062500298023224 0.14374999701976776
0 2.8515625 1.2179687023162842 0.08749999850988388 0.12031249701976776
0 2.0546875 1.091406226158142 0.05624999850988388 0.07968749850988388
0 1.1726562976837158 1.2687499523162842 0.09843750298023224 0.15000000596046448
0 1.939062476158142 1.033593773841858 0.04062499850988388 0.0546875
0 1.342187523841858 1.1062500476837158 0.0625 0.078125
0 1.424218773841858 1.0398437976837158 0.03593749925494194 0.04843749850988388
0 2.1078124046325684 1.013281226158142 0.03125 0.04218750074505806
0 2.2945313453674316 1.0625 0.04218750074505806 0.06875000149011612
0 1.8781249523162842 1.005468726158142 0.03125 0.04218750074505806
0 1.8359375 0.991406261920929 0.02500000037252903 0.03281249850988388
0 2.528125047683716 1.024999976158142 0.03437500074505806 0.05312500149011612
0 2.3453125953674316 0.9976562261581421 0.02812499925494194 0.03593749925494194
0 2.299999952316284 0.989062488079071 0.02500000037252903 0.03437500074505806
0 1.963281273841858 0.983593761920929 0.0234375 0.03281249850988388
0 1.48046875 1.006250023841858 0.02968749962747097 0.04374999925494194
0 2.0093750953674316 0.992968738079071 0.02500000037252903 0.03593749925494194
0 1.8093750476837158 0.981249988079071 0.02187499962747097 0.03125
0 2.815624952316284 1.0750000476837158 0.05000000074505806 0.0625
0 2.249218702316284 0.984375 0.02031249925494194 0.02812499925494194
0 1.7468750476837158 0.9664062261581421 0.015625 0.02031249925494194
0 2.1351561546325684 0.977343738079071 0.01718750037252903 0.0234375
0 1.9304687976837158 0.9781249761581421 0.02031249925494194 0.02500000037252903
0 1.943750023841858 0.973437488079071 0.015625 0.02500000037252903
0 1.5867187976837158 0.9710937738418579 0.01718750037252903 0.0234375
0 1.8484375476837158 0.973437488079071 0.02187499962747097 0.02500000037252903
0 1.501562476158142 0.9898437261581421 0.015625 0.03593749925494194
