0 0.6890624761581421 0.7007812261581421 0.07187499850988388 0.09531249850988388
0 1.5085937976837158 0.624218761920929 0.06093750149011612 0.07656250149011612
0 1.2898437976837158 0.5390625 0.03593749925494194 0.046875
0 0.563281238079071 0.629687488079071 0.04531250149011612 0.0625
0 0.5054687261581421 0.5882812738418579 0.03281249850988388 0.04531250149011612
0 0.606249988079071 0.539843738079071 0.01875000074505806 0.02968749962747097
0 1.196874976158142 0.5023437738418579 0.02187499962747097 0.03281249850988388
0 0.90625 0.5210937261581421 0.01875000074505806 0.03281249850988388
0 0.739062488079071 0.507031261920929 0.015625 0.02031249925494194
0 1.149999976158142 0.48359376192092896 0.015625 0.02031249925494194
