0 1.66796875 0.6304687261581421 0.06718750298023224 0.11406250298023224
0 0.629687488079071 0.4468750059604645 0.04374999925494194 0.07187499850988388
0 1.173437476158142 0.43828123807907104 0.03437500074505806 0.0546875
0 0.8960937261581421 0.35859376192092896 0.02031249925494194 0.03281249850988388
0 0.641406238079071 0.4000000059604645 0.02656250074505806 0.05000000074505806
0 0.504687488079071 0.6226562261581421 0.07187499850988388 0.12343750149011612
0 0.6890624761581421 0.33125001192092896 0.015625 0.02500000037252903
0 0.5609375238418579 0.3656249940395355 0.02500000037252903 0.03750000149011612
0 0.34453123807907104 0.35078126192092896 0.01718750037252903 0.02656250074505806
0 0.6000000238418579 0.32343751192092896 0.015625 0.02187499962747097
0 0.46796876192092896 0.3460937440395355 0.01718750037252903 0.02656250074505806
0 0.535937488079071 0.31640625 0.015625 0.01718750037252903
0 0.3828125 0.3343749940395355 0.015625 0.01875000074505806
0 0.17578125 0.35234373807907104 0.01718750037252903 0.02031249925494194
0 0.2265625 0.3570312559604645 0.01875000074505806 0.02656250074505806
