0 0.3453125059604645 1.91796875 0.3843750059604645 0.41718751192092896
0 1.2890625 1.17578125 0.078125 0.10781250149011612
0 2.239062547683716 1.1749999523162842 0.08749999850988388 0.109375
0 2.6304688453674316 1.14453125 0.0703125 0.09218750149011612
0 2.229687452316284 1.0343749523162842 0.04062499850988388 0.05937499925494194
0 2.0054688453674316 1.056249976158142 0.04843749850988388 0.06562499701976776
0 1.4015624523162842 1.0656249523162842 0.05624999850988388 0.07187499850988388
0 2.0843749046325684 0.995312511920929 0.02812499925494194 0.04062499850988388
0 2.703906297683716 1.04296875 0.02968749962747097 0.05781250074505806
0 1.466406226158142 1.017187476158142 0.0390625 0.05000000074505806
0 1.9265625476837158 1.0085937976837158 0.03437500074505806 0.05156249925494194
0 1.876562476158142 0.98828125 0.02812499925494194 0.04218750074505806
0 2.00390625 0.977343738079071 0.0234375 0.03593749925494194
0 1.842187523841858 0.9750000238418579 0.02187499962747097 0.03125
0 2.3179688453674316 0.98046875 0.01718750037252903 0.02656250074505806
0 2.4742188453674316 1.002343773841858 0.02968749962747097 0.0390625
0 2.2828125953674316 0.9742187261581421 0.015625 0.02656250074505806
0 1.509374976158142 0.98828125 0.02187499962747097 0.03593749925494194
0 2.135937452316284 0.9624999761581421 0.015625 0.02187499962747097
0 2.239062547683716 0.967968761920929 0.01875000074505806 0.02968749962747097
0 1.857812523841858 0.965624988079071 0.01875000074505806 0.03125
0 1.96484375 0.9664062261581421 0.02031249925494194 0.02968749962747097
0 1.8195312023162842 0.9671875238418579 0.01718750037252903 0.02812499925494194
0 3.167187452316284 1.114843726158142 0.05937499925494194 0.07343749701976776
0 1.7625000476837158 0.9554687738418579 0.015625 0.0234375
0 1.935937523841858 0.964062511920929 0.01875000074505806 0.02812499925494194
0 1.528906226158142 0.975781261920929 0.01718750037252903 0.02968749962747097
0 1.8093750476837158 0.961718738079071 0.015625 0.02656250074505806
0 1.607812523841858 0.9585937261581421 0.015625 0.02031249925494194
