0 0.46796876192092896 1.0359375476837158 0.02656250074505806 0.03437500074505806
0 0.7203124761581421 1.0265624523162842 0.02187499962747097 0.03125
0 0.13359375298023224 1.1101562976837158 0.04218750074505806 0.05156249925494194
0 0.21015624701976776 1.06640625 0.02968749962747097 0.04218750074505806
0 0.504687488079071 1.060156226158142 0.02812499925494194 0.03593749925494194
0 0.792187511920929 0.9984375238418579 0.015625 0.02187499962747097
0 0.660937488079071 1.014062523841858 0.01875000074505806 0.02500000037252903
0 0.948437511920929 1.002343773841858 0.015625 0.02031249925494194
0 0.895312488079071 0.985156238079071 0.015625 0.02031249925494194
0 0.840624988079071 1.0148437023162842 0.01875000074505806 0.02656250074505806
0 0.96875 0.9765625 0.015625 0.01875000074505806
0 1.024999976158142 0.992968738079071 0.015625 0.02031249925494194
0 1.0281250476837158 0.9703124761581421 0.015625 0.02187499962747097
0 1.0859375 0.9859374761581421 0.015625 0.02187499962747097
0 1.189062476158142 0.9703124761581421 0.015625 0.01875000074505806
0 1.1437499523162842 0.9742187261581421 0.015625 0.01718750037252903
0 1.139062523841858 0.961718738079071 0.015625 0.01718750037252903
0 1.173437476158142 0.961718738079071 0.015625 0.01718750037252903
0 1.201562523841858 0.960156261920929 0.015625 0.01718750037252903
0 1.0859375 0.964062511920929 0.015625 0.015625
