0 0.6265624761581421 0.44062501192092896 0.03437500074505806 0.05312500149011612
0 0.7828124761581421 0.38749998807907104 0.02187499962747097 0.03437500074505806
0 0.8218749761581421 0.37109375 0.015625 0.02656250074505806
0 1.193750023841858 0.3968749940395355 0.03125 0.03750000149011612
0 1.142187476158142 0.37812501192092896 0.02187499962747097 0.02812499925494194
0 0.9203125238418579 0.3570312559604645 0.00937500037252903 0.02031249925494194
0 1.126562476158142 0.3656249940395355 0.015625 0.02187499962747097
0 1.1203124523162842 0.3578124940395355 0.015625 0.01875000074505806
0 0.9039062261581421 0.359375 0.01406249962747097 0.02187499962747097
0 1.083593726158142 0.3460937440395355 0.010937499813735485 0.01718750037252903
0 1.09375 0.3515625 0.00937500037252903 0.01875000074505806
