0 2.3109374046325684 0.7601562738418579 0.05937499925494194 0.09218750149011612
0 1.2531249523162842 0.703125 0.06562499701976776 0.08749999850988388
0 2.0796875953674316 0.6171875 0.03437500074505806 0.04374999925494194
0 1.611718773841858 0.5843750238418579 0.03281249850988388 0.04062499850988388
0 2.151562452316284 0.59765625 0.02187499962747097 0.03593749925494194
0 1.748437523841858 0.56640625 0.02187499962747097 0.03281249850988388
0 1.8984375 0.56640625 0.01875000074505806 0.02656250074505806
0 2.0601563453674316 0.5726562738418579 0.01718750037252903 0.02968749962747097
0 2.3515625 0.61328125 0.02500000037252903 0.03281249850988388
0 2.518749952316284 0.6156250238418579 0.015625 0.02500000037252903
0 2.969531297683716 0.692187488079071 0.0234375 0.03750000149011612
0 2.164843797683716 0.567187488079071 0.01718750037252903 0.01875000074505806
