0 0.4007812440395355 0.6937500238418579 0.07968749850988388 0.15625
0 0.862500011920929 0.40234375 0.03750000149011612 0.0546875
0 1.3351562023162842 0.4046874940395355 0.0234375 0.03750000149011612
0 1.4796874523162842 0.49140626192092896 0.03125 0.0546875
0 0.885937511920929 0.3687500059604645 0.02500000037252903 0.03750000149011612
0 1.032812476158142 0.34843748807907104 0.015625 0.02500000037252903
0 1.4617187976837158 0.40546876192092896 0.01718750037252903 0.02656250074505806
0 1.2546875476837158 0.35468751192092896 0.015625 0.02187499962747097
0 1.755468726158142 0.46015626192092896 0.01718750037252903 0.0234375
0 1.579687476158142 0.4195312559604645 0.015625 0.02968749962747097
