0 0.6695312261581421 1.3234374523162842 0.23906250298023224 0.328125
0 1.032812476158142 0.914843738079071 0.10000000149011612 0.16093750298023224
0 0.852343738079071 0.7265625 0.05156249925494194 0.08124999701976776
0 0.948437511920929 0.796875 0.08749999850988388 0.11249999701976776
0 0.6109374761581421 0.659375011920929 0.03750000149011612 0.05312500149011612
0 1.3640625476837158 0.596875011920929 0.04062499850988388 0.05000000074505806
0 2.608593702316284 0.8851562738418579 0.10468749701976776 0.12656250596046448
0 2.0210938453674316 0.7054687738418579 0.06406249850988388 0.0859375
0 0.9296875 0.594531238079071 0.02812499925494194 0.03593749925494194
0 0.40625 0.645312488079071 0.02812499925494194 0.03750000149011612
0 0.655468761920929 0.5859375 0.0234375 0.03125
0 2.9632811546325684 0.703125 0.04218750074505806 0.06562499701976776
0 2.8570313453674316 0.6507812738418579 0.04531250149011612 0.0703125
0 0.3671875 0.6039062738418579 0.02500000037252903 0.03281249850988388
0 0.07265625149011612 0.66796875 0.04843749850988388 0.0546875
