0 0.92578125 0.24453124403953552 0.05781250074505806 0.0703125
0 0.18671874701976776 0.37031251192092896 0.09843750298023224 0.11562500149011612
0 0.753125011920929 0.17812499403953552 0.02812499925494194 0.04062499850988388
0 0.43281251192092896 0.20234374701976776 0.03750000149011612 0.05156249925494194
0 0.5625 0.16249999403953552 0.01875000074505806 0.03125
0 1.032812476158142 0.18671874701976776 0.04374999925494194 0.03593749925494194
0 0.551562488079071 0.13906249403953552 0.015625 0.02500000037252903
0 0.7484375238418579 0.1484375 0.01875000074505806 0.02500000037252903
0 0.703125 0.13437500596046448 0.00937500037252903 0.01875000074505806
0 0.5859375 0.13203124701976776 0.00937500037252903 0.01718750037252903
