0 0.09531249850988388 0.40546876192092896 0.09375 0.11406250298023224
0 0.21875 0.26875001192092896 0.05624999850988388 0.06562499701976776
0 0.625781238079071 0.23593750596046448 0.04843749850988388 0.03750000149011612
0 0.5249999761581421 0.24062499403953552 0.05312500149011612 0.03750000149011612
0 0.45390623807907104 0.22968749701976776 0.04843749850988388 0.04062499850988388
0 0.2718749940395355 0.20624999701976776 0.03750000149011612 0.04062499850988388
0 0.635937511920929 0.18906250596046448 0.02812499925494194 0.03750000149011612
0 0.01875000074505806 0.24375000596046448 0.03750000149011612 0.05312500149011612
0 0.5874999761581421 0.17890624701976776 0.02500000037252903 0.03281249850988388
0 0.5101562738418579 0.20781250298023224 0.03281249850988388 0.03125
0 0.6851562261581421 0.08749999850988388 0.0234375 0.03750000149011612
0 0.624218761920929 0.14453125 0.0234375 0.03593749925494194
0 0.6546875238418579 0.13906249403953552 0.01875000074505806 0.03125
0 0.5445312261581421 0.13359375298023224 0.01718750037252903 0.02656250074505806
0 0.5859375 0.13593749701976776 0.015625 0.02187499962747097
0 0.09218750149011612 0.20781250298023224 0.03125 0.03437500074505806
0 0.28828126192092896 0.15390625596046448 0.010937499813735485 0.01406249962747097
0 0.27734375 0.18984374403953552 0.0234375 0.02656250074505806
0 0.992968738079071 0.17656250298023224 0.02968749962747097 0.05312500149011612
0 0.12968750298023224 0.18671874701976776 0.02500000037252903 0.02656250074505806
0 0.15000000596046448 0.16328124701976776 0.015625 0.01718750037252903
0 0.18984374403953552 0.15781250596046448 0.01406249962747097 0.015625
0 0.26484376192092896 0.17656250298023224 0.01718750037252903 0.02187499962747097
0 0.32734376192092896 0.15312500298023224 0.010937499813735485 0.012500000186264515
0 0.2789062559604645 0.16718749701976776 0.01406249962747097 0.01875000074505806
0 0.5843750238418579 0.05624999850988388 0.02187499962747097 0.02187499962747097
0 0.13515624403953552 0.16796875 0.01406249962747097 0.01718750037252903
0 0.25859373807907104 0.1640625 0.01406249962747097 0.015625
0 0.21406249701976776 0.15390625596046448 0.012500000186264515 0.01406249962747097
0 0.25 0.16093750298023224 0.00937500037252903 0.01875000074505806
0 0.05859375 0.16171875596046448 0.010937499813735485 0.01406249962747097
0 0.3617187440395355 0.15000000596046448 0.010937499813735485 0.012500000186264515
0 0.26093751192092896 0.14921875298023224 0.00937500037252903 0.01406249962747097
0 0.11093749850988388 0.17656250298023224 0.015625 0.02500000037252903
0 0.08906249701976776 0.15546874701976776 0.00937500037252903 0.01406249962747097
0 0.11562500149011612 0.15546874701976776 0.012500000186264515 0.01406249962747097
0 0.16093750298023224 0.15000000596046448 0.00937500037252903 0.012500000186264515
0 0.296875 0.14765624701976776 0.00937500037252903 0.01406249962747097
0 0.27031248807907104 0.14609375596046448 0.00937500037252903 0.01406249962747097
0 0.13124999403953552 0.15312500298023224 0.00937500037252903 0.012500000186264515
0 0.05000000074505806 0.16171875596046448 0.00937500037252903 0.01406249962747097
0 0.25390625 0.14765624701976776 0.010937499813735485 0.01718750037252903
0 0.015625 0.16718749701976776 0.00937500037252903 0.00937500037252903
0 0.571093738079071 0.17109374701976776 0.01406249962747097 0.0234375
0 0.5953124761581421 0.03281249850988388 0.02187499962747097 0.01875000074505806
0 0.37968748807907104 0.14765624701976776 0.00937500037252903 0.010937499813735485
0 0.80078125 0.16875000298023224 0.0234375 0.02500000037252903
