0 0.43828123807907104 1.0203125476837158 0.02656250074505806 0.03125
0 0.680468738079071 0.983593761920929 0.02656250074505806 0.0390625
0 0.711718738079071 0.9828125238418579 0.02656250074505806 0.03750000149011612
0 0.864062488079071 0.983593761920929 0.02500000037252903 0.04218750074505806
0 0.5687500238418579 1.0046875476837158 0.02500000037252903 0.03125
0 0.32109373807907104 1.0632812976837158 0.03593749925494194 0.04843749850988388
0 0.893750011920929 0.9781249761581421 0.02812499925494194 0.03750000149011612
0 0.668749988079071 1.017968773841858 0.02500000037252903 0.03281249850988388
0 0.02265625074505806 1.0710937976837158 0.04218750074505806 0.04531250149011612
0 0.803906261920929 1.0 0.02656250074505806 0.03125
