0 1.091406226158142 1.2351562976837158 0.09218750149011612 0.12656250596046448
0 1.302343726158142 1.099218726158142 0.06093750149011612 0.07656250149011612
0 2.0523438453674316 1.0890624523162842 0.05156249925494194 0.07500000298023224
0 1.9249999523162842 1.0265624523162842 0.03750000149011612 0.05000000074505806
0 2.4351563453674316 1.2546875476837158 0.11093749850988388 0.12812499701976776
0 1.400781273841858 1.0359375476837158 0.05156249925494194 0.05000000074505806
0 1.8507812023162842 0.9976562261581421 0.03593749925494194 0.04531250149011612
0 1.4500000476837158 1.0007812976837158 0.03125 0.04218750074505806
0 1.8015625476837158 0.9765625 0.02500000037252903 0.03437500074505806
0 1.7703125476837158 0.965624988079071 0.02187499962747097 0.02812499925494194
0 1.4718749523162842 0.9820312261581421 0.02500000037252903 0.03593749925494194
0 1.5226562023162842 0.96875 0.01718750037252903 0.02500000037252903
0 1.74609375 0.9609375 0.01718750037252903 0.02187499962747097
