0 0.2757812440395355 0.234375 0.06718750298023224 0.08124999701976776
0 0.4242187440395355 0.15312500298023224 0.03593749925494194 0.05000000074505806
0 0.774218738079071 0.19687500596046448 0.05781250074505806 0.06875000149011612
0 0.934374988079071 0.24921874701976776 0.07187499850988388 0.09218750149011612
0 1.0 0.4156250059604645 0.15312500298023224 0.16562500596046448
0 0.5562499761581421 0.14296874403953552 0.02812499925494194 0.0390625
0 0.06406249850988388 0.3460937440395355 0.10312499850988388 0.14531250298023224
0 0.2890625 0.17343750596046448 0.04374999925494194 0.0625
0 0.7085937261581421 0.12968750298023224 0.0234375 0.03437500074505806
0 0.946093738079071 0.02734375 0.06406249850988388 0.05156249925494194
0 0.7953125238418579 0.1640625 0.02500000037252903 0.046875
0 0.803906261920929 0.15156249701976776 0.02031249925494194 0.03750000149011612
