0 0.604687511920929 0.88671875 0.15000000596046448 0.1796875
0 1.303125023841858 0.739062488079071 0.10312499850988388 0.12812499701976776
0 2.688281297683716 0.9554687738418579 0.09843750298023224 0.15468749403953552
0 1.89453125 0.655468761920929 0.05156249925494194 0.06093750149011612
0 2.4585938453674316 0.66796875 0.02968749962747097 0.03593749925494194
0 2.157031297683716 0.64453125 0.04218750074505806 0.05156249925494194
0 2.8062500953674316 0.785937488079071 0.04062499850988388 0.05937499925494194
0 0.5171874761581421 0.6226562261581421 0.05312500149011612 0.06406249850988388
0 0.766406238079071 0.553906261920929 0.0546875 0.06718750298023224
0 1.3781249523162842 0.5718749761581421 0.046875 0.06562499701976776
