0 1.9765625 1.236718773841858 0.10312499850988388 0.1328125
0 1.376562476158142 1.095312476158142 0.05937499925494194 0.078125
0 0.58984375 1.1687500476837158 0.05781250074505806 0.08749999850988388
0 0.1875 1.951562523841858 0.33125001192092896 0.39375001192092896
0 0.4320312440395355 1.4539062976837158 0.15156249701976776 0.20156249403953552
0 1.170312523841858 1.0546875 0.03125 0.05000000074505806
0 0.6953125 1.0382812023162842 0.015625 0.02968749962747097
0 0.65625 1.0968749523162842 0.03437500074505806 0.05000000074505806
0 0.6820312738418579 1.06640625 0.02656250074505806 0.0390625
0 0.98828125 1.0164062976837158 0.01718750037252903 0.03281249850988388
0 0.934374988079071 1.006250023841858 0.015625 0.02500000037252903
0 0.9125000238418579 0.9984375238418579 0.015625 0.02187499962747097
0 1.044531226158142 1.02734375 0.02656250074505806 0.0390625
