0 2.3382811546325684 1.2140624523162842 0.1015625 0.12812499701976776
0 1.1218750476837158 1.221093773841858 0.08749999850988388 0.12031249701976776
0 1.9187500476837158 1.029687523841858 0.03750000149011612 0.07500000298023224
0 1.4265625476837158 1.0632812976837158 0.046875 0.05781250074505806
0 1.4601562023162842 1.03125 0.0390625 0.078125
0 1.9562499523162842 1.060156226158142 0.04062499850988388 0.05781250074505806
0 1.859375 1.017968773841858 0.02500000037252903 0.03593749925494194
0 1.502343773841858 1.0187499523162842 0.02031249925494194 0.04062499850988388
0 1.82421875 1.0 0.0234375 0.03125
0 1.9015624523162842 1.0226562023162842 0.03125 0.06718750298023224
0 1.4695312976837158 1.021875023841858 0.03593749925494194 0.07187499850988388
0 1.517968773841858 1.0007812976837158 0.01718750037252903 0.02656250074505806
0 1.5460937023162842 0.985156238079071 0.01718750037252903 0.0234375
0 1.59375 0.9765625 0.015625 0.01875000074505806
0 1.7765624523162842 0.9828125238418579 0.015625 0.02187499962747097
