0 1.05078125 1.221093773841858 0.09218750149011612 0.12031249701976776
0 2.140625 1.208593726158142 0.08749999850988388 0.12968750298023224
0 1.9249999523162842 1.068750023841858 0.05312500149011612 0.078125
0 1.2468750476837158 1.0828125476837158 0.046875 0.07187499850988388
0 1.837499976158142 1.017187476158142 0.03750000149011612 0.05624999850988388
0 2.535937547683716 1.1531250476837158 0.07500000298023224 0.09687499701976776
0 1.3468749523162842 1.025781273841858 0.03750000149011612 0.05156249925494194
0 1.4187500476837158 0.9976562261581421 0.02812499925494194 0.0390625
0 1.794531226158142 0.9921875 0.02968749962747097 0.04062499850988388
0 1.764062523841858 0.9781249761581421 0.02500000037252903 0.03437500074505806
0 2.010937452316284 0.9976562261581421 0.03437500074505806 0.04218750074505806
0 1.9289062023162842 0.9789062738418579 0.02656250074505806 0.03593749925494194
0 2.6578125953674316 1.045312523841858 0.04062499850988388 0.05312500149011612
0 2.151562452316284 1.04296875 0.046875 0.06406249850988388
0 2.4039063453674316 1.001562476158142 0.02968749962747097 0.04062499850988388
0 2.253124952316284 0.983593761920929 0.02187499962747097 0.02968749962747097
0 2.174999952316284 0.96875 0.015625 0.02187499962747097
0 3.16015625 1.12890625 0.07343749701976776 0.0859375
0 2.22265625 0.9742187261581421 0.02031249925494194 0.02968749962747097
0 2.075000047683716 0.964062511920929 0.015625 0.02187499962747097
0 1.8953125476837158 0.969531238079071 0.01875000074505806 0.02968749962747097
0 1.861718773841858 0.9664062261581421 0.01718750037252903 0.02656250074505806
0 1.7414062023162842 0.96875 0.0234375 0.03125
0 1.439062476158142 0.981249988079071 0.01875000074505806 0.02812499925494194
0 1.5343749523162842 0.961718738079071 0.015625 0.0234375
0 1.4578125476837158 0.964062511920929 0.015625 0.02187499962747097
