0 1.053125023841858 0.547656238079071 0.21562500298023224 0.2265625
0 0.608593761920929 0.4976562559604645 0.11093749850988388 0.13593749701976776
0 0.2593750059604645 0.47187501192092896 0.05000000074505806 0.05937499925494194
0 0.7320312261581421 0.48046875 0.06406249850988388 0.0859375
0 0.8812500238418579 0.46953123807907104 0.046875 0.06718750298023224
0 0.453125 0.4664062559604645 0.03750000149011612 0.05156249925494194
0 0.960156261920929 0.4625000059604645 0.04218750074505806 0.05312500149011612
0 0.917187511920929 0.453125 0.02812499925494194 0.04062499850988388
0 0.5570312738418579 0.45390623807907104 0.0234375 0.03593749925494194
0 0.3218750059604645 0.4585937559604645 0.02187499962747097 0.03281249850988388
0 0.51953125 0.4515624940395355 0.01406249962747097 0.02500000037252903
0 0.4156250059604645 0.4554687440395355 0.01875000074505806 0.02656250074505806
0 0.13671875 0.46406251192092896 0.02656250074505806 0.03125
0 0.3109374940395355 0.4546875059604645 0.015625 0.02812499925494194
0 0.01718750037252903 0.49531251192092896 0.03437500074505806 0.06562499701976776
0 0.18984374403953552 0.4593749940395355 0.02031249925494194 0.02812499925494194
0 0.05000000074505806 0.46562498807907104 0.01875000074505806 0.02500000037252903
0 0.860156238079071 0.44999998807907104 0.02656250074505806 0.03437500074505806
