0 2.4789061546325684 0.80859375 0.09218750149011612 0.06406249850988388
0 2.231250047683716 0.76953125 0.09062500298023224 0.06718750298023224
0 2.085156202316284 0.739062488079071 0.05156249925494194 0.08749999850988388
0 1.3859374523162842 0.667187511920929 0.05312500149011612 0.07187499850988388
0 2.6781249046325684 0.8265625238418579 0.08749999850988388 0.07187499850988388
0 1.69140625 0.60546875 0.0234375 0.04843749850988388
0 1.970312476158142 0.592968761920929 0.02187499962747097 0.04218750074505806
0 2.000781297683716 0.58984375 0.0234375 0.03593749925494194
0 2.4476561546325684 0.641406238079071 0.03281249850988388 0.04218750074505806
0 2.0484375953674316 0.563281238079071 0.015625 0.02968749962747097
