0 2.4820313453674316 1.228906273841858 0.1015625 0.12343750149011612
0 2.5132813453674316 1.10546875 0.06718750298023224 0.07656250149011612
0 1.036718726158142 1.221093773841858 0.12031249701976776 0.12031249701976776
0 1.5226562023162842 1.075781226158142 0.06406249850988388 0.07656250149011612
0 1.939062476158142 1.0320312976837158 0.04374999925494194 0.0546875
0 2.946093797683716 1.092187523841858 0.05781250074505806 0.05937499925494194
0 2.758593797683716 1.0242187976837158 0.04218750074505806 0.04843749850988388
0 2.578125 1.021093726158142 0.03437500074505806 0.05156249925494194
0 2.370312452316284 1.0226562023162842 0.03437500074505806 0.04531250149011612
0 3.137500047683716 1.0320312976837158 0.04374999925494194 0.04843749850988388
