0 0.14140625298023224 1.5499999523162842 0.23281249403953552 0.24687500298023224
0 0.891406238079071 1.196874976158142 0.08906249701976776 0.109375
0 0.8023437261581421 1.134374976158142 0.07343749701976776 0.08124999701976776
0 1.170312523841858 1.0671875476837158 0.04374999925494194 0.0625
0 1.899999976158142 1.162500023841858 0.07187499850988388 0.10312499850988388
0 1.7421875 1.0554687976837158 0.04374999925494194 0.06718750298023224
0 1.264062523841858 1.0242187976837158 0.04062499850988388 0.04843749850988388
0 0.729687511920929 1.052343726158142 0.03437500074505806 0.04531250149011612
0 1.33984375 0.987500011920929 0.02656250074505806 0.03437500074505806
0 1.6710937023162842 1.0085937976837158 0.02968749962747097 0.04218750074505806
0 1.646093726158142 0.9859374761581421 0.02656250074505806 0.03750000149011612
0 1.071874976158142 1.005468726158142 0.03125 0.04218750074505806
0 0.852343738079071 0.9750000238418579 0.02656250074505806 0.02812499925494194
0 0.44609373807907104 0.9828125238418579 0.02968749962747097 0.03125
0 1.4109375476837158 0.949999988079071 0.015625 0.01875000074505806
0 1.623437523841858 0.96875 0.01875000074505806 0.02812499925494194
0 1.6023437976837158 0.957812488079071 0.01718750037252903 0.02187499962747097
0 1.595312476158142 0.949999988079071 0.015625 0.01875000074505806
0 1.369531273841858 0.973437488079071 0.02031249925494194 0.02812499925494194
0 1.306249976158142 0.9624999761581421 0.015625 0.02500000037252903
0 1.4375 0.942187488079071 0.015625 0.015625
0 0.542187511920929 0.999218761920929 0.03125 0.03593749925494194
0 0.02031249925494194 1.0984375476837158 0.04062499850988388 0.05000000074505806
0 0.06796874850988388 1.0867187976837158 0.04531250149011612 0.05156249925494194
0 0.10546875 1.0203125476837158 0.03281249850988388 0.03437500074505806
0 0.3921875059604645 0.975781261920929 0.02187499962747097 0.0234375
0 0.577343761920929 0.96875 0.02031249925494194 0.02500000037252903
