0 0.17421874403953552 0.5874999761581421 0.02968749962747097 0.05000000074505806
0 0.4390625059604645 0.5546875 0.015625 0.03437500074505806
0 0.600781261920929 0.6171875 0.03593749925494194 0.0625
0 0.76953125 0.550000011920929 0.01718750037252903 0.03437500074505806
0 1.049218773841858 0.58203125 0.04218750074505806 0.06093750149011612
0 0.504687488079071 0.546875 0.015625 0.02812499925494194
0 0.6781250238418579 0.5328124761581421 0.015625 0.02500000037252903
0 0.645312488079071 0.52734375 0.015625 0.02031249925494194
0 0.3421874940395355 0.522656261920929 0.015625 0.01718750037252903
0 0.5687500238418579 0.5218750238418579 0.015625 0.015625
0 0.453125 0.528124988079071 0.015625 0.015625
