0 0.7484375238418579 0.5914062261581421 0.05312500149011612 0.08906249701976776
0 1.583593726158142 0.5687500238418579 0.06093750149011612 0.09375
0 0.882031261920929 0.46015626192092896 0.02031249925494194 0.04531250149011612
0 0.68359375 0.581250011920929 0.05781250074505806 0.09375
0 0.17343750596046448 0.590624988079071 0.03125 0.06562499701976776
0 0.574999988079071 0.4789062440395355 0.01875000074505806 0.03281249850988388
0 1.3046875 0.44921875 0.02500000037252903 0.05156249925494194
0 0.653124988079071 0.4546875059604645 0.015625 0.02812499925494194
0 0.727343738079071 0.4398437440395355 0.02031249925494194 0.02968749962747097
0 0.907031238079071 0.46171873807907104 0.0234375 0.04218750074505806
0 0.793749988079071 0.43281251192092896 0.015625 0.02812499925494194
