0 0.768750011920929 0.93359375 0.16249999403953552 0.18281249701976776
0 2.524218797683716 0.758593738079071 0.06093750149011612 0.07656250149011612
0 1.471093773841858 0.6156250238418579 0.04218750074505806 0.05624999850988388
0 1.875 0.594531238079071 0.04062499850988388 0.04531250149011612
0 2.9476561546325684 1.134374976158142 0.08906249701976776 0.21562500298023224
0 0.33203125 0.598437488079071 0.02968749962747097 0.03750000149011612
0 0.7054687738418579 0.5406249761581421 0.02968749962747097 0.03125
0 0.612500011920929 0.600781261920929 0.02812499925494194 0.04218750074505806
0 2.768749952316284 0.766406238079071 0.046875 0.06093750149011612
0 2.6968750953674316 0.6617187261581421 0.01875000074505806 0.03281249850988388
0 2.1796875 0.573437511920929 0.02187499962747097 0.04062499850988388
0 0.960156261920929 0.538281261920929 0.02656250074505806 0.02968749962747097
0 2.12109375 0.5648437738418579 0.03281249850988388 0.02031249925494194
0 2.2828125953674316 0.6156250238418579 0.01875000074505806 0.03437500074505806
