0 0.25468748807907104 2.0062499046325684 0.4000000059604645 0.44999998807907104
0 2.4937500953674316 1.26171875 0.10312499850988388 0.14218750596046448
0 1.192968726158142 1.2101562023162842 0.0859375 0.12968750298023224
0 2.1429686546325684 1.1062500476837158 0.05156249925494194 0.078125
0 1.337499976158142 1.0929687023162842 0.05624999850988388 0.0703125
0 2.046875 1.0578124523162842 0.04062499850988388 0.05312500149011612
0 2.539843797683716 1.11328125 0.05781250074505806 0.07656250149011612
0 1.40625 1.0460937023162842 0.04374999925494194 0.05156249925494194
0 1.5828125476837158 1.0187499523162842 0.03437500074505806 0.04374999925494194
0 1.8781249523162842 1.0078125 0.03125 0.03750000149011612
0 2.3046875 1.0625 0.04062499850988388 0.05000000074505806
0 2.1328125 1.0460937023162842 0.03437500074505806 0.04843749850988388
0 2.6265625953674316 1.0499999523162842 0.02500000037252903 0.04062499850988388
0 3.00390625 1.091406226158142 0.03593749925494194 0.05156249925494194
0 3.1484375 1.287500023841858 0.10000000149011612 0.12812499701976776
0 2.227343797683716 1.017187476158142 0.0234375 0.03437500074505806
