0 0.25468748807907104 1.037500023841858 0.13750000298023224 0.171875
0 1.896093726158142 0.8265625238418579 0.08906249701976776 0.14687499403953552
0 0.555468738079071 0.684374988079071 0.0546875 0.08124999701976776
0 0.59765625 0.6171875 0.0390625 0.05312500149011612
0 1.2101562023162842 0.6078125238418579 0.04218750074505806 0.0625
0 0.6859375238418579 0.522656261920929 0.015625 0.0234375
0 0.45781248807907104 0.5562499761581421 0.015625 0.02812499925494194
0 0.534375011920929 0.5757812261581421 0.02812499925494194 0.0390625
0 0.89453125 0.5335937738418579 0.01718750037252903 0.03281249850988388
0 0.3375000059604645 0.56640625 0.015625 0.0234375
0 0.6015625 0.520312488079071 0.015625 0.01875000074505806
0 0.22812500596046448 0.5718749761581421 0.015625 0.02187499962747097
0 0.5 0.5140625238418579 0.015625 0.015625
0 1.953125 0.4867187440395355 0.015625 0.02031249925494194
0 0.18906250596046448 0.5648437738418579 0.015625 0.0234375
0 0.54296875 0.5171874761581421 0.01406249962747097 0.01875000074505806
