0 1.264062523841858 1.0812499523162842 0.05937499925494194 0.05000000074505806
0 2.089062452316284 1.110937476158142 0.05937499925494194 0.08124999701976776
0 1.8562500476837158 1.014062523841858 0.03437500074505806 0.05000000074505806
0 1.174218773841858 1.2296874523162842 0.09531249850988388 0.125
0 1.3937499523162842 1.017968773841858 0.03437500074505806 0.04843749850988388
0 1.48828125 0.9898437261581421 0.0234375 0.03281249850988388
0 1.842187523841858 0.979687511920929 0.02500000037252903 0.03750000149011612
0 1.966406226158142 0.9664062261581421 0.02031249925494194 0.03281249850988388
0 1.536718726158142 0.97265625 0.0234375 0.02656250074505806
0 1.6437499523162842 0.965624988079071 0.02500000037252903 0.02187499962747097
0 2.229687452316284 0.9624999761581421 0.015625 0.015625
0 2.0234375 0.9593750238418579 0.015625 0.02187499962747097
0 1.8203125 0.957812488079071 0.015625 0.015625
0 2.151562452316284 0.969531238079071 0.02500000037252903 0.01718750037252903
0 2.7406249046325684 0.984375 0.02187499962747097 0.02500000037252903
0 2.4671874046325684 0.97265625 0.01875000074505806 0.0234375
0 2.94921875 0.9898437261581421 0.02656250074505806 0.0234375
0 2.6390624046325684 0.9671875238418579 0.01875000074505806 0.02500000037252903
