0 2.428906202316284 1.353124976158142 0.15156249701976776 0.16562500596046448
0 1.915624976158142 1.169531226158142 0.08749999850988388 0.09843750298023224
0 0.6585937738418579 1.2882812023162842 0.11093749850988388 0.14218750596046448
0 1.5859375 1.0929687023162842 0.05937499925494194 0.07656250149011612
0 1.283593773841858 1.0632812976837158 0.0546875 0.06093750149011612
0 0.4140625 1.140625 0.06875000149011612 0.08124999701976776
0 0.957812488079071 1.0515625476837158 0.04062499850988388 0.05624999850988388
0 0.668749988079071 1.046875 0.04374999925494194 0.0625
0 0.39375001192092896 1.05859375 0.04374999925494194 0.06406249850988388
0 0.04453124850988388 1.07421875 0.05156249925494194 0.05781250074505806
