0 2.979687452316284 1.58203125 0.19374999403953552 0.2578125
0 1.5390625 1.125 0.06562499701976776 0.08749999850988388
0 1.005468726158142 1.232812523841858 0.09531249850988388 0.12812499701976776
0 2.225781202316284 1.080468773841858 0.04531250149011612 0.06093750149011612
0 2.678906202316284 1.2109375 0.09843750298023224 0.10625000298023224
0 2.796875 1.126562476158142 0.05937499925494194 0.078125
0 2.9984374046325684 1.0382812023162842 0.03750000149011612 0.0390625
0 2.6148438453674316 1.0671875476837158 0.04531250149011612 0.046875
0 3.09765625 1.0929687023162842 0.05781250074505806 0.0703125
0 3.125 1.0226562023162842 0.04374999925494194 0.03593749925494194
