0 1.1875 1.173437476158142 0.07500000298023224 0.10312499850988388
0 2.2249999046325684 1.161718726158142 0.08124999701976776 0.11406250298023224
0 1.95703125 1.0437500476837158 0.04218750074505806 0.05937499925494194
0 1.4140625 1.04296875 0.03750000149011612 0.05156249925494194
0 1.4812500476837158 0.996874988079071 0.02812499925494194 0.04062499850988388
0 1.8671875 0.995312511920929 0.02812499925494194 0.03750000149011612
0 1.5109374523162842 0.9742187261581421 0.015625 0.02656250074505806
0 1.649999976158142 0.9593750238418579 0.015625 0.02187499962747097
0 1.5343749523162842 0.9671875238418579 0.015625 0.02500000037252903
0 1.8796875476837158 0.96484375 0.015625 0.02031249925494194
0 1.954687476158142 0.95703125 0.015625 0.01718750037252903
0 1.7921874523162842 0.94921875 0.015625 0.01718750037252903
0 1.8328125476837158 0.9789062738418579 0.01875000074505806 0.02656250074505806
0 2.0093750953674316 0.9507812261581421 0.015625 0.02031249925494194
0 2.0953125953674316 0.9437500238418579 0.015625 0.015625
0 1.921875 0.940625011920929 0.015625 0.015625
0 2.075000047683716 0.9359375238418579 0.015625 0.015625
0 2.176562547683716 0.940625011920929 0.015625 0.015625
0 2.2796874046325684 0.9375 0.015625 0.015625
0 2.4765625 0.9375 0.015625 0.015625
0 2.3843750953674316 0.9359375238418579 0.015625 0.015625
0 2.296875 0.934374988079071 0.015625 0.015625
0 2.434375047683716 0.9351562261581421 0.015625 0.01718750037252903
0 2.924999952316284 0.94921875 0.015625 0.01718750037252903
0 2.765625 0.9437500238418579 0.015625 0.015625
