0 2.375 0.796875 0.078125 0.11249999701976776
0 1.200781226158142 0.7281249761581421 0.07968749850988388 0.10312499850988388
0 2.1039061546325684 0.6265624761581421 0.03281249850988388 0.046875
0 1.6101562976837158 0.5874999761581421 0.02968749962747097 0.04374999925494194
0 1.756250023841858 0.569531261920929 0.02187499962747097 0.03281249850988388
0 2.17578125 0.6039062738418579 0.0390625 0.04531250149011612
0 2.078906297683716 0.577343761920929 0.02656250074505806 0.03593749925494194
0 1.912500023841858 0.56640625 0.01875000074505806 0.02968749962747097
0 2.3812499046325684 0.5992187261581421 0.015625 0.02968749962747097
0 2.8023438453674316 0.672656238079071 0.02968749962747097 0.0390625
0 1.810156226158142 0.543749988079071 0.0234375 0.03125
0 2.18359375 0.5726562738418579 0.02656250074505806 0.03593749925494194
