0 0.3921875059604645 0.3492187559604645 0.078125 0.09843750298023224
0 0.41796875 0.23749999701976776 0.05156249925494194 0.0625
0 0.8179687261581421 0.1796875 0.02968749962747097 0.04062499850988388
0 1.0398437976837158 0.3046875 0.09218750149011612 0.09375
0 0.48046875 0.16953125596046448 0.02968749962747097 0.0390625
0 0.903124988079071 0.15078124403953552 0.02500000037252903 0.02656250074505806
0 1.103124976158142 0.21484375 0.06875000149011612 0.04531250149011612
0 0.5601562261581421 0.14765624701976776 0.01406249962747097 0.0234375
0 0.7109375 0.15312500298023224 0.01875000074505806 0.02500000037252903
0 0.707812488079071 0.13437500596046448 0.012500000186264515 0.02187499962747097
0 0.06640625 0.4703125059604645 0.06718750298023224 0.05624999850988388
