0 0.4203124940395355 0.3109374940395355 0.06875000149011612 0.08749999850988388
0 0.97265625 0.2632812559604645 0.07656250149011612 0.0859375
0 0.42890626192092896 0.22265625 0.04843749850988388 0.06093750149011612
0 0.20234374701976776 0.43359375 0.1328125 0.12968750298023224
0 0.79296875 0.17109374701976776 0.02656250074505806 0.0390625
0 1.040624976158142 0.19843749701976776 0.0625 0.04062499850988388
0 0.4781250059604645 0.16718749701976776 0.02812499925494194 0.03750000149011612
0 0.871874988079071 0.14609375596046448 0.02500000037252903 0.0234375
0 0.6937500238418579 0.1484375 0.015625 0.02500000037252903
0 0.550000011920929 0.14453125 0.015625 0.0234375
0 0.553906261920929 0.125 0.010937499813735485 0.01875000074505806
0 0.690625011920929 0.13124999403953552 0.015625 0.02187499962747097
