0 0.953125 0.8125 0.09375 0.12187500298023224
0 1.3984375 0.637499988079071 0.04374999925494194 0.05937499925494194
0 1.4210937023162842 0.585156261920929 0.02656250074505806 0.03593749925494194
0 2.309375047683716 0.813281238079071 0.0625 0.09218750149011612
0 1.953125 0.6625000238418579 0.04374999925494194 0.05937499925494194
0 1.81640625 0.59765625 0.03281249850988388 0.04531250149011612
0 1.618749976158142 0.5335937738418579 0.015625 0.02968749962747097
0 1.6789062023162842 0.5484374761581421 0.01718750037252903 0.02500000037252903
0 1.7453124523162842 0.567187488079071 0.015625 0.02812499925494194
0 1.4249999523162842 0.5570312738418579 0.01875000074505806 0.02656250074505806
