0 0.78515625 0.2640624940395355 0.04531250149011612 0.06875000149011612
0 0.546093761920929 0.22578124701976776 0.03281249850988388 0.04531250149011612
0 0.9624999761581421 0.21250000596046448 0.05624999850988388 0.05624999850988388
0 1.0070312023162842 0.359375 0.09843750298023224 0.11249999701976776
0 0.6875 0.171875 0.01875000074505806 0.02812499925494194
0 0.6015625 0.17109374701976776 0.02187499962747097 0.02656250074505806
0 0.48906248807907104 0.16953125596046448 0.01875000074505806 0.0234375
0 0.7875000238418579 0.19687500596046448 0.03437500074505806 0.03125
0 0.52734375 0.18359375 0.02031249925494194 0.02968749962747097
0 0.534375011920929 0.15312500298023224 0.015625 0.01875000074505806
0 0.616406261920929 0.15859374403953552 0.01406249962747097 0.0234375
