0 0.9742187261581421 0.4117187559604645 0.12656250596046448 0.1484375
0 0.23671874403953552 0.40546876192092896 0.12343750149011612 0.12656250596046448
0 0.6000000238418579 0.18671874701976776 0.03125 0.04531250149011612
0 0.848437488079071 0.22187499701976776 0.05312500149011612 0.06875000149011612
0 0.9585937261581421 0.15937499701976776 0.03593749925494194 0.03750000149011612
0 1.0593750476837158 0.13750000298023224 0.04062499850988388 0.02500000037252903
0 0.25468748807907104 0.10234375298023224 0.05624999850988388 0.07656250149011612
0 0.79296875 0.13828125596046448 0.0234375 0.02968749962747097
0 0.7328125238418579 0.12890625 0.015625 0.0234375
0 0.8359375 0.12343750149011612 0.01875000074505806 0.01875000074505806
0 0.573437511920929 0.15468749403953552 0.02187499962747097 0.02812499925494194
0 0.6773437261581421 0.12265624850988388 0.01406249962747097 0.0234375
0 0.05624999850988388 0.12578125298023224 0.07500000298023224 0.09218750149011612
0 0.4585937559604645 0.09921874850988388 0.02968749962747097 0.04531250149011612
0 0.5562499761581421 0.13593749701976776 0.012500000186264515 0.02500000037252903
