0 0.46875 0.20781250298023224 0.03437500074505806 0.03437500074505806
0 0.2710937559604645 0.32343751192092896 0.07968749850988388 0.08124999701976776
0 0.171875 0.2562499940395355 0.08749999850988388 0.05000000074505806
0 0.9078124761581421 0.21953125298023224 0.03750000149011612 0.04218750074505806
0 0.753125011920929 0.20078125596046448 0.03125 0.04218750074505806
0 0.4937500059604645 0.17031249403953552 0.01875000074505806 0.02812499925494194
0 0.6664062738418579 0.17109374701976776 0.02031249925494194 0.02968749962747097
0 0.5874999761581421 0.171875 0.01875000074505806 0.02812499925494194
0 0.778124988079071 0.16562500596046448 0.01875000074505806 0.02500000037252903
0 0.6796875 0.15546874701976776 0.01875000074505806 0.01406249962747097
0 0.8460937738418579 0.13828125596046448 0.010937499813735485 0.01406249962747097
0 0.707812488079071 0.14609375596046448 0.015625 0.01406249962747097
0 0.633593738079071 0.13203124701976776 0.01406249962747097 0.01718750037252903
0 0.6187499761581421 0.10703124850988388 0.012500000186264515 0.02031249925494194
0 0.7875000238418579 0.13046875596046448 0.00937500037252903 0.01406249962747097
