0 1.2000000476837158 0.41015625 0.09375 0.1640625
0 1.166406273841858 0.26875001192092896 0.06718750298023224 0.09687499701976776
0 1.0203125476837158 0.21484375 0.05000000074505806 0.0703125
0 0.33515626192092896 0.27265626192092896 0.0703125 0.08906249701976776
0 0.47968751192092896 0.22031250596046448 0.04374999925494194 0.06875000149011612
0 1.052343726158142 0.18593749403953552 0.03281249850988388 0.05624999850988388
0 0.41796875 0.18593749403953552 0.0390625 0.05937499925494194
0 0.9546874761581421 0.16875000298023224 0.03750000149011612 0.05000000074505806
0 0.901562511920929 0.14609375596046448 0.02812499925494194 0.0390625
0 0.8812500238418579 0.11093749850988388 0.015625 0.02187499962747097
0 0.3460937440395355 0.1640625 0.02656250074505806 0.04062499850988388
0 0.574999988079071 0.13046875596046448 0.02812499925494194 0.02031249925494194
0 0.10468749701976776 0.17890624701976776 0.03125 0.04843749850988388
0 0.04531250149011612 0.16171875596046448 0.02500000037252903 0.0390625
0 0.1796875 0.1484375 0.02500000037252903 0.03750000149011612
0 0.44999998807907104 0.13671875 0.02187499962747097 0.03281249850988388
0 0.9945312738418579 0.11953125149011612 0.01718750037252903 0.02968749962747097
0 0.735156238079071 0.1171875 0.01406249962747097 0.02812499925494194
0 0.21484375 0.13515624403953552 0.01718750037252903 0.02968749962747097
0 1.092187523841858 0.13437500596046448 0.02187499962747097 0.04374999925494194
0 0.41328126192092896 0.14531250298023224 0.02031249925494194 0.03437500074505806
0 0.39140623807907104 0.12578125298023224 0.01718750037252903 0.02656250074505806
0 0.328125 0.12187500298023224 0.015625 0.02500000037252903
0 0.12187500298023224 0.12812499701976776 0.015625 0.02500000037252903
0 0.03203124925494194 0.36250001192092896 0.06406249850988388 0.13124999403953552
0 0.17265625298023224 0.12812499701976776 0.01718750037252903 0.02500000037252903
0 0.2906250059604645 0.11953125149011612 0.015625 0.0234375
0 0.3062500059604645 0.11328125 0.012500000186264515 0.02031249925494194
0 0.41796875 0.11796875298023224 0.01406249962747097 0.0234375
0 0.09843750298023224 0.11953125149011612 0.015625 0.0234375
0 0.0859375 0.12343750149011612 0.015625 0.02500000037252903
0 1.23828125 0.12109375 0.01718750037252903 0.02968749962747097
0 0.9750000238418579 0.11249999701976776 0.01875000074505806 0.02812499925494194
0 1.2179687023162842 0.11562500149011612 0.01718750037252903 0.02812499925494194
0 0.625781238079071 0.11328125 0.010937499813735485 0.02031249925494194
0 0.5640624761581421 0.11484374850988388 0.012500000186264515 0.02031249925494194
0 0.4296875 0.11328125 0.015625 0.02031249925494194
