0 2.24609375 1.3515625 0.1328125 0.17499999701976776
0 1.4796874523162842 1.0671875476837158 0.05624999850988388 0.06875000149011612
0 1.045312523841858 1.0320312976837158 0.04062499850988388 0.0546875
0 0.664843738079071 1.149999976158142 0.06406249850988388 0.08124999701976776
0 1.8992187976837158 1.1476562023162842 0.0703125 0.1015625
0 0.36640626192092896 1.071874976158142 0.0390625 0.05000000074505806
0 0.590624988079071 1.0226562023162842 0.03125 0.04218750074505806
0 0.7875000238418579 1.0226562023162842 0.03437500074505806 0.04531250149011612
0 0.578906238079071 1.0929687023162842 0.04843749850988388 0.05781250074505806
0 0.03046875074505806 1.0828125476837158 0.04843749850988388 0.05312500149011612
0 0.21015624701976776 1.029687523841858 0.03281249850988388 0.03750000149011612
