0 0.4390625059604645 0.766406238079071 0.09375 0.11093749850988388
0 1.193750023841858 0.7203124761581421 0.07187499850988388 0.09687499701976776
0 0.6328125 0.604687511920929 0.03750000149011612 0.04374999925494194
0 1.0421874523162842 0.6148437261581421 0.04062499850988388 0.0546875
0 0.949999988079071 0.5609375238418579 0.02500000037252903 0.03125
0 0.9453125 0.538281261920929 0.01875000074505806 0.0234375
0 0.7281249761581421 0.5570312738418579 0.02187499962747097 0.02968749962747097
0 0.764843761920929 0.5390625 0.01406249962747097 0.02187499962747097
0 0.23749999701976776 0.5546875 0.01875000074505806 0.02812499925494194
0 0.5367187261581421 0.5140625238418579 0.01406249962747097 0.01875000074505806
0 0.34296876192092896 0.542187511920929 0.01718750037252903 0.02187499962747097
0 0.421875 0.52734375 0.00937500037252903 0.01718750037252903
0 0.7953125238418579 0.522656261920929 0.00937500037252903 0.01718750037252903
0 0.821093738079071 0.51171875 0.010937499813735485 0.01406249962747097
