0 0.47343748807907104 1.59765625 0.20624999701976776 0.2640624940395355
0 2.0296874046325684 1.1515624523162842 0.06875000149011612 0.10625000298023224
0 2.7289061546325684 1.578125 0.22031250596046448 0.2593750059604645
0 1.181249976158142 1.1609375476837158 0.09062500298023224 0.10312499850988388
0 1.869531273841858 1.041406273841858 0.04531250149011612 0.05781250074505806
0 3.0492186546325684 1.15625 0.07968749850988388 0.10312499850988388
0 1.8093750476837158 1.001562476158142 0.046875 0.05312500149011612
0 1.35546875 1.053125023841858 0.04531250149011612 0.0625
0 2.395312547683716 1.080468773841858 0.05312500149011612 0.0703125
0 2.1117186546325684 1.02734375 0.0390625 0.05156249925494194
0 1.399999976158142 1.013281226158142 0.03437500074505806 0.04531250149011612
0 1.9679687023162842 0.989062488079071 0.03281249850988388 0.04374999925494194
0 2.811718702316284 1.05078125 0.04531250149011612 0.0546875
0 2.5296874046325684 1.021093726158142 0.03750000149011612 0.04843749850988388
0 2.319531202316284 0.9898437261581421 0.02968749962747097 0.0390625
0 2.1929688453674316 0.967968761920929 0.0234375 0.03281249850988388
0 1.9054687023162842 0.9664062261581421 0.0234375 0.03281249850988388
0 1.7703125476837158 0.9781249761581421 0.02500000037252903 0.03750000149011612
0 1.75 0.9664062261581421 0.01875000074505806 0.02968749962747097
0 1.859375 0.9585937261581421 0.02187499962747097 0.02656250074505806
0 1.732812523841858 0.9585937261581421 0.015625 0.02656250074505806
0 1.71875 0.9546874761581421 0.015625 0.02500000037252903
0 1.435156226158142 0.9859374761581421 0.0234375 0.03437500074505806
0 1.471093773841858 0.971875011920929 0.02031249925494194 0.03125
0 1.818750023841858 0.9515625238418579 0.015625 0.02187499962747097
