0 0.05078125 0.534375011920929 0.08281250298023224 0.12812499701976776
0 1.4421875476837158 0.5765625238418579 0.06562499701976776 0.08437500149011612
0 1.5710937976837158 0.87890625 0.15156249701976776 0.20468750596046448
0 1.610937476158142 0.5367187261581421 0.04062499850988388 0.0546875
0 0.757031261920929 0.38984376192092896 0.03593749925494194 0.0546875
0 1.225000023841858 0.39765626192092896 0.02500000037252903 0.03281249850988388
0 1.7507812976837158 0.534375011920929 0.02656250074505806 0.03437500074505806
0 1.6749999523162842 0.48124998807907104 0.015625 0.02500000037252903
0 0.02890625037252903 0.515625 0.05781250074505806 0.109375
0 1.6140625476837158 0.4468750059604645 0.015625 0.015625
0 1.4265625476837158 0.41093748807907104 0.015625 0.02187499962747097
