0 2.3179688453674316 0.807812511920929 0.06718750298023224 0.10312499850988388
0 0.28203123807907104 1.1281249523162842 0.20468750596046448 0.24062499403953552
0 2.8531250953674316 1.2156250476837158 0.15000000596046448 0.2562499940395355
0 2.1539063453674316 0.703906238079071 0.05156249925494194 0.07656250149011612
0 1.341406226158142 0.660937488079071 0.05781250074505806 0.08124999701976776
0 2.109375 0.6429687738418579 0.03125 0.04843749850988388
0 1.634374976158142 0.5992187261581421 0.04062499850988388 0.05156249925494194
0 1.69140625 0.5874999761581421 0.03281249850988388 0.04374999925494194
0 1.5265624523162842 0.550000011920929 0.02812499925494194 0.03750000149011612
0 1.9015624523162842 0.5679687261581421 0.02500000037252903 0.02968749962747097
0 2.108593702316284 0.609375 0.02968749962747097 0.03750000149011612
