0 0.757031261920929 1.203125 0.17343750596046448 0.265625
0 1.1023437976837158 0.840624988079071 0.10468749701976776 0.140625
0 0.5078125 0.7367187738418579 0.05624999850988388 0.08281250298023224
0 0.889843761920929 0.715624988079071 0.07968749850988388 0.10312499850988388
0 2.495312452316284 0.69921875 0.0625 0.07968749850988388
0 1.84765625 0.5960937738418579 0.04218750074505806 0.0546875
0 1.2429687976837158 0.586718738079071 0.03593749925494194 0.04843749850988388
0 0.7093750238418579 0.620312511920929 0.03125 0.04374999925494194
0 0.39531248807907104 0.668749988079071 0.03125 0.04062499850988388
0 0.109375 0.725781261920929 0.03125 0.0390625
