0 0.694531261920929 0.15078124403953552 0.01718750037252903 0.02968749962747097
0 0.48124998807907104 0.22890624403953552 0.03437500074505806 0.0546875
0 0.82421875 0.22109374403953552 0.03281249850988388 0.05781250074505806
0 0.9007812738418579 0.3421874940395355 0.07343749701976776 0.10312499850988388
0 0.11640624701976776 0.46406251192092896 0.11406250298023224 0.06875000149011612
0 0.6156250238418579 0.171875 0.02500000037252903 0.03750000149011612
0 0.784375011920929 0.13906249403953552 0.01875000074505806 0.02812499925494194
0 0.956250011920929 0.12968750298023224 0.02187499962747097 0.02812499925494194
0 0.85546875 0.13515624403953552 0.01406249962747097 0.02656250074505806
0 0.8812500238418579 0.17656250298023224 0.03125 0.04062499850988388
0 1.23046875 0.1171875 0.0234375 0.02812499925494194
