0 1.067968726158142 0.34453123807907104 0.09531249850988388 0.11093749850988388
0 0.3929687440395355 0.3125 0.06093750149011612 0.08749999850988388
0 0.4828124940395355 0.20703125 0.03125 0.04531250149011612
0 0.7953125238418579 0.19843749701976776 0.03125 0.04374999925494194
0 0.660937488079071 0.15859374403953552 0.02500000037252903 0.02968749962747097
0 0.62109375 0.14531250298023224 0.01406249962747097 0.02500000037252903
0 0.48359376192092896 0.16718749701976776 0.02031249925494194 0.03125
0 0.4312500059604645 0.15625 0.01875000074505806 0.02500000037252903
0 0.3671875 0.15234375 0.015625 0.02031249925494194
0 0.34765625 0.14765624701976776 0.01406249962747097 0.02031249925494194
0 0.5062500238418579 0.13671875 0.00937500037252903 0.01718750037252903
0 0.5796874761581421 0.13203124701976776 0.00937500037252903 0.01718750037252903
0 0.49140626192092896 0.13124999403953552 0.010937499813735485 0.015625
0 0.5328124761581421 0.14140625298023224 0.012500000186264515 0.01718750037252903
0 1.087499976158142 0.14218750596046448 0.01875000074505806 0.02187499962747097
0 0.4351562559604645 0.13515624403953552 0.010937499813735485 0.01718750037252903
0 0.874218761920929 0.13124999403953552 0.01406249962747097 0.01875000074505806
0 1.075781226158142 0.13124999403953552 0.01406249962747097 0.01875000074505806
0 0.551562488079071 0.12890625 0.00937500037252903 0.01718750037252903
0 0.6499999761581421 0.12968750298023224 0.00937500037252903 0.015625
0 0.37187498807907104 0.14218750596046448 0.00937500037252903 0.015625
0 0.6820312738418579 0.125 0.01406249962747097 0.012500000186264515
0 0.7437499761581421 0.13124999403953552 0.012500000186264515 0.015625
0 0.815625011920929 0.12812499701976776 0.012500000186264515 0.012500000186264515
0 0.9507812261581421 0.13203124701976776 0.01718750037252903 0.02031249925494194
