0 0.766406238079071 0.23515625298023224 0.0390625 0.05156249925494194
0 0.9429687261581421 0.22421875596046448 0.04843749850988388 0.04843749850988388
0 0.140625 0.3148437440395355 0.07500000298023224 0.0546875
0 0.2265625 0.23515625298023224 0.05937499925494194 0.03281249850988388
0 0.37187498807907104 0.21796874701976776 0.03750000149011612 0.04218750074505806
0 0.827343761920929 0.18437500298023224 0.04218750074505806 0.02500000037252903
0 0.725781261920929 0.17421874403953552 0.02031249925494194 0.02968749962747097
0 0.746874988079071 0.15546874701976776 0.012500000186264515 0.01718750037252903
0 0.3382812440395355 0.19453124701976776 0.02968749962747097 0.0234375
0 0.44921875 0.18281249701976776 0.01718750037252903 0.02500000037252903
0 0.47968751192092896 0.16718749701976776 0.012500000186264515 0.02187499962747097
0 0.39531248807907104 0.17812499403953552 0.015625 0.01875000074505806
0 0.792187511920929 0.16718749701976776 0.01875000074505806 0.01875000074505806
0 0.653124988079071 0.15781250596046448 0.012500000186264515 0.01875000074505806
0 0.7054687738418579 0.1640625 0.01406249962747097 0.02187499962747097
0 0.6039062738418579 0.15234375 0.010937499813735485 0.01718750037252903
0 0.612500011920929 0.14531250298023224 0.00937500037252903 0.00937500037252903
0 0.5390625 0.15000000596046448 0.00937500037252903 0.012500000186264515
0 1.1765625476837158 0.46953123807907104 0.08749999850988388 0.05781250074505806
0 0.43359375 0.15937499701976776 0.010937499813735485 0.015625
0 0.5640624761581421 0.14921875298023224 0.00937500037252903 0.01406249962747097
0 0.6468750238418579 0.14296874403953552 0.00937500037252903 0.010937499813735485
0 0.5570312738418579 0.15078124403953552 0.010937499813735485 0.01406249962747097
