0 0.3359375 0.52734375 0.07500000298023224 0.12656250596046448
0 0.7835937738418579 0.375 0.03281249850988388 0.046875
0 1.2265625 0.4156250059604645 0.02500000037252903 0.04062499850988388
0 0.7289062738418579 0.33281248807907104 0.02031249925494194 0.03125
0 1.6218750476837158 0.797656238079071 0.125 0.17656250298023224
0 0.831250011920929 0.31562501192092896 0.015625 0.015625
0 1.899999976158142 0.565625011920929 0.02812499925494194 0.04062499850988388
0 0.940625011920929 0.3335937559604645 0.01875000074505806 0.02656250074505806
0 0.6156250238418579 0.3101562559604645 0.015625 0.0234375
0 1.6749999523162842 0.43828123807907104 0.015625 0.01718750037252903
0 0.739062488079071 0.3046875 0.015625 0.015625
0 1.881250023841858 0.5015624761581421 0.015625 0.01875000074505806
0 0.503125011920929 0.30156248807907104 0.015625 0.015625
