0 0.616406261920929 0.5859375 0.0546875 0.078125
0 1.66796875 0.753125011920929 0.10468749701976776 0.14687499403953552
0 1.6492187976837158 0.5210937261581421 0.03281249850988388 0.0546875
0 1.17578125 0.48124998807907104 0.0234375 0.04374999925494194
0 1.7156250476837158 0.4437499940395355 0.015625 0.02812499925494194
0 1.4539062976837158 0.4476562440395355 0.01718750037252903 0.02968749962747097
0 0.6171875 0.453125 0.02500000037252903 0.03750000149011612
0 1.5031249523162842 0.43046873807907104 0.015625 0.02031249925494194
0 1.5593750476837158 0.4124999940395355 0.015625 0.015625
0 1.6140625476837158 0.42109376192092896 0.015625 0.01718750037252903
0 1.7781250476837158 0.47265625 0.02500000037252903 0.04218750074505806
0 1.4718749523162842 0.41874998807907104 0.015625 0.015625
0 0.934374988079071 0.43359375 0.015625 0.0234375
0 0.6390625238418579 0.4203124940395355 0.015625 0.02187499962747097
0 0.12890625 0.4585937559604645 0.0234375 0.0234375
0 0.3375000059604645 0.43281251192092896 0.015625 0.015625
0 1.4343750476837158 0.4124999940395355 0.015625 0.015625
