0 0.749218761920929 0.19296875596046448 0.02968749962747097 0.04218750074505806
0 0.38593751192092896 0.28515625 0.05937499925494194 0.07343749701976776
0 0.53515625 0.18828125298023224 0.0234375 0.03593749925494194
0 0.762499988079071 0.13828125596046448 0.01875000074505806 0.02656250074505806
0 0.7124999761581421 0.16718749701976776 0.01875000074505806 0.02812499925494194
0 0.9046875238418579 0.07968749850988388 0.05937499925494194 0.078125
0 0.543749988079071 0.15078124403953552 0.012500000186264515 0.0234375
0 0.5992187261581421 0.13906249403953552 0.010937499813735485 0.01875000074505806
0 0.703906238079071 0.15000000596046448 0.01718750037252903 0.02500000037252903
0 0.6421874761581421 0.13437500596046448 0.00937500037252903 0.015625
0 0.690625011920929 0.12812499701976776 0.00937500037252903 0.012500000186264515
