0 0.18906250596046448 0.24609375 0.046875 0.0546875
0 0.4789062440395355 0.25468748807907104 0.04531250149011612 0.0625
0 0.07421875 0.3609375059604645 0.07968749850988388 0.10000000149011612
0 0.7679687738418579 0.21484375 0.03593749925494194 0.0390625
0 0.8882812261581421 0.17499999701976776 0.04531250149011612 0.05937499925494194
0 0.4195312559604645 0.18984374403953552 0.02656250074505806 0.0234375
0 0.5015624761581421 0.17109374701976776 0.015625 0.02656250074505806
0 0.5570312738418579 0.16249999403953552 0.01406249962747097 0.02187499962747097
0 0.7523437738418579 0.17499999701976776 0.02656250074505806 0.02187499962747097
0 0.7210937738418579 0.15703125298023224 0.02031249925494194 0.01718750037252903
0 0.612500011920929 0.15078124403953552 0.00937500037252903 0.01718750037252903
0 0.672656238079071 0.14531250298023224 0.01406249962747097 0.01875000074505806
0 0.7523437738418579 0.12578125298023224 0.010937499813735485 0.02031249925494194
0 0.7132812738418579 0.14374999701976776 0.010937499813735485 0.015625
0 0.36640626192092896 0.02812499925494194 0.02656250074505806 0.03750000149011612
0 0.65625 0.13359375298023224 0.00937500037252903 0.010937499813735485
0 0.609375 0.140625 0.00937500037252903 0.015625
0 0.796093761920929 0.10234375298023224 0.010937499813735485 0.01718750037252903
0 0.7640625238418579 0.14218750596046448 0.00937500037252903 0.012500000186264515
0 0.6429687738418579 0.12890625 0.010937499813735485 0.010937499813735485
0 0.6343749761581421 0.12968750298023224 0.00937500037252903 0.00937500037252903
