0 0.05390625074505806 0.4898437559604645 0.10781250149011612 0.14218750596046448
0 0.9468749761581421 0.4789062440395355 0.04062499850988388 0.06093750149011612
0 1.0148437023162842 0.4765625 0.03593749925494194 0.05312500149011612
0 0.44921875 0.4828124940395355 0.0859375 0.09687499701976776
0 0.76171875 0.4781250059604645 0.05781250074505806 0.07500000298023224
0 0.8539062738418579 0.46406251192092896 0.01718750037252903 0.02812499925494194
0 0.3375000059604645 0.4468750059604645 0.02187499962747097 0.02812499925494194
0 0.6351562738418579 0.4585937559604645 0.01406249962747097 0.02031249925494194
0 0.21328124403953552 0.44062501192092896 0.01406249962747097 0.02500000037252903
0 0.573437511920929 0.45390623807907104 0.015625 0.02656250074505806
0 0.29374998807907104 0.4429687559604645 0.015625 0.02031249925494194
0 0.38984376192092896 0.4476562440395355 0.01718750037252903 0.02031249925494194
0 0.676562488079071 0.45781248807907104 0.012500000186264515 0.02500000037252903
0 0.8062499761581421 0.46406251192092896 0.015625 0.02187499962747097
0 0.711718738079071 0.4625000059604645 0.01406249962747097 0.01875000074505806
0 0.8968750238418579 0.46875 0.01875000074505806 0.02500000037252903
0 1.240625023841858 0.484375 0.015625 0.02812499925494194
0 0.559374988079071 0.4546875059604645 0.015625 0.01875000074505806
0 0.08749999850988388 0.43671876192092896 0.015625 0.02656250074505806
0 1.0968749523162842 0.4765625 0.01875000074505806 0.04062499850988388
0 1.0734374523162842 0.47734373807907104 0.01875000074505806 0.04218750074505806
0 0.18437500298023224 0.44062501192092896 0.01875000074505806 0.02187499962747097
0 0.992968738079071 0.47187501192092896 0.01406249962747097 0.02500000037252903
0 0.9664062261581421 0.46875 0.01718750037252903 0.03125
0 0.06562499701976776 0.4351562559604645 0.015625 0.02031249925494194
