0 1.0 0.803906261920929 0.09687499701976776 0.12656250596046448
0 1.60546875 0.680468738079071 0.0703125 0.07968749850988388
0 1.653906226158142 0.657031238079071 0.04843749850988388 0.0703125
0 2.401562452316284 0.734375 0.046875 0.07187499850988388
0 1.682031273841858 0.5796874761581421 0.03281249850988388 0.04062499850988388
0 2.125781297683716 0.61328125 0.02968749962747097 0.03593749925494194
0 1.69140625 0.5484374761581421 0.0234375 0.03437500074505806
0 1.6101562976837158 0.52734375 0.01718750037252903 0.0234375
0 1.4093749523162842 0.510937511920929 0.015625 0.015625
0 1.96875 0.559374988079071 0.015625 0.02187499962747097
0 1.8171875476837158 0.532031238079071 0.015625 0.01718750037252903
0 1.1765625476837158 0.503125011920929 0.015625 0.015625
0 1.25 0.4984374940395355 0.015625 0.015625
0 1.032812476158142 0.49687498807907104 0.015625 0.015625
