0 0.737500011920929 0.65234375 0.05937499925494194 0.07656250149011612
0 0.31718748807907104 0.60546875 0.03437500074505806 0.04843749850988388
0 1.337499976158142 0.58984375 0.04374999925494194 0.06093750149011612
0 0.925000011920929 0.4984374940395355 0.015625 0.02187499962747097
0 0.6421874761581421 0.5367187261581421 0.01875000074505806 0.03281249850988388
0 0.723437488079071 0.5210937261581421 0.015625 0.0234375
0 1.0125000476837158 0.518750011920929 0.02187499962747097 0.03125
0 0.890625 0.48906248807907104 0.015625 0.01875000074505806
0 0.8125 0.484375 0.015625 0.02187499962747097
0 0.5796874761581421 0.49531251192092896 0.015625 0.01875000074505806
