0 1.267187476158142 0.5484374761581421 0.02812499925494194 0.05000000074505806
0 0.3656249940395355 0.8578125238418579 0.09687499701976776 0.13437500596046448
0 1.8367187976837158 0.844531238079071 0.12656250596046448 0.16718749701976776
0 0.772656261920929 0.5718749761581421 0.03281249850988388 0.046875
0 1.109375 0.4984374940395355 0.015625 0.02187499962747097
0 0.854687511920929 0.512499988079071 0.015625 0.02500000037252903
0 1.736718773841858 0.49921876192092896 0.02656250074505806 0.03593749925494194
0 0.792187511920929 0.504687488079071 0.015625 0.015625
0 0.8203125 0.5015624761581421 0.015625 0.015625
0 1.024999976158142 0.49140626192092896 0.015625 0.01718750037252903
