0 1.475000023841858 0.5093749761581421 0.046875 0.07500000298023224
0 0.6929687261581421 0.66796875 0.06718750298023224 0.09218750149011612
0 0.645312488079071 0.526562511920929 0.01875000074505806 0.03437500074505806
0 0.7281249761581421 0.543749988079071 0.03125 0.046875
0 1.134374976158142 0.46406251192092896 0.02500000037252903 0.03750000149011612
0 0.4273437559604645 0.55859375 0.01718750037252903 0.03281249850988388
0 0.534375011920929 0.53125 0.015625 0.03125
0 0.2265625 0.60546875 0.02500000037252903 0.02968749962747097
0 1.5109374523162842 0.40937501192092896 0.015625 0.02500000037252903
0 0.734375 0.47734373807907104 0.015625 0.02031249925494194
0 0.893750011920929 0.46562498807907104 0.015625 0.02500000037252903
0 1.775781273841858 0.4234375059604645 0.02031249925494194 0.03437500074505806
0 1.9031250476837158 0.40546876192092896 0.01875000074505806 0.02656250074505806
0 1.7312500476837158 0.3984375 0.01875000074505806 0.02500000037252903
0 1.4187500476837158 0.40312498807907104 0.01875000074505806 0.02187499962747097
