0 0.578906238079071 0.553906261920929 0.08281250298023224 0.11406250298023224
0 0.696093738079071 0.38749998807907104 0.03281249850988388 0.04374999925494194
0 0.7132812738418579 0.4242187440395355 0.0390625 0.0546875
0 0.856249988079071 0.34453123807907104 0.015625 0.02656250074505806
0 0.5882812738418579 0.3570312559604645 0.02031249925494194 0.03281249850988388
0 1.326562523841858 0.4203124940395355 0.02187499962747097 0.04374999925494194
0 0.770312488079071 0.3335937559604645 0.015625 0.02031249925494194
0 1.09375 0.37578123807907104 0.02500000037252903 0.03593749925494194
0 0.5218750238418579 0.33984375 0.015625 0.02656250074505806
0 0.7242187261581421 0.3265624940395355 0.01718750037252903 0.02187499962747097
0 0.4820312559604645 0.32890623807907104 0.01718750037252903 0.0234375
