0 0.9296875 1.1867187023162842 0.08749999850988388 0.11406250298023224
0 2.620312452316284 1.5554687976837158 0.18125000596046448 0.25468748807907104
0 2.4765625 1.209375023841858 0.078125 0.11874999850988388
0 1.4757812023162842 1.1023437976837158 0.06093750149011612 0.09218750149011612
0 1.8976562023162842 1.053125023841858 0.03281249850988388 0.05937499925494194
0 2.042187452316284 1.025781273841858 0.03437500074505806 0.0546875
0 2.44921875 1.0578124523162842 0.03281249850988388 0.0625
0 2.7249999046325684 1.095312476158142 0.05000000074505806 0.078125
0 2.485156297683716 1.10546875 0.0546875 0.09218750149011612
0 2.641406297683716 1.060156226158142 0.04218750074505806 0.06406249850988388
0 3.16796875 1.2742187976837158 0.0546875 0.14531250298023224
0 2.84765625 1.138281226158142 0.06718750298023224 0.08906249701976776
0 3.063281297683716 1.0867187976837158 0.03281249850988388 0.05156249925494194
0 2.9156250953674316 1.064062476158142 0.03125 0.04374999925494194
0 1.9523437023162842 0.99609375 0.0234375 0.03593749925494194
0 2.5875000953674316 1.0437500476837158 0.02500000037252903 0.04374999925494194
0 2.549999952316284 1.0343749523162842 0.02812499925494194 0.04062499850988388
0 2.114062547683716 1.013281226158142 0.02500000037252903 0.03593749925494194
0 1.907812476158142 0.9937499761581421 0.02812499925494194 0.04062499850988388
0 2.4078125953674316 1.02734375 0.03125 0.04218750074505806
0 1.838281273841858 0.991406261920929 0.02656250074505806 0.03281249850988388
0 2.3570313453674316 1.01953125 0.02656250074505806 0.04218750074505806
0 2.51953125 1.0242187976837158 0.0234375 0.0390625
