0 2.299999952316284 1.3234374523162842 0.11562500149011612 0.15625
0 0.9351562261581421 1.3046875 0.10468749701976776 0.14687499403953552
0 1.9679687023162842 1.1203124523162842 0.04531250149011612 0.07500000298023224
0 1.859375 1.0671875476837158 0.03437500074505806 0.05312500149011612
0 1.275781273841858 1.110937476158142 0.04218750074505806 0.06562499701976776
0 1.4171874523162842 1.025781273841858 0.02500000037252903 0.04218750074505806
0 1.353124976158142 1.0625 0.04374999925494194 0.05624999850988388
0 1.790624976158142 1.0242187976837158 0.03125 0.0390625
0 1.7578125 1.002343773841858 0.02500000037252903 0.03281249850988388
0 1.73828125 0.987500011920929 0.02031249925494194 0.03125
0 1.4640624523162842 1.002343773841858 0.02500000037252903 0.03593749925494194
0 1.7140624523162842 0.9750000238418579 0.015625 0.02187499962747097
