0 0.757031261920929 0.19921875 0.06406249850988388 0.07968749850988388
0 0.6773437261581421 0.16640624403953552 0.04843749850988388 0.06406249850988388
0 0.23749999701976776 0.23593750596046448 0.05937499925494194 0.09062500298023224
0 0.17343750596046448 0.18125000596046448 0.05937499925494194 0.07500000298023224
0 0.32343751192092896 0.16718749701976776 0.05000000074505806 0.06562499701976776
0 0.9164062738418579 0.28515625 0.09218750149011612 0.11406250298023224
0 0.543749988079071 0.12812499701976776 0.03437500074505806 0.05000000074505806
0 0.23828125 0.11640624701976776 0.03593749925494194 0.04843749850988388
0 1.044531226158142 0.16015625 0.0546875 0.04843749850988388
0 0.890625 0.13906249403953552 0.05937499925494194 0.03750000149011612
0 0.203125 0.13906249403953552 0.03437500074505806 0.05937499925494194
0 0.19062499701976776 0.09843750298023224 0.02187499962747097 0.03437500074505806
0 0.4609375 0.10390625149011612 0.02812499925494194 0.04531250149011612
0 0.34843748807907104 0.08359374850988388 0.02500000037252903 0.03281249850988388
0 0.15781250596046448 0.07968749850988388 0.02187499962747097 0.02812499925494194
0 0.5367187261581421 0.05078125 0.02656250074505806 0.0234375
0 0.3203125 0.01875000074505806 0.015625 0.02500000037252903
