0 1.052343726158142 1.3351562023162842 0.12968750298023224 0.15156249701976776
0 2.242968797683716 1.381250023841858 0.1328125 0.1875
0 1.896875023841858 1.122656226158142 0.05937499925494194 0.08906249701976776
0 1.7468750476837158 0.9906250238418579 0.03750000149011612 0.05624999850988388
0 0.5953124761581421 1.09765625 0.046875 0.05781250074505806
0 0.628125011920929 1.088281273841858 0.03750000149011612 0.0546875
0 1.439062476158142 1.010156273841858 0.03125 0.04218750074505806
0 0.9742187261581421 0.9820312261581421 0.0234375 0.03281249850988388
0 0.12109375 1.040624976158142 0.03281249850988388 0.04062499850988388
0 0.559374988079071 1.0382812023162842 0.03437500074505806 0.04218750074505806
0 1.3125 0.946093738079071 0.015625 0.0234375
0 1.478124976158142 0.97265625 0.02812499925494194 0.03593749925494194
0 0.40312498807907104 0.9984375238418579 0.02500000037252903 0.02812499925494194
0 1.420312523841858 0.956250011920929 0.01875000074505806 0.02812499925494194
0 1.5929687023162842 0.936718761920929 0.01718750037252903 0.0234375
0 1.721093773841858 0.965624988079071 0.02656250074505806 0.03437500074505806
0 1.693750023841858 0.944531261920929 0.02500000037252903 0.02656250074505806
0 0.2757812440395355 0.98828125 0.02031249925494194 0.02968749962747097
0 0.6000000238418579 0.97265625 0.015625 0.01718750037252903
0 0.17812499403953552 1.024999976158142 0.03125 0.03750000149011612
0 0.40156251192092896 0.977343738079071 0.02187499962747097 0.02968749962747097
0 0.710156261920929 0.961718738079071 0.02031249925494194 0.02656250074505806
0 0.604687511920929 0.957812488079071 0.01875000074505806 0.02187499962747097
0 0.48515623807907104 0.967968761920929 0.02031249925494194 0.02656250074505806
0 0.9609375 0.9468749761581421 0.015625 0.02187499962747097
0 0.989062488079071 0.938281238079071 0.015625 0.02031249925494194
0 1.1609375476837158 0.9453125 0.01875000074505806 0.03125
0 1.4171874523162842 0.9320312738418579 0.015625 0.02031249925494194
0 0.859375 0.9429687261581421 0.015625 0.0234375
0 0.7421875 0.948437511920929 0.015625 0.02500000037252903
0 1.2468750476837158 0.9320312738418579 0.015625 0.02031249925494194
