0 2.5625 1.088281273841858 0.17812499403953552 0.16093750298023224
0 2.278125047683716 1.0554687976837158 0.125 0.2109375
0 0.925000011920929 0.827343761920929 0.09687499701976776 0.12968750298023224
0 1.8835937976837158 0.617968738079071 0.04218750074505806 0.05781250074505806
0 1.5078125 0.65234375 0.05624999850988388 0.0859375
0 2.4937500953674316 0.688281238079071 0.04374999925494194 0.06093750149011612
0 1.9226562976837158 0.6109374761581421 0.02656250074505806 0.05312500149011612
0 2.331249952316284 0.60546875 0.02500000037252903 0.0390625
0 1.9539062976837158 0.5640624761581421 0.0234375 0.03750000149011612
0 2.9429688453674316 1.165624976158142 0.1015625 0.16249999403953552
0 1.90234375 0.5234375 0.01718750037252903 0.02187499962747097
