0 0.5093749761581421 0.45781248807907104 0.05312500149011612 0.08124999701976776
0 0.640625 0.35468751192092896 0.03125 0.04062499850988388
0 1.380468726158142 0.46875 0.04531250149011612 0.0625
0 1.099218726158142 0.3531250059604645 0.0234375 0.03437500074505806
0 0.602343738079071 0.3218750059604645 0.02031249925494194 0.02812499925494194
0 0.6703125238418579 0.29296875 0.015625 0.01718750037252903
0 0.846875011920929 0.3062500059604645 0.01875000074505806 0.02500000037252903
0 0.504687488079071 0.3101562559604645 0.02187499962747097 0.0234375
0 1.966406226158142 0.5328124761581421 0.02656250074505806 0.05937499925494194
0 1.864843726158142 0.4921875 0.02968749962747097 0.03750000149011612
0 0.32343751192092896 0.30859375 0.015625 0.02656250074505806
