0 0.8765624761581421 0.4632812440395355 0.10312499850988388 0.12343750149011612
0 0.05546874925494194 0.4593749940395355 0.10781250149011612 0.12187500298023224
0 0.13593749701976776 0.4429687559604645 0.0625 0.07656250149011612
0 0.6734374761581421 0.44140625 0.05937499925494194 0.08281250298023224
0 0.574999988079071 0.4320312440395355 0.04374999925494194 0.06093750149011612
0 0.48515623807907104 0.4273437559604645 0.03593749925494194 0.04843749850988388
0 0.43281251192092896 0.42500001192092896 0.02500000037252903 0.03750000149011612
0 0.328125 0.4234375059604645 0.01875000074505806 0.03125
0 0.29374998807907104 0.42109376192092896 0.015625 0.02656250074505806
0 0.359375 0.4195312559604645 0.01875000074505806 0.02656250074505806
0 0.4046874940395355 0.41796875 0.00937500037252903 0.02031249925494194
0 0.25468748807907104 0.421875 0.015625 0.03125
0 0.1640625 0.4312500059604645 0.04062499850988388 0.05937499925494194
0 0.3968749940395355 0.41718751192092896 0.00937500037252903 0.01875000074505806
0 0.2109375 0.41718751192092896 0.012500000186264515 0.01875000074505806
0 0.41718751192092896 0.4164062440395355 0.00937500037252903 0.02031249925494194
