0 0.87109375 0.3218750059604645 0.12031249701976776 0.13750000298023224
0 0.34375 0.21796874701976776 0.05937499925494194 0.08281250298023224
0 0.14531250298023224 0.18437500298023224 0.05000000074505806 0.07187499850988388
0 0.23828125 0.12187500298023224 0.02656250074505806 0.04062499850988388
0 1.177343726158142 0.08671875298023224 0.02656250074505806 0.0390625
0 0.9312499761581421 0.09921874850988388 0.02500000037252903 0.04218750074505806
0 1.14453125 0.10468749701976776 0.03593749925494194 0.046875
0 1.029687523841858 0.08203125 0.02500000037252903 0.03593749925494194
0 0.6656249761581421 0.13203124701976776 0.05312500149011612 0.03593749925494194
0 0.6976562738418579 0.09687499701976776 0.03281249850988388 0.04374999925494194
0 0.37968748807907104 0.10781250149011612 0.03125 0.04062499850988388
0 0.2632812559604645 0.10078124701976776 0.02031249925494194 0.03281249850988388
0 0.86328125 0.08437500149011612 0.0234375 0.03125
0 0.6117187738418579 0.0859375 0.02031249925494194 0.02812499925494194
0 0.05937499925494194 0.10234375298023224 0.02187499962747097 0.03593749925494194
0 0.15234375 0.09531249850988388 0.02031249925494194 0.03125
0 0.65234375 0.07968749850988388 0.02031249925494194 0.02812499925494194
0 0.42890626192092896 0.08124999701976776 0.01718750037252903 0.02187499962747097
0 0.10546875 0.10781250149011612 0.02031249925494194 0.03750000149011612
0 0.746874988079071 0.07578124850988388 0.01875000074505806 0.02031249925494194
0 0.33906251192092896 0.08203125 0.015625 0.01718750037252903
0 0.16953125596046448 0.08984375 0.01406249962747097 0.02656250074505806
0 0.543749988079071 0.07421875 0.012500000186264515 0.0234375
0 0.6226562261581421 0.07578124850988388 0.01406249962747097 0.0234375
0 0.530468761920929 0.07343749701976776 0.010937499813735485 0.02187499962747097
0 1.087499976158142 0.07109375298023224 0.01875000074505806 0.02656250074505806
0 0.946093738079071 0.06640625 0.01406249962747097 0.02031249925494194
0 0.8125 0.0703125 0.01875000074505806 0.02187499962747097
0 0.22031250596046448 0.08359374850988388 0.015625 0.02031249925494194
0 0.01718750037252903 0.11640624701976776 0.02812499925494194 0.03593749925494194
0 0.967968761920929 0.06796874850988388 0.01406249962747097 0.02031249925494194
0 1.0984375476837158 0.06484375149011612 0.00937500037252903 0.01406249962747097
0 0.699999988079071 0.07109375298023224 0.012500000186264515 0.02031249925494194
0 0.80078125 0.08124999701976776 0.0234375 0.01875000074505806
0 1.146093726158142 0.06640625 0.01718750037252903 0.0234375
0 0.08281250298023224 0.0859375 0.012500000186264515 0.01875000074505806
