0 1.216406226158142 1.252343773841858 0.10468749701976776 0.14218750596046448
0 2.2554688453674316 1.08203125 0.04843749850988388 0.07656250149011612
0 1.4695312976837158 1.0632812976837158 0.04531250149011612 0.06718750298023224
0 2.5953125953674316 1.2374999523162842 0.08749999850988388 0.12812499701976776
0 2.4039063453674316 1.049218773841858 0.05781250074505806 0.06093750149011612
0 1.7273437976837158 1.021875023841858 0.0390625 0.05000000074505806
0 2.028125047683716 1.0078125 0.02812499925494194 0.03750000149011612
0 2.3804688453674316 1.00390625 0.0234375 0.03281249850988388
0 2.5625 1.0046875476837158 0.02500000037252903 0.03437500074505806
0 2.7710938453674316 1.045312523841858 0.03281249850988388 0.04374999925494194
