0 1.9070312976837158 1.2156250476837158 0.06718750298023224 0.08749999850988388
0 2.1234374046325684 1.126562476158142 0.03125 0.05000000074505806
0 1.967187523841858 1.1101562976837158 0.02812499925494194 0.04218750074505806
0 1.8484375476837158 1.1476562023162842 0.03750000149011612 0.04843749850988388
0 0.3656249940395355 1.8039062023162842 0.25 0.2953124940395355
0 2.731250047683716 1.2585937976837158 0.08124999701976776 0.09218750149011612
0 2.3960938453674316 1.157812476158142 0.04218750074505806 0.05937499925494194
0 1.834375023841858 1.1023437976837158 0.02187499962747097 0.02968749962747097
0 1.7374999523162842 1.095312476158142 0.02500000037252903 0.02812499925494194
0 1.7453124523162842 1.126562476158142 0.02812499925494194 0.03750000149011612
0 1.442968726158142 1.1015625 0.01718750037252903 0.02187499962747097
0 1.6437499523162842 1.1164062023162842 0.02187499962747097 0.02656250074505806
