0 0.42109376192092896 0.27031248807907104 0.06093750149011612 0.078125
0 0.51171875 0.18593749403953552 0.03593749925494194 0.05624999850988388
0 0.71875 0.1875 0.02812499925494194 0.04374999925494194
0 0.6625000238418579 0.15468749403953552 0.01875000074505806 0.03125
0 0.811718761920929 0.2640624940395355 0.06406249850988388 0.078125
0 0.9398437738418579 0.17578125 0.04843749850988388 0.03593749925494194
0 0.901562511920929 0.15078124403953552 0.02812499925494194 0.03593749925494194
0 0.60546875 0.13828125596046448 0.02031249925494194 0.02656250074505806
0 0.5445312261581421 0.16249999403953552 0.02656250074505806 0.03437500074505806
0 0.9859374761581421 0.11171875149011612 0.00937500037252903 0.01718750037252903
0 0.875 0.10546875 0.00937500037252903 0.01406249962747097
0 0.9398437738418579 0.10234375298023224 0.010937499813735485 0.01406249962747097
0 0.8218749761581421 0.10390625149011612 0.00937500037252903 0.01406249962747097
0 0.7523437738418579 0.09453125298023224 0.01406249962747097 0.01718750037252903
0 0.543749988079071 0.13828125596046448 0.015625 0.02656250074505806
0 0.5023437738418579 0.12890625 0.01406249962747097 0.02031249925494194
0 0.858593761920929 0.11484374850988388 0.010937499813735485 0.01406249962747097
0 0.796093761920929 0.10234375298023224 0.01406249962747097 0.02031249925494194
0 0.4039062559604645 0.12421874701976776 0.010937499813735485 0.02031249925494194
