0 0.9984375238418579 0.15859374403953552 0.04374999925494194 0.05781250074505806
0 0.688281238079071 0.15468749403953552 0.03593749925494194 0.05312500149011612
0 0.95703125 0.12421874701976776 0.03281249850988388 0.04218750074505806
0 1.1203124523162842 0.12812499701976776 0.03437500074505806 0.046875
0 0.543749988079071 0.14140625298023224 0.03125 0.04531250149011612
0 0.47578126192092896 0.14374999701976776 0.03281249850988388 0.046875
0 0.30859375 0.13984374701976776 0.04218750074505806 0.02968749962747097
0 0.14765624701976776 0.14296874403953552 0.0390625 0.02968749962747097
0 0.03593749925494194 0.13750000298023224 0.02812499925494194 0.04062499850988388
0 0.8023437261581421 0.11484374850988388 0.03281249850988388 0.04218750074505806
0 0.36640626192092896 0.140625 0.02968749962747097 0.046875
