0 0.4085937440395355 1.528906226158142 0.2109375 0.22968749701976776
0 2.499218702316284 1.1789062023162842 0.07656250149011612 0.1015625
0 0.870312511920929 1.2117187976837158 0.07500000298023224 0.12031249701976776
0 0.6117187738418579 1.153906226158142 0.06406249850988388 0.0859375
0 1.97265625 1.095312476158142 0.05781250074505806 0.07500000298023224
0 1.55078125 1.0593750476837158 0.04843749850988388 0.0625
0 0.905468761920929 1.0554687976837158 0.03593749925494194 0.05156249925494194
0 0.5484374761581421 1.060156226158142 0.03437500074505806 0.04843749850988388
0 1.248437523841858 1.046875 0.03750000149011612 0.05937499925494194
0 1.130468726158142 0.98046875 0.0234375 0.03281249850988388
0 0.18593749403953552 1.139062523841858 0.05624999850988388 0.07187499850988388
0 0.641406238079071 1.0265624523162842 0.03593749925494194 0.046875
0 0.43828123807907104 1.05859375 0.03281249850988388 0.0390625
0 0.8335937261581421 1.00390625 0.02656250074505806 0.03281249850988388
0 0.47265625 1.024999976158142 0.02031249925494194 0.03125
0 0.770312488079071 0.9976562261581421 0.01875000074505806 0.02656250074505806
0 1.4148437976837158 0.9593750238418579 0.01718750037252903 0.02500000037252903
0 1.110937476158142 0.967968761920929 0.01875000074505806 0.0234375
0 0.18046875298023224 1.057031273841858 0.03593749925494194 0.03593749925494194
0 1.3781249523162842 0.9515625238418579 0.015625 0.02187499962747097
0 1.6492187976837158 0.9453125 0.0234375 0.02500000037252903
