0 0.524218738079071 0.19218750298023224 0.03281249850988388 0.04374999925494194
0 0.7281249761581421 0.17578125 0.02500000037252903 0.03593749925494194
0 1.0078125 0.22499999403953552 0.06875000149011612 0.04374999925494194
0 0.6953125 0.13828125596046448 0.015625 0.0234375
0 0.5492187738418579 0.14609375596046448 0.01718750037252903 0.02968749962747097
0 0.5703125 0.12812499701976776 0.012500000186264515 0.01875000074505806
0 0.5953124761581421 0.12187500298023224 0.00937500037252903 0.012500000186264515
0 1.0343749523162842 0.3765625059604645 0.109375 0.13124999403953552
0 0.660937488079071 0.11640624701976776 0.00937500037252903 0.01406249962747097
0 0.577343761920929 0.11562500149011612 0.010937499813735485 0.012500000186264515
