0 0.6328125 0.578125 0.02812499925494194 0.03750000149011612
0 1.359375 0.5640624761581421 0.04062499850988388 0.05312500149011612
0 1.830468773841858 0.6937500238418579 0.07343749701976776 0.10625000298023224
0 0.5640624761581421 0.901562511920929 0.12187500298023224 0.16875000298023224
0 0.703906238079071 0.653124988079071 0.04843749850988388 0.07500000298023224
0 0.9429687261581421 0.5289062261581421 0.02656250074505806 0.03593749925494194
0 0.7601562738418579 0.5257812738418579 0.01718750037252903 0.02031249925494194
0 0.5296875238418579 0.557812511920929 0.015625 0.02187499962747097
0 0.5843750238418579 0.520312488079071 0.015625 0.015625
0 0.637499988079071 0.5218750238418579 0.01875000074505806 0.02187499962747097
