0 0.8648437261581421 0.805468738079071 0.08906249701976776 0.12968750298023224
0 0.9507812261581421 0.643750011920929 0.0390625 0.06875000149011612
0 1.8250000476837158 0.746874988079071 0.07187499850988388 0.09687499701976776
0 1.509374976158142 0.616406261920929 0.03750000149011612 0.0546875
0 2.878124952316284 1.170312523841858 0.17499999701976776 0.24375000596046448
0 0.9703124761581421 0.5804687738418579 0.02812499925494194 0.04218750074505806
0 1.290624976158142 0.5390625 0.01875000074505806 0.03125
0 1.3828125 0.567187488079071 0.02500000037252903 0.03437500074505806
0 1.2109375 0.5289062261581421 0.015625 0.0234375
0 0.8921874761581421 0.5375000238418579 0.015625 0.02812499925494194
0 0.4046874940395355 0.5625 0.015625 0.02500000037252903
0 0.682812511920929 0.546875 0.015625 0.02812499925494194
0 0.7992187738418579 0.5406249761581421 0.0234375 0.03125
