0 0.8843749761581421 0.13984374701976776 0.10000000149011612 0.12343750149011612
0 0.8140624761581421 0.3515625 0.10000000149011612 0.13124999403953552
0 0.5859375 0.3226562440395355 0.09687499701976776 0.11406250298023224
0 0.38593751192092896 0.12343750149011612 0.06562499701976776 0.08124999701976776
0 0.520312488079071 0.2789062559604645 0.09062500298023224 0.09218750149011612
0 0.676562488079071 0.3499999940395355 0.12812499701976776 0.09062500298023224
0 0.578906238079071 0.13203124701976776 0.06718750298023224 0.09531249850988388
0 0.621874988079071 0.2992187440395355 0.06875000149011612 0.08906249701976776
0 0.22890624403953552 0.4593749940395355 0.12343750149011612 0.07500000298023224
0 0.11640624701976776 0.45390623807907104 0.12343750149011612 0.08281250298023224
