0 0.9593750238418579 0.5234375 0.15000000596046448 0.19062499701976776
0 0.7734375 0.4867187440395355 0.07500000298023224 0.10468749701976776
0 0.6625000238418579 0.47734373807907104 0.05000000074505806 0.07656250149011612
0 0.604687511920929 0.4742187559604645 0.03750000149011612 0.0546875
0 0.14921875298023224 0.5101562738418579 0.07968749850988388 0.09843750298023224
0 0.21875 0.49531251192092896 0.05000000074505806 0.0625
0 0.25312501192092896 0.48515623807907104 0.03125 0.0546875
0 0.5335937738418579 0.47187501192092896 0.02968749962747097 0.04374999925494194
0 0.37968748807907104 0.46953123807907104 0.015625 0.02656250074505806
0 0.4984374940395355 0.46953123807907104 0.02187499962747097 0.03281249850988388
0 0.4078125059604645 0.47265625 0.01875000074505806 0.02968749962747097
0 0.34375 0.4749999940395355 0.02187499962747097 0.02812499925494194
0 0.4429687559604645 0.4671874940395355 0.01718750037252903 0.02500000037252903
