0 0.30156248807907104 0.9351562261581421 0.12187500298023224 0.1796875
0 0.73828125 0.6382812261581421 0.0546875 0.09531249850988388
0 0.757031261920929 0.538281261920929 0.02968749962747097 0.04531250149011612
0 1.2078125476837158 0.47265625 0.02812499925494194 0.03593749925494194
0 1.697656273841858 0.543749988079071 0.04531250149011612 0.07187499850988388
0 1.30078125 0.4554687440395355 0.02656250074505806 0.03593749925494194
0 1.140625 0.46406251192092896 0.015625 0.03437500074505806
0 0.710156261920929 0.5171874761581421 0.0234375 0.04062499850988388
0 1.017187476158142 0.4593749940395355 0.015625 0.03125
0 0.6484375 0.507031261920929 0.015625 0.02968749962747097
0 0.862500011920929 0.46562498807907104 0.015625 0.02812499925494194
0 1.704687476158142 0.44453126192092896 0.01875000074505806 0.03281249850988388
