0 2.0882811546325684 1.158593773841858 0.0703125 0.09218750149011612
0 0.944531261920929 1.259374976158142 0.10781250149011612 0.140625
0 1.2570312023162842 1.107031226158142 0.0546875 0.07968749850988388
0 2.742968797683716 1.553125023841858 0.23281249403953552 0.265625
0 1.875 1.0593750476837158 0.05000000074505806 0.0625
0 1.799218773841858 1.0148437023162842 0.03593749925494194 0.04843749850988388
0 1.3546874523162842 1.048437476158142 0.02812499925494194 0.05624999850988388
0 1.4765625 0.9906250238418579 0.02812499925494194 0.03125
0 1.760156273841858 0.9898437261581421 0.0234375 0.03281249850988388
0 1.9484374523162842 0.98046875 0.02500000037252903 0.03593749925494194
0 1.4328124523162842 1.009374976158142 0.02187499962747097 0.04062499850988388
0 2.140625 0.99609375 0.02187499962747097 0.03281249850988388
0 1.8718750476837158 0.969531238079071 0.02187499962747097 0.02656250074505806
0 1.509374976158142 0.9742187261581421 0.01875000074505806 0.02656250074505806
0 1.825781226158142 0.9554687738418579 0.01718750037252903 0.02031249925494194
0 2.657031297683716 1.01171875 0.0234375 0.0390625
0 2.7757811546325684 0.9945312738418579 0.02656250074505806 0.02656250074505806
0 2.9859375953674316 1.021093726158142 0.02812499925494194 0.03281249850988388
0 1.7453124523162842 0.97265625 0.02187499962747097 0.02656250074505806
0 1.7273437976837158 0.961718738079071 0.01718750037252903 0.02656250074505806
0 2.094531297683716 0.96875 0.01718750037252903 0.02812499925494194
0 2.1968750953674316 0.977343738079071 0.015625 0.0234375
0 2.503124952316284 0.9867187738418579 0.02812499925494194 0.03281249850988388
0 2.0296874046325684 0.9585937261581421 0.015625 0.02031249925494194
0 1.796875 0.94140625 0.015625 0.01718750037252903
0 1.990625023841858 0.949999988079071 0.015625 0.02187499962747097
0 1.7234375476837158 0.953906238079071 0.015625 0.02656250074505806
0 1.517187476158142 0.9609375 0.015625 0.01875000074505806
