0 0.27734375 1.002343773841858 0.12968750298023224 0.18281249701976776
0 1.7976562976837158 0.8382812738418579 0.11406250298023224 0.16718749701976776
0 0.5914062261581421 0.737500011920929 0.06718750298023224 0.10000000149011612
0 0.628125011920929 0.6109374761581421 0.04062499850988388 0.05312500149011612
0 1.142968773841858 0.5531250238418579 0.03281249850988388 0.05000000074505806
0 0.594531238079071 0.5640624761581421 0.02031249925494194 0.03437500074505806
0 0.88671875 0.5218750238418579 0.02031249925494194 0.02812499925494194
0 0.8023437261581421 0.512499988079071 0.01718750037252903 0.02500000037252903
0 0.47187501192092896 0.571093738079071 0.015625 0.02968749962747097
0 0.746874988079071 0.5054687261581421 0.015625 0.02031249925494194
0 0.37031251192092896 0.57421875 0.015625 0.02656250074505806
0 0.5679687261581421 0.53125 0.01406249962747097 0.02187499962747097
