0 0.9921875 0.23046875 0.10000000149011612 0.11406250298023224
0 0.390625 0.2992187440395355 0.0625 0.07343749701976776
0 0.29296875 0.234375 0.04531250149011612 0.05624999850988388
0 0.7421875 0.234375 0.04062499850988388 0.05624999850988388
0 0.42500001192092896 0.18281249701976776 0.02187499962747097 0.03437500074505806
0 0.67578125 0.19453124701976776 0.0234375 0.0390625
0 0.7406250238418579 0.16953125596046448 0.02187499962747097 0.02968749962747097
0 0.6031249761581421 0.15468749403953552 0.012500000186264515 0.02500000037252903
0 0.5257812738418579 0.16718749701976776 0.02031249925494194 0.02500000037252903
0 0.6195312738418579 0.14296874403953552 0.01406249962747097 0.0234375
0 0.8343750238418579 0.11953125149011612 0.03125 0.03281249850988388
0 0.620312511920929 0.10312499850988388 0.00937500037252903 0.015625
0 0.703906238079071 0.13906249403953552 0.010937499813735485 0.015625
