0 1.1203124523162842 1.224218726158142 0.09062500298023224 0.12031249701976776
0 2.336718797683716 1.21484375 0.09218750149011612 0.12031249701976776
0 1.4289062023162842 1.0632812976837158 0.0390625 0.0546875
0 1.9578125476837158 1.060156226158142 0.03750000149011612 0.0546875
0 1.921875 1.029687523841858 0.03750000149011612 0.07187499850988388
0 1.458593726158142 1.029687523841858 0.0390625 0.07500000298023224
0 1.5031249523162842 1.0164062976837158 0.02500000037252903 0.03593749925494194
0 1.517968773841858 1.0 0.01718750037252903 0.02812499925494194
0 1.545312523841858 0.9859374761581421 0.01875000074505806 0.02500000037252903
0 1.859375 1.0164062976837158 0.02500000037252903 0.03593749925494194
0 1.82421875 1.0 0.0234375 0.03125
0 1.592187523841858 0.9765625 0.015625 0.02187499962747097
0 1.774999976158142 0.981249988079071 0.015625 0.02500000037252903
0 1.4718749523162842 1.021093726158142 0.03437500074505806 0.0703125
0 1.8156249523162842 0.9742187261581421 0.015625 0.02031249925494194
0 1.6375000476837158 0.971875011920929 0.015625 0.015625
0 1.735937476158142 0.9624999761581421 0.015625 0.015625
