0 2.6859374046325684 1.423437476158142 0.13750000298023224 0.1875
0 0.453125 1.6203124523162842 0.23749999701976776 0.28125
0 1.30859375 1.135156273841858 0.06718750298023224 0.09218750149011612
0 2.125 1.1281249523162842 0.05624999850988388 0.08124999701976776
0 1.9617187976837158 1.046875 0.03281249850988388 0.05000000074505806
0 1.532812476158142 1.0085937976837158 0.02187499962747097 0.03281249850988388
0 1.4773437976837158 1.0437500476837158 0.02656250074505806 0.05000000074505806
0 1.889062523841858 1.006250023841858 0.02187499962747097 0.03437500074505806
0 1.5734374523162842 0.984375 0.015625 0.02187499962747097
0 1.6875 0.975781261920929 0.015625 0.01718750037252903
0 1.903906226158142 0.983593761920929 0.01718750037252903 0.02031249925494194
0 1.5515625476837158 0.987500011920929 0.015625 0.02500000037252903
0 1.8562500476837158 0.9937499761581421 0.015625 0.02500000037252903
0 2.114062547683716 0.964062511920929 0.015625 0.015625
0 2.1953125 0.9609375 0.015625 0.015625
0 1.865625023841858 0.9867187738418579 0.015625 0.0234375
0 1.8250000476837158 0.9664062261581421 0.015625 0.01718750037252903
0 2.0335936546325684 0.969531238079071 0.0234375 0.0234375
