0 2.4632811546325684 1.3390624523162842 0.12343750149011612 0.171875
0 1.154687523841858 1.243749976158142 0.10000000149011612 0.12812499701976776
0 1.3914062976837158 1.126562476158142 0.06093750149011612 0.078125
0 2.018749952316284 1.041406273841858 0.03437500074505806 0.0546875
0 1.4890625476837158 1.0703125 0.04062499850988388 0.05937499925494194
0 2.4984374046325684 1.0242187976837158 0.03750000149011612 0.04843749850988388
0 2.3726563453674316 0.981249988079071 0.0234375 0.03437500074505806
0 3.07421875 1.7531249523162842 0.23281249403953552 0.390625
0 1.591406226158142 1.0265624523162842 0.02968749962747097 0.046875
0 1.974218726158142 1.0 0.0234375 0.03437500074505806
0 2.66796875 1.095312476158142 0.0546875 0.06562499701976776
0 2.8984375 1.010156273841858 0.03125 0.0390625
0 1.654687523841858 0.98828125 0.01875000074505806 0.02968749962747097
0 1.685156226158142 0.9750000238418579 0.01718750037252903 0.02812499925494194
0 1.709375023841858 0.967968761920929 0.015625 0.0234375
0 1.735937476158142 0.960156261920929 0.015625 0.0234375
0 1.982031226158142 0.96484375 0.01718750037252903 0.0234375
0 1.93359375 0.9703124761581421 0.02031249925494194 0.02500000037252903
0 2.6015625 0.96484375 0.015625 0.02031249925494194
0 1.9031250476837158 0.9624999761581421 0.015625 0.02187499962747097
0 2.278125047683716 0.9624999761581421 0.015625 0.02187499962747097
0 2.7359375953674316 0.965624988079071 0.01875000074505806 0.02187499962747097
0 2.504687547683716 0.9671875238418579 0.01875000074505806 0.02500000037252903
0 2.840625047683716 0.9671875238418579 0.015625 0.02500000037252903
0 2.866406202316284 0.975781261920929 0.02031249925494194 0.02656250074505806
0 3.08984375 0.995312511920929 0.02656250074505806 0.03437500074505806
