0 2.0257811546325684 1.0906250476837158 0.06093750149011612 0.08124999701976776
0 2.4453125 1.2195312976837158 0.09687499701976776 0.1328125
0 1.6593749523162842 1.05078125 0.046875 0.06718750298023224
0 0.725781261920929 1.265625 0.10781250149011612 0.12812499701976776
0 0.574999988079071 1.115625023841858 0.05000000074505806 0.0625
0 0.858593761920929 1.142968773841858 0.05781250074505806 0.07656250149011612
0 1.321874976158142 1.0390625 0.04062499850988388 0.05312500149011612
0 0.7445312738418579 1.0476562976837158 0.04218750074505806 0.0546875
0 1.0546875 1.0359375476837158 0.03437500074505806 0.04374999925494194
0 0.8999999761581421 0.984375 0.02187499962747097 0.02500000037252903
0 0.3984375 1.060937523841858 0.03125 0.04374999925494194
0 0.4375 1.0320312976837158 0.02500000037252903 0.03281249850988388
0 0.616406261920929 1.0070312023162842 0.02031249925494194 0.02656250074505806
0 0.125 1.12109375 0.04062499850988388 0.05781250074505806
0 0.2601562440395355 1.05859375 0.02968749962747097 0.03593749925494194
0 1.169531226158142 0.961718738079071 0.01718750037252903 0.0234375
0 1.1296875476837158 0.953906238079071 0.015625 0.01718750037252903
0 0.5406249761581421 1.005468726158142 0.02187499962747097 0.0234375
0 0.651562511920929 0.9765625 0.015625 0.02187499962747097
0 0.8734375238418579 0.973437488079071 0.015625 0.015625
0 1.3898437023162842 0.946093738079071 0.02031249925494194 0.0234375
