0 2.364062547683716 1.33984375 0.13124999403953552 0.16093750298023224
0 2.0140624046325684 1.125 0.05312500149011612 0.07500000298023224
0 0.867968738079071 1.3250000476837158 0.1015625 0.14687499403953552
0 1.2078125476837158 1.1281249523162842 0.05937499925494194 0.078125
0 1.3828125 1.044531226158142 0.03750000149011612 0.04531250149011612
0 1.825781226158142 1.032812476158142 0.03281249850988388 0.04374999925494194
0 1.505468726158142 1.01171875 0.01718750037252903 0.02968749962747097
0 1.587499976158142 0.995312511920929 0.015625 0.02187499962747097
0 1.8015625476837158 0.987500011920929 0.015625 0.01875000074505806
0 1.868749976158142 1.0046875476837158 0.02187499962747097 0.02812499925494194
0 1.571874976158142 0.983593761920929 0.015625 0.0234375
0 1.735937476158142 0.9765625 0.015625 0.02187499962747097
