0 0.8541666865348816 0.6152777671813965 0.05312500149011612 0.12129629403352737
0 0.617968738079071 0.35185185074806213 0.01197916641831398 0.029629629105329514
0 0.390625 0.35092592239379883 0.014583333395421505 0.029629629105329514
0 0.08671875298023224 0.6296296119689941 0.05052083358168602 0.11481481790542603
0 0.3486979305744171 0.3305555582046509 0.00572916679084301 0.018518518656492233
0 0.3997395932674408 0.3296296298503876 0.00989583320915699 0.025925925001502037
0 0.5299479365348816 0.3162037134170532 0.0078125 0.017592592164874077
0 0.2473958283662796 0.33287036418914795 0.0052083334885537624 0.013888888992369175
0 0.18437500298023224 0.3541666567325592 0.0062500000931322575 0.01944444514811039
0 0.42005208134651184 0.31296294927597046 0.00572916679084301 0.014814814552664757
