0 0.3480468690395355 0.5361111164093018 0.02421874925494194 0.07500000298023224
0 0.7328125238418579 0.5847222208976746 0.02656250074505806 0.08611111342906952
0 0.7085937261581421 0.5201388597488403 0.015625 0.04305555671453476
0 0.6078125238418579 0.4923610985279083 0.010937499813735485 0.02638888917863369
0 0.453125 0.4888888895511627 0.01406249962747097 0.03333333507180214
0 0.4320312440395355 0.4791666567325592 0.0078125 0.02222222276031971
0 0.3828125 0.47083333134651184 0.0078125 0.01944444514811039
0 0.4749999940395355 0.4729166626930237 0.0078125 0.015277777798473835
0 0.5472656488418579 0.4798611104488373 0.008593750186264515 0.02083333395421505
0 0.3929687440395355 0.46736112236976624 0.0078125 0.015277777798473835
0 0.4164062440395355 0.4645833373069763 0.0078125 0.015277777798473835
