0 0.40351563692092896 0.5895833373069763 0.03359375149011612 0.08472222089767456
0 0.3578124940395355 0.48124998807907104 0.01718750037252903 0.0347222238779068
0 0.4117187559604645 0.4937500059604645 0.01718750037252903 0.04305555671453476
0 0.8203125 0.4749999940395355 0.0234375 0.05833333358168602
0 0.2867187559604645 0.4993055462837219 0.01406249962747097 0.03750000149011612
0 0.5179687738418579 0.4229166805744171 0.010937499813735485 0.02638888917863369
0 0.17656250298023224 0.5256944298744202 0.012500000186264515 0.03194444626569748
0 0.617968738079071 0.42569443583488464 0.012500000186264515 0.03194444626569748
0 0.09296874701976776 0.5381944179534912 0.0078125 0.02361111156642437
0 0.35078126192092896 0.4402777850627899 0.0078125 0.01666666753590107
0 0.08828125149011612 0.5215277671813965 0.0078125 0.01805555634200573
0 0.22265625 0.47430557012557983 0.0078125 0.015277777798473835
0 0.845703125 0.37013888359069824 0.01171875 0.02916666679084301
0 0.908203125 0.37708333134651184 0.01015624962747097 0.02083333395421505
0 0.946484386920929 0.3812499940395355 0.008593750186264515 0.01805555634200573
0 0.984375 0.3951388895511627 0.01406249962747097 0.02916666679084301
0 0.24062499403953552 0.45277777314186096 0.0078125 0.013888888992369175
