0 0.72216796875 0.6116536259651184 0.0517578125 0.091796875
0 0.41845703125 0.4449869692325592 0.0146484375 0.02799479104578495
0 0.4443359375 0.4143880307674408 0.01171875 0.025390625
0 0.560546875 0.4296875 0.01171875 0.0234375
0 0.240234375 0.4202474057674408 0.0087890625 0.017578125
0 0.02783203125 0.4593099057674408 0.017578125 0.02799479104578495
0 0.54443359375 0.4095052182674408 0.0107421875 0.02734375
0 0.428466796875 0.3912760317325592 0.00537109375 0.010416666977107525
0 0.42431640625 0.4046224057674408 0.0087890625 0.013671875
0 0.25830078125 0.3990885317325592 0.005859375 0.010416666977107525
0 0.531494140625 0.3981119692325592 0.00634765625 0.013671875
0 0.49365234375 0.3935546875 0.005859375 0.012369791977107525
0 0.38525390625 0.3990885317325592 0.0068359375 0.01171875
0 0.33251953125 0.3971354067325592 0.0048828125 0.010416666977107525
0 0.017822265625 0.4283854067325592 0.00927734375 0.015625
0 0.366943359375 0.3912760317325592 0.00537109375 0.009114583022892475
0 0.08056640625 0.4091796875 0.0048828125 0.013671875
0 0.11474609375 0.4134114682674408 0.0068359375 0.013020833022892475
0 0.130126953125 0.404296875 0.00537109375 0.010416666977107525
0 0.162109375 0.4065755307674408 0.005859375 0.012369791977107525
0 0.2744140625 0.3942057192325592 0.0048828125 0.011067708022892475
0 0.18359375 0.4000650942325592 0.0068359375 0.011067708022892475
0 0.22802734375 0.3961588442325592 0.0048828125 0.009765625
0 0.042724609375 0.4150390625 0.00634765625 0.012369791977107525
