0 0.93115234375 0.6591796875 0.060546875 0.107421875
0 0.48095703125 0.46875 0.0205078125 0.0364583320915699
0 0.314208984375 0.513671875 0.02978515625 0.0533854179084301
0 0.695556640625 0.4501953125 0.01416015625 0.025390625
0 0.837158203125 0.5045573115348816 0.03076171875 0.0442708320915699
0 0.8740234375 0.4694010317325592 0.0185546875 0.0325520820915699
0 0.93701171875 0.4326171875 0.01171875 0.01627604104578495
0 0.817138671875 0.4446614682674408 0.01416015625 0.01953125
0 0.968017578125 0.4554036557674408 0.01806640625 0.029296875
0 0.9765625 0.4261067807674408 0.013671875 0.014973958022892475
