0 0.09074519574642181 0.5713140964508057 0.13581730425357819 0.19711539149284363
0 0.3125 0.5320512652397156 0.05048076808452606 0.09294871985912323
0 0.37319710850715637 0.5208333134651184 0.02764423005282879 0.06089743599295616
0 0.9098557829856873 0.6282051205635071 0.1538461595773697 0.24038460850715637
0 0.7073317170143127 0.5536859035491943 0.05408653989434242 0.09775640815496445
0 0.6165865659713745 0.5248397588729858 0.02163461595773697 0.04326923191547394
0 0.5612980723381042 0.5168269276618958 0.014423076994717121 0.03044871799647808
0 0.5114182829856873 0.5144230723381042 0.013221153989434242 0.025641025975346565
0 0.41286057233810425 0.5128205418586731 0.020432692021131516 0.0416666679084301
0 0.640625 0.5336538553237915 0.03365384787321091 0.06410256773233414
0 0.4609375 0.5096153616905212 0.010817307978868484 0.022435897961258888
