0 0.32666015625 0.5862630009651184 0.0498046875 0.083984375
0 0.828125 0.5423176884651184 0.0439453125 0.06640625
0 0.94921875 0.509765625 0.03515625 0.0494791679084301
0 0.477783203125 0.4430338442325592 0.01708984375 0.03059895895421505
0 0.75830078125 0.453125 0.015625 0.02994791604578495
0 0.828125 0.4410807192325592 0.0146484375 0.02669270895421505
0 0.550537109375 0.4235025942325592 0.01318359375 0.02278645895421505
0 0.98388671875 0.4700520932674408 0.0224609375 0.03515625
0 0.647216796875 0.4169921875 0.01416015625 0.02018229104578495
0 0.767333984375 0.4153645932674408 0.01123046875 0.01953125
0 0.848388671875 0.419921875 0.01123046875 0.01822916604578495
0 0.9560546875 0.4251302182674408 0.01171875 0.01822916604578495
0 0.89794921875 0.4371744692325592 0.013671875 0.025390625
