0 0.250244140625 0.5921223759651184 0.05126953125 0.080078125
0 0.452392578125 0.4446614682674408 0.01318359375 0.02473958395421505
0 0.234375 0.4918619692325592 0.0205078125 0.0384114570915699
0 0.238037109375 0.455078125 0.01318359375 0.0234375
0 0.762939453125 0.474609375 0.02099609375 0.0442708320915699
0 0.324462890625 0.4274088442325592 0.00927734375 0.017578125
0 0.4306640625 0.431640625 0.01171875 0.02213541604578495
0 0.5859375 0.4622395932674408 0.0185546875 0.03515625
0 0.596923828125 0.4130859375 0.00732421875 0.013671875
0 0.271484375 0.4381510317325592 0.0078125 0.01822916604578495
0 0.382080078125 0.419921875 0.00732421875 0.014322916977107525
0 0.521728515625 0.4208984375 0.01025390625 0.017578125
0 0.474853515625 0.4140625 0.00634765625 0.014322916977107525
0 0.7177734375 0.4111328125 0.005859375 0.014973958022892475
0 0.581298828125 0.4069010317325592 0.00634765625 0.01171875
0 0.7109375 0.4029947817325592 0.0048828125 0.01171875
0 0.839599609375 0.4108072817325592 0.00634765625 0.015625
0 0.823974609375 0.4029947817325592 0.00634765625 0.01171875
0 0.90185546875 0.4033203125 0.0068359375 0.012369791977107525
0 0.9677734375 0.41015625 0.0078125 0.014322916977107525
