0 0.05624999850988388 0.27812498807907104 0.057500001043081284 0.1875
0 0.09187500178813934 0.16249999403953552 0.04874999821186066 0.16249999403953552
0 0.9731249809265137 0.3609375059604645 0.04874999821186066 0.24687500298023224
0 0.8012499809265137 0.0546875 0.042500000447034836 0.109375
0 0.9150000214576721 0.0859375 0.03750000149011612 0.12812499701976776
0 0.35624998807907104 0.03750000149011612 0.027499999850988388 0.07500000298023224
0 0.16437500715255737 0.03593749925494194 0.026249999180436134 0.07187499850988388
0 0.6187499761581421 0.04062499850988388 0.029999999329447746 0.07500000298023224
0 0.06750000268220901 0.11874999850988388 0.03750000149011612 0.14374999701976776
0 0.061250001192092896 0.04374999925494194 0.02500000037252903 0.07500000298023224
