0 0.23710937798023224 0.4173611104488373 0.03359375149011612 0.08194444328546524
0 0.33515626192092896 0.35972222685813904 0.0234375 0.0555555559694767
0 0.384765625 0.31736111640930176 0.01640624925494194 0.03750000149011612
0 0.508593738079071 0.2979166805744171 0.00937500037252903 0.02638888917863369
0 0.6011718511581421 0.3791666626930237 0.01796874962747097 0.04722222313284874
0 0.31171876192092896 0.2680555582046509 0.0078125 0.02777777798473835
0 0.572265625 0.3298611044883728 0.01015624962747097 0.03194444626569748
0 0.9085937738418579 0.9395833611488342 0.0859375 0.1180555522441864
0 0.4574218690395355 0.27986112236976624 0.008593750186264515 0.02361111156642437
0 0.38593751192092896 0.2611111104488373 0.0078125 0.02222222276031971
0 0.3792968690395355 0.2916666567325592 0.01015624962747097 0.02777777798473835
0 0.22265625 0.25208333134651184 0.0078125 0.02083333395421505
