0 0.165771484375 0.6930338740348816 0.04931640625 0.111328125
0 0.412841796875 0.4677734375 0.01611328125 0.033203125
0 0.6796875 0.4720052182674408 0.01953125 0.0377604179084301
0 0.451416015625 0.4306640625 0.00927734375 0.017578125
0 0.585693359375 0.4166666567325592 0.00537109375 0.015625
0 0.608154296875 0.4296875 0.01025390625 0.02083333395421505
0 0.62158203125 0.4039713442325592 0.0048828125 0.009765625
0 0.47412109375 0.4104817807674408 0.0068359375 0.01627604104578495
0 0.463623046875 0.4137369692325592 0.00634765625 0.013671875
0 0.59765625 0.4085286557674408 0.005859375 0.011067708022892475
0 0.515380859375 0.4052734375 0.00537109375 0.008463541977107525
0 0.638671875 0.4007161557674408 0.0048828125 0.008463541977107525
0 0.56396484375 0.4000650942325592 0.0048828125 0.008463541977107525
0 0.607421875 0.3948567807674408 0.0048828125 0.008463541977107525
0 0.66650390625 0.3981119692325592 0.0048828125 0.009765625
0 0.6943359375 0.3961588442325592 0.0048828125 0.008463541977107525
