0 0.124755859375 0.7356770634651184 0.07470703125 0.1380208283662796
0 0.2626953125 0.5472005009651184 0.03515625 0.0631510391831398
0 0.1865234375 0.5 0.0234375 0.0416666679084301
0 0.595703125 0.4677734375 0.0185546875 0.0358072929084301
0 0.771484375 0.51953125 0.029296875 0.0546875
0 0.290771484375 0.4501953125 0.01708984375 0.03059895895421505
0 0.942626953125 0.4866536557674408 0.02490234375 0.0436197929084301
0 0.468505859375 0.4514974057674408 0.01708984375 0.0345052070915699
0 0.825927734375 0.4420572817325592 0.01611328125 0.02994791604578495
0 0.105224609375 0.4934895932674408 0.02099609375 0.0364583320915699
0 0.149169921875 0.4501953125 0.01318359375 0.021484375
0 0.05517578125 0.4521484375 0.0126953125 0.01888020895421505
0 0.7373046875 0.4085286557674408 0.0087890625 0.01627604104578495
0 0.772705078125 0.421875 0.00927734375 0.01953125
0 0.8955078125 0.4244791567325592 0.0087890625 0.01953125
0 0.85205078125 0.4143880307674408 0.0078125 0.014973958022892475
0 0.822509765625 0.4075520932674408 0.00634765625 0.014322916977107525
0 0.720703125 0.4020182192325592 0.0078125 0.009765625
0 0.79736328125 0.4016927182674408 0.005859375 0.01171875
0 0.99267578125 0.4453125 0.0126953125 0.0234375
0 0.779296875 0.3974609375 0.0048828125 0.009765625
0 0.73046875 0.3863932192325592 0.0048828125 0.0071614584885537624
0 0.700439453125 0.3909505307674408 0.00537109375 0.009765625
0 0.6962890625 0.3883463442325592 0.0048828125 0.008463541977107525
0 0.763427734375 0.3932291567325592 0.00537109375 0.009114583022892475
0 0.740478515625 0.3876953125 0.00537109375 0.009765625
0 0.75341796875 0.3896484375 0.0048828125 0.0071614584885537624
