0 0.234375 0.840624988079071 0.07374999672174454 0.23125000298023224
0 0.09375 0.645312488079071 0.057500001043081284 0.140625
0 0.8337500095367432 0.637499988079071 0.07000000029802322 0.16249999403953552
0 0.7212499976158142 0.5484374761581421 0.03999999910593033 0.140625
0 0.35874998569488525 0.53125 0.029999999329447746 0.11874999850988388
0 0.6050000190734863 0.38749998807907104 0.017500000074505806 0.06875000149011612
0 0.5793750286102295 0.35624998807907104 0.013749999925494194 0.05624999850988388
0 0.8268749713897705 0.2953124940395355 0.04625000059604645 0.13437500596046448
0 0.40312498807907104 0.43437498807907104 0.021250000223517418 0.08749999850988388
0 0.4231249988079071 0.38749998807907104 0.013749999925494194 0.05624999850988388
0 0.5431249737739563 0.32343751192092896 0.011250000447034836 0.03437500074505806
0 0.43062499165534973 0.3578124940395355 0.013749999925494194 0.046875
0 0.3187499940395355 0.43437498807907104 0.02500000037252903 0.05000000074505806
0 0.5575000047683716 0.3343749940395355 0.009999999776482582 0.03750000149011612
