0 0.5387499928474426 0.5160472989082336 0.04500000178813934 0.08614864945411682
0 0.4606249928474426 0.5042229890823364 0.036249998956918716 0.0625
0 0.7068750262260437 0.5396959185600281 0.07874999940395355 0.14020270109176636
0 0.3881250023841858 0.5008445978164673 0.026249999180436134 0.048986487090587616
0 0.041875001043081284 0.5354729890823364 0.08124999701976776 0.13513512909412384
0 0.10562500357627869 0.5168918967247009 0.051249999552965164 0.0878378376364708
0 0.34687501192092896 0.4932432472705841 0.021250000223517418 0.0439189188182354
0 0.26374998688697815 0.4940878450870514 0.019999999552965164 0.03547297418117523
0 0.2043749988079071 0.4923986494541168 0.013749999925494194 0.03209459409117699
0 0.234375 0.48986485600471497 0.011250000447034836 0.030405405908823013
0 0.2887499928474426 0.4881756901741028 0.009999999776482582 0.027027027681469917
0 0.13062499463558197 0.5042229890823364 0.03125 0.06587837636470795
0 0.31812500953674316 0.48479729890823364 0.008750000037252903 0.020270269364118576
0 0.32499998807907104 0.4890202581882477 0.009999999776482582 0.0219594594091177
0 0.17000000178813934 0.4881756901741028 0.007499999832361937 0.020270269364118576
