0 0.732421875 0.5110676884651184 0.0283203125 0.0494791679084301
0 0.373291015625 0.4990234375 0.02783203125 0.0501302070915699
0 0.41064453125 0.4557291567325592 0.0185546875 0.02994791604578495
0 0.641357421875 0.4563802182674408 0.01611328125 0.02604166604578495
0 0.925537109375 0.5276692509651184 0.03369140625 0.0540364570915699
0 0.205078125 0.6774088740348816 0.06640625 0.1243489608168602
0 0.75634765625 0.4612630307674408 0.0166015625 0.029296875
0 0.615478515625 0.44140625 0.01220703125 0.02083333395421505
0 0.478271484375 0.4264322817325592 0.01123046875 0.01822916604578495
0 0.42578125 0.4368489682674408 0.0126953125 0.02213541604578495
0 0.63916015625 0.4388020932674408 0.0107421875 0.0234375
0 0.671630859375 0.4264322817325592 0.00830078125 0.015625
0 0.699951171875 0.4440104067325592 0.01318359375 0.02213541604578495
0 0.56640625 0.4222005307674408 0.0087890625 0.014973958022892475
0 0.900146484375 0.4554036557674408 0.01318359375 0.021484375
0 0.992431640625 0.4762369692325592 0.01416015625 0.02669270895421505
0 0.788330078125 0.4371744692325592 0.01025390625 0.01888020895421505
