0 0.447265625 0.34861111640930176 0.01796874962747097 0.04444444552063942
0 0.42304688692092896 0.34513887763023376 0.01796874962747097 0.04583333432674408
0 0.694140613079071 0.4097222089767456 0.01953125 0.04444444552063942
0 0.643359363079071 0.35277777910232544 0.01015624962747097 0.02500000037252903
0 0.3246093690395355 0.2874999940395355 0.01015624962747097 0.02777777798473835
0 0.48945313692092896 0.31111112236976624 0.008593750186264515 0.02500000037252903
0 0.4749999940395355 0.3062500059604645 0.00937500037252903 0.02638888917863369
0 0.43281251192092896 0.27986112236976624 0.0078125 0.02083333395421505
0 0.5179687738418579 0.2847222089767456 0.0078125 0.01944444514811039
0 0.20664063096046448 0.31388887763023376 0.01328125037252903 0.03888889029622078
0 0.524218738079071 0.2854166626930237 0.0078125 0.01805555634200573
0 0.6273437738418579 0.3187499940395355 0.0078125 0.01805555634200573
0 0.649218738079071 0.32152777910232544 0.0078125 0.01805555634200573
