0 0.27734375 0.5680555701255798 0.02500000037252903 0.06388889253139496
0 0.4085937440395355 0.5180555582046509 0.010937499813735485 0.03333333507180214
0 0.3828125 0.5034722089767456 0.00937500037252903 0.02361111156642437
0 0.5328124761581421 0.49166667461395264 0.0078125 0.01944444514811039
0 0.54296875 0.4895833432674408 0.0078125 0.01805555634200573
0 0.4468750059604645 0.4895833432674408 0.0078125 0.01805555634200573
0 0.618359386920929 0.5145833492279053 0.01015624962747097 0.03194444626569748
0 0.680468738079071 0.47777777910232544 0.0078125 0.013888888992369175
0 0.66015625 0.49097222089767456 0.0078125 0.02083333395421505
0 0.59765625 0.4763889014720917 0.0078125 0.013888888992369175
0 0.5375000238418579 0.4763889014720917 0.0078125 0.013888888992369175
