0 0.04140625149011612 0.4833333194255829 0.010937499813735485 0.03888889029622078
0 0.4281249940395355 0.4416666626930237 0.01718750037252903 0.04722222313284874
0 0.16132812201976776 0.4902777671813965 0.01640624925494194 0.04444444552063942
0 0.408203125 0.44236111640930176 0.01640624925494194 0.0486111119389534
0 0.7437499761581421 0.4375 0.015625 0.05277777835726738
0 0.728515625 0.3965277671813965 0.01328125037252903 0.03750000149011612
0 0.6449218988418579 0.36944442987442017 0.008593750186264515 0.02777777798473835
0 0.50390625 0.38749998807907104 0.0078125 0.02500000037252903
0 0.742968738079071 0.3618055582046509 0.0078125 0.01805555634200573
0 0.841015636920929 0.37708333134651184 0.008593750186264515 0.02361111156642437
0 0.8218749761581421 0.3534722328186035 0.0078125 0.01805555634200573
0 0.762890636920929 0.38749998807907104 0.01171875 0.02500000037252903
0 0.787890613079071 0.3583333194255829 0.008593750186264515 0.01666666753590107
