0 0.38007813692092896 0.5576388835906982 0.02421874925494194 0.0763888880610466
0 0.13164062798023224 0.5868055820465088 0.01953125 0.05694444477558136
0 0.41679686307907104 0.550000011920929 0.02265625074505806 0.07500000298023224
0 0.33125001192092896 0.4659722149372101 0.00937500037252903 0.02083333395421505
0 0.647656261920929 0.42500001192092896 0.010937499813735485 0.02777777798473835
0 0.8167968988418579 0.5083333253860474 0.02734375 0.06666667014360428
0 0.4761718809604645 0.4437499940395355 0.01015624962747097 0.02638888917863369
0 0.46601563692092896 0.44652777910232544 0.008593750186264515 0.02638888917863369
0 0.58203125 0.39722222089767456 0.0078125 0.013888888992369175
0 0.4937500059604645 0.4208333194255829 0.0078125 0.02222222276031971
0 0.4867187440395355 0.4201388955116272 0.0078125 0.01805555634200573
