0 0.66943359375 0.53125 0.0302734375 0.0572916679084301
0 0.396240234375 0.4661458432674408 0.01904296875 0.03125
0 0.553466796875 0.43359375 0.01025390625 0.01692708395421505
0 0.2041015625 0.6080729365348816 0.0498046875 0.0833333358168602
0 0.433837890625 0.4339192807674408 0.00830078125 0.01888020895421505
0 0.453857421875 0.4222005307674408 0.00732421875 0.013671875
0 0.21875 0.4505208432674408 0.01171875 0.0234375
0 0.180419921875 0.4342447817325592 0.01025390625 0.015625
0 0.54150390625 0.4212239682674408 0.0068359375 0.014322916977107525
0 0.46826171875 0.416015625 0.0048828125 0.010416666977107525
0 0.1357421875 0.4280599057674408 0.0078125 0.013671875
0 0.23193359375 0.4215494692325592 0.0068359375 0.009765625
0 0.390869140625 0.4186197817325592 0.00634765625 0.01171875
0 0.4755859375 0.4153645932674408 0.0048828125 0.009114583022892475
0 0.48681640625 0.4137369692325592 0.0048828125 0.008463541977107525
0 0.424560546875 0.4150390625 0.00537109375 0.009765625
0 0.535888671875 0.4186197817325592 0.00732421875 0.01171875
0 0.239990234375 0.4195963442325592 0.00634765625 0.009765625
0 0.3662109375 0.4173177182674408 0.005859375 0.010416666977107525
0 0.039306640625 0.4329427182674408 0.00830078125 0.013020833022892475
0 0.265380859375 0.41796875 0.00537109375 0.009114583022892475
0 0.11572265625 0.4261067807674408 0.005859375 0.011067708022892475
0 0.17724609375 0.4208984375 0.0048828125 0.009765625
0 0.2216796875 0.4173177182674408 0.0048828125 0.009114583022892475
0 0.250732421875 0.4140625 0.00537109375 0.009114583022892475
0 0.53125 0.416015625 0.0048828125 0.010416666977107525
0 0.525390625 0.4134114682674408 0.0048828125 0.009114583022892475
0 0.3974609375 0.4108072817325592 0.0048828125 0.009114583022892475
0 0.27978515625 0.4114583432674408 0.0048828125 0.009114583022892475
0 0.30419921875 0.4137369692325592 0.005859375 0.008463541977107525
0 0.32080078125 0.4153645932674408 0.0048828125 0.0065104165114462376
0 0.33984375 0.4098307192325592 0.0048828125 0.0071614584885537624
