0 0.347900390625 0.5035807490348816 0.02685546875 0.048828125
0 0.461669921875 0.4544270932674408 0.01513671875 0.02994791604578495
0 0.55712890625 0.4384765625 0.01171875 0.02278645895421505
0 0.867919921875 0.5784505009651184 0.03955078125 0.076171875
0 0.7509765625 0.4853515625 0.0205078125 0.0384114570915699
0 0.646728515625 0.4342447817325592 0.01025390625 0.01953125
0 0.9111328125 0.4729817807674408 0.0166015625 0.029296875
0 0.788818359375 0.4371744692325592 0.00927734375 0.02018229104578495
0 0.966796875 0.443359375 0.0107421875 0.01953125
0 0.103271484375 0.4498697817325592 0.00732421875 0.01692708395421505
