0 0.8181250095367432 0.7562500238418579 0.09624999761581421 0.2874999940395355
0 0.1262499988079071 0.6499999761581421 0.08250000327825546 0.25
0 0.6150000095367432 0.4609375 0.05000000074505806 0.16562500596046448
0 0.21125000715255737 0.4156250059604645 0.04500000178813934 0.15000000596046448
0 0.5506250262260437 0.37812501192092896 0.03375000134110451 0.11874999850988388
0 0.4337500035762787 0.28593748807907104 0.02250000089406967 0.07187499850988388
0 0.5099999904632568 0.234375 0.019999999552965164 0.0625
0 0.34375 0.32499998807907104 0.027499999850988388 0.10000000149011612
0 0.5668749809265137 0.3062500059604645 0.028750000521540642 0.08749999850988388
0 0.32875001430511475 0.2421875 0.02500000037252903 0.046875
0 0.6143749952316284 0.2109375 0.013749999925494194 0.05312500149011612
0 0.721875011920929 0.2109375 0.011250000447034836 0.04062499850988388
0 0.7200000286102295 0.27031248807907104 0.032499998807907104 0.046875
0 0.7143750190734863 0.1953125 0.011250000447034836 0.05312500149011612
