0 0.849609375 0.6181640625 0.0556640625 0.0970052108168602
0 0.103759765625 0.7291666865348816 0.09423828125 0.1380208283662796
0 0.369140625 0.4791666567325592 0.0205078125 0.0390625
0 0.682373046875 0.4970703125 0.02587890625 0.044921875
0 0.418212890625 0.4404296875 0.01318359375 0.025390625
0 0.744384765625 0.4563802182674408 0.01806640625 0.02994791604578495
0 0.580810546875 0.4329427182674408 0.01025390625 0.02083333395421505
0 0.560546875 0.419921875 0.009765625 0.01692708395421505
0 0.441162109375 0.419921875 0.00830078125 0.01692708395421505
0 0.706787109375 0.4290364682674408 0.00927734375 0.01822916604578495
0 0.813720703125 0.4296875 0.00927734375 0.01692708395421505
0 0.580322265625 0.4134114682674408 0.00732421875 0.013020833022892475
0 0.545166015625 0.4098307192325592 0.00732421875 0.013671875
0 0.538330078125 0.4046224057674408 0.00537109375 0.012369791977107525
0 0.69921875 0.416015625 0.0068359375 0.013020833022892475
0 0.83154296875 0.4296875 0.0087890625 0.01692708395421505
0 0.452392578125 0.4095052182674408 0.00634765625 0.013020833022892475
0 0.46044921875 0.4016927182674408 0.0048828125 0.009114583022892475
0 0.641845703125 0.3932291567325592 0.00537109375 0.009114583022892475
0 0.688720703125 0.4046224057674408 0.00537109375 0.011067708022892475
0 0.531005859375 0.3990885317325592 0.00537109375 0.010416666977107525
0 0.4775390625 0.3948567807674408 0.0048828125 0.008463541977107525
0 0.5 0.392578125 0.0048828125 0.0078125
0 0.583984375 0.3932291567325592 0.0048828125 0.0078125
0 0.5341796875 0.3958333432674408 0.0048828125 0.009114583022892475
0 0.52490234375 0.3916015625 0.0048828125 0.0071614584885537624
0 0.693359375 0.396484375 0.0048828125 0.009114583022892475
0 0.745849609375 0.3997395932674408 0.00537109375 0.009114583022892475
0 0.86328125 0.4153645932674408 0.0078125 0.013020833022892475
0 0.794189453125 0.4046224057674408 0.00537109375 0.009765625
0 0.681640625 0.3916015625 0.0048828125 0.008463541977107525
0 0.5927734375 0.3902994692325592 0.0048828125 0.008463541977107525
0 0.55712890625 0.3902994692325592 0.0048828125 0.0071614584885537624
