0 0.713134765625 0.5123698115348816 0.03173828125 0.05078125
0 0.413330078125 0.4527994692325592 0.01708984375 0.03059895895421505
0 0.25048828125 0.5123698115348816 0.033203125 0.0546875
0 0.664794921875 0.4365234375 0.01220703125 0.02278645895421505
0 0.450927734375 0.4329427182674408 0.01220703125 0.02083333395421505
0 0.705810546875 0.4544270932674408 0.01708984375 0.02734375
0 0.623291015625 0.4241536557674408 0.00830078125 0.01888020895421505
0 0.57470703125 0.4169921875 0.0087890625 0.014973958022892475
0 0.437255859375 0.4228515625 0.00732421875 0.01627604104578495
0 0.375244140625 0.4192708432674408 0.00830078125 0.014322916977107525
0 0.494873046875 0.4114583432674408 0.00830078125 0.014322916977107525
0 0.30078125 0.4088541567325592 0.0068359375 0.013020833022892475
0 0.4326171875 0.4075520932674408 0.005859375 0.013020833022892475
0 0.259033203125 0.4085286557674408 0.00537109375 0.011067708022892475
0 0.285400390625 0.4046224057674408 0.00634765625 0.009765625
0 0.28173828125 0.4182942807674408 0.0087890625 0.014973958022892475
0 0.196533203125 0.4176432192325592 0.00732421875 0.014973958022892475
0 0.31396484375 0.3997395932674408 0.0048828125 0.009114583022892475
0 0.15869140625 0.4153645932674408 0.005859375 0.010416666977107525
0 0.17724609375 0.4091796875 0.0068359375 0.009765625
0 0.37646484375 0.3951822817325592 0.0048828125 0.009114583022892475
0 0.37353515625 0.408203125 0.0048828125 0.013020833022892475
0 0.22802734375 0.4039713442325592 0.0048828125 0.008463541977107525
0 0.3642578125 0.3919270932674408 0.0048828125 0.0065104165114462376
0 0.4375 0.3922525942325592 0.0048828125 0.008463541977107525
0 0.28857421875 0.3984375 0.0048828125 0.0065104165114462376
0 0.4267578125 0.3893229067325592 0.0048828125 0.0065104165114462376
0 0.49365234375 0.3889974057674408 0.0048828125 0.008463541977107525
0 0.4658203125 0.3873697817325592 0.0048828125 0.0065104165114462376
