0 0.628125011920929 0.528124988079071 0.036249998956918716 0.13750000298023224
0 0.43687498569488525 0.4515624940395355 0.026249999180436134 0.09062500298023224
0 0.7699999809265137 0.42500001192092896 0.04500000178813934 0.11249999701976776
0 0.8056250214576721 0.71875 0.07874999940395355 0.22499999403953552
0 0.550000011920929 0.34375 0.014999999664723873 0.05624999850988388
0 0.48124998807907104 0.3421874940395355 0.017500000074505806 0.05312500149011612
0 0.39125001430511475 0.33906251192092896 0.014999999664723873 0.046875
0 0.6299999952316284 0.39375001192092896 0.027499999850988388 0.0625
0 0.421875 0.3671875 0.016249999403953552 0.05937499925494194
0 0.42750000953674316 0.3062500059604645 0.012500000186264515 0.03750000149011612
0 0.49312499165534973 0.31718748807907104 0.011250000447034836 0.046875
