0 0.17529296875 0.7864583134651184 0.0751953125 0.1536458283662796
0 0.218505859375 0.5455729365348816 0.03369140625 0.0638020858168602
0 0.766357421875 0.4873046875 0.02294921875 0.0501302070915699
0 0.59228515625 0.4625650942325592 0.029296875 0.0319010429084301
0 0.133056640625 0.4879557192325592 0.02294921875 0.037109375
0 0.32080078125 0.4407552182674408 0.013671875 0.02473958395421505
0 0.11279296875 0.462890625 0.0166015625 0.02213541604578495
0 0.135498046875 0.4443359375 0.01025390625 0.02018229104578495
0 0.298095703125 0.4319661557674408 0.01123046875 0.02018229104578495
0 0.185791015625 0.4329427182674408 0.00927734375 0.015625
0 0.33447265625 0.4140625 0.0078125 0.013020833022892475
0 0.448486328125 0.4488932192325592 0.01611328125 0.029296875
0 0.450927734375 0.4085286557674408 0.00732421875 0.01627604104578495
0 0.666748046875 0.3994140625 0.00732421875 0.013671875
0 0.24365234375 0.4241536557674408 0.0068359375 0.014973958022892475
0 0.37939453125 0.4205729067325592 0.0146484375 0.013020833022892475
0 0.49072265625 0.3922525942325592 0.0048828125 0.009765625
0 0.557861328125 0.40234375 0.00732421875 0.014322916977107525
0 0.650146484375 0.3938802182674408 0.00537109375 0.010416666977107525
