0 0.83935546875 0.5930989384651184 0.04296875 0.078125
0 0.1416015625 0.6751301884651184 0.07421875 0.1171875
0 0.408935546875 0.4729817807674408 0.02099609375 0.0384114570915699
0 0.6640625 0.4700520932674408 0.017578125 0.0338541679084301
0 0.613037109375 0.4361979067325592 0.01025390625 0.02083333395421505
0 0.47900390625 0.4202474057674408 0.0068359375 0.013671875
0 0.461669921875 0.4348958432674408 0.00830078125 0.02083333395421505
0 0.59033203125 0.4192708432674408 0.0068359375 0.014322916977107525
0 0.49169921875 0.41015625 0.0048828125 0.009114583022892475
0 0.52734375 0.4065755307674408 0.0048828125 0.0071614584885537624
0 0.594970703125 0.4098307192325592 0.00537109375 0.008463541977107525
0 0.48486328125 0.4114583432674408 0.0048828125 0.010416666977107525
0 0.580078125 0.4140625 0.0048828125 0.010416666977107525
0 0.66064453125 0.4016927182674408 0.0048828125 0.0065104165114462376
0 0.68603515625 0.400390625 0.0048828125 0.0065104165114462376
0 0.5830078125 0.4111328125 0.0048828125 0.009765625
0 0.5703125 0.4026692807674408 0.0048828125 0.0071614584885537624
0 0.635498046875 0.4039713442325592 0.00732421875 0.009765625
