0 0.41624999046325684 0.4390625059604645 0.04500000178813934 0.15937499701976776
0 0.6924999952316284 0.574999988079071 0.057500001043081284 0.21875
0 0.34187498688697815 0.676562488079071 0.08375000208616257 0.265625
0 0.893750011920929 0.7906249761581421 0.11749999970197678 0.3187499940395355
0 0.5006250143051147 0.296875 0.028750000521540642 0.10625000298023224
0 0.4625000059604645 0.3578124940395355 0.03750000149011612 0.12187500298023224
0 0.5699999928474426 0.2750000059604645 0.02500000037252903 0.10625000298023224
0 0.3968749940395355 0.04218750074505806 0.028750000521540642 0.08437500149011612
0 0.6981250047683716 0.24062499403953552 0.03125 0.09375
0 0.6606249809265137 0.2421875 0.023749999701976776 0.09062500298023224
0 0.2606250047683716 0.06718750298023224 0.09875000268220901 0.12187500298023224
0 0.6399999856948853 0.20156249403953552 0.014999999664723873 0.06562499701976776
0 0.7043750286102295 0.4000000059604645 0.04874999821186066 0.14374999701976776
0 0.6399999856948853 0.12343750149011612 0.02500000037252903 0.07187499850988388
