0 0.322509765625 0.5592448115348816 0.04248046875 0.07421875
0 0.91552734375 0.65625 0.0673828125 0.1080729141831398
0 0.57568359375 0.4231770932674408 0.0126953125 0.02083333395421505
0 0.6572265625 0.4697265625 0.021484375 0.037109375
0 0.426513671875 0.4495442807674408 0.01416015625 0.02669270895421505
0 0.448974609375 0.4300130307674408 0.00927734375 0.01888020895421505
0 0.4619140625 0.4205729067325592 0.0078125 0.014322916977107525
0 0.468017578125 0.4143880307674408 0.00537109375 0.011067708022892475
0 0.82958984375 0.4368489682674408 0.0146484375 0.02473958395421505
0 0.54736328125 0.4130859375 0.0048828125 0.011067708022892475
0 0.4736328125 0.4104817807674408 0.0048828125 0.009765625
0 0.587890625 0.4153645932674408 0.0068359375 0.01171875
0 0.705810546875 0.4124349057674408 0.00634765625 0.011067708022892475
0 0.5439453125 0.4104817807674408 0.0048828125 0.011067708022892475
0 0.7216796875 0.41015625 0.0048828125 0.0078125
0 0.6474609375 0.4069010317325592 0.0048828125 0.0078125
0 0.580078125 0.4091796875 0.0048828125 0.011067708022892475
0 0.818115234375 0.4173177182674408 0.00927734375 0.014322916977107525
0 0.887451171875 0.4147135317325592 0.00634765625 0.013020833022892475
0 0.47802734375 0.4072265625 0.0048828125 0.008463541977107525
0 0.840576171875 0.4143880307674408 0.00732421875 0.012369791977107525
0 0.794921875 0.4095052182674408 0.0048828125 0.0078125
0 0.755615234375 0.408203125 0.00537109375 0.009114583022892475
0 0.802978515625 0.4117838442325592 0.00537109375 0.011067708022892475
