0 0.6912500262260437 0.5135135054588318 0.05999999865889549 0.10135135054588318
0 0.5174999833106995 0.4991554021835327 0.03999999910593033 0.07263513654470444
0 0.42124998569488525 0.4881756901741028 0.032499998807907104 0.06081081181764603
0 0.3474999964237213 0.48395270109176636 0.02500000037252903 0.05574324354529381
0 0.2475000023841858 0.4763513505458832 0.027499999850988388 0.05067567527294159
0 0.5899999737739563 0.4831081032752991 0.029999999329447746 0.04729729890823364
0 0.09187500178813934 0.5337837934494019 0.08874999731779099 0.15878377854824066
0 0.140625 0.47297295928001404 0.021250000223517418 0.04729729890823364
0 0.5612499713897705 0.48395270109176636 0.027499999850988388 0.04560810700058937
0 0.04374999925494194 0.49070945382118225 0.04500000178813934 0.07939188927412033
0 0.9800000190734863 0.5625 0.03500000014901161 0.14189189672470093
0 0.5668749809265137 0.44087839126586914 0.028750000521540642 0.05067567527294159
