0 0.5606250166893005 0.526562511920929 0.08375000208616257 0.2718749940395355
0 0.6131250262260437 0.785937488079071 0.10875000059604645 0.3843750059604645
0 0.5224999785423279 0.265625 0.04749999940395355 0.15625
0 0.840624988079071 0.3359375 0.05624999850988388 0.19062499701976776
0 0.3737500011920929 0.22968749701976776 0.05000000074505806 0.14687499403953552
0 0.03437500074505806 0.4703125059604645 0.0637499988079071 0.24062499403953552
0 0.16875000298023224 0.18437500298023224 0.03500000014901161 0.11874999850988388
0 0.21687500178813934 0.19843749701976776 0.038750000298023224 0.13437500596046448
0 0.6293749809265137 0.19218750298023224 0.04125000163912773 0.11562500149011612
0 0.42875000834465027 0.15156249701976776 0.04500000178813934 0.078125
0 0.621874988079071 0.1328125 0.03125 0.11562500149011612
0 0.33250001072883606 0.09218750149011612 0.017500000074505806 0.07187499850988388
