0 0.81201171875 0.591796875 0.0537109375 0.0859375
0 0.30419921875 0.5891926884651184 0.0615234375 0.05859375
0 0.91259765625 0.498046875 0.033203125 0.046875
0 0.650146484375 0.4612630307674408 0.02392578125 0.037109375
0 0.75341796875 0.4554036557674408 0.0224609375 0.02669270895421505
0 0.4404296875 0.4306640625 0.0146484375 0.02669270895421505
0 0.4189453125 0.4622395932674408 0.021484375 0.0390625
0 0.663818359375 0.421875 0.00927734375 0.01953125
0 0.60498046875 0.4306640625 0.0126953125 0.01627604104578495
0 0.632080078125 0.408203125 0.00830078125 0.014322916977107525
0 0.5849609375 0.4137369692325592 0.0087890625 0.017578125
0 0.9033203125 0.4453125 0.0146484375 0.02473958395421505
0 0.57373046875 0.40625 0.0078125 0.014322916977107525
0 0.45654296875 0.4166666567325592 0.0107421875 0.02083333395421505
0 0.565185546875 0.40234375 0.00732421875 0.013020833022892475
0 0.798583984375 0.4225260317325592 0.00830078125 0.01822916604578495
0 0.74267578125 0.4117838442325592 0.009765625 0.009765625
0 0.7021484375 0.4033203125 0.0078125 0.013671875
0 0.470703125 0.4091796875 0.0087890625 0.011067708022892475
0 0.557861328125 0.3981119692325592 0.00537109375 0.012369791977107525
0 0.61328125 0.4036458432674408 0.0078125 0.010416666977107525
0 0.69580078125 0.4007161557674408 0.005859375 0.011067708022892475
0 0.683349609375 0.400390625 0.00634765625 0.009114583022892475
0 0.572998046875 0.3984375 0.00537109375 0.010416666977107525
0 0.475830078125 0.400390625 0.00634765625 0.013020833022892475
