0 0.23398438096046448 0.3777777850627899 0.03359375149011612 0.07777778059244156
0 0.7738281488418579 0.6159722208976746 0.03671874850988388 0.11249999701976776
0 0.7367187738418579 0.4611110985279083 0.02031249925494194 0.05277777835726738
0 0.45625001192092896 0.3340277671813965 0.01875000074505806 0.04027777910232544
0 0.7933593988418579 0.43541666865348816 0.01328125037252903 0.03194444626569748
0 0.869921863079071 0.45625001192092896 0.008593750186264515 0.02361111156642437
0 0.946484386920929 0.4958333373069763 0.007031249813735485 0.01944444514811039
0 0.65234375 0.35555556416511536 0.010937499813735485 0.03055555559694767
0 0.7757812738418579 0.3951388895511627 0.0078125 0.01805555634200573
0 0.880078136920929 0.4437499940395355 0.007031249813735485 0.01805555634200573
