0 0.1982421875 0.6158854365348816 0.07421875 0.1653645783662796
0 0.316162109375 0.5305989384651184 0.03369140625 0.06640625
0 0.84912109375 0.6276041865348816 0.087890625 0.1666666716337204
0 0.68994140625 0.5143229365348816 0.033203125 0.0533854179084301
0 0.609130859375 0.462890625 0.02001953125 0.0325520820915699
0 0.388916015625 0.4638671875 0.02099609375 0.03059895895421505
0 0.427978515625 0.4241536557674408 0.01123046875 0.02018229104578495
0 0.56103515625 0.427734375 0.013671875 0.01953125
0 0.544677734375 0.4137369692325592 0.00927734375 0.01627604104578495
0 0.53369140625 0.4065755307674408 0.0068359375 0.013671875
0 0.441162109375 0.4114583432674408 0.00634765625 0.013020833022892475
0 0.451171875 0.4000650942325592 0.0048828125 0.011067708022892475
0 0.52099609375 0.3961588442325592 0.0048828125 0.009765625
0 0.52490234375 0.4010416567325592 0.0048828125 0.01171875
0 0.517578125 0.3929036557674408 0.0048828125 0.009765625
0 0.51318359375 0.3893229067325592 0.0048828125 0.009114583022892475
0 0.045654296875 0.8447265625 0.09130859375 0.2415364533662796
0 0.44580078125 0.40625 0.005859375 0.013020833022892475
