0 0.33203125 0.5524088740348816 0.0390625 0.0709635391831398
0 0.406982421875 0.4713541567325592 0.02001953125 0.0377604179084301
0 0.885986328125 0.587890625 0.05419921875 0.0911458358168602
0 0.6630859375 0.4498697817325592 0.013671875 0.02734375
0 0.436279296875 0.443359375 0.01416015625 0.02604166604578495
0 0.7021484375 0.4798177182674408 0.0205078125 0.02864583395421505
0 0.69091796875 0.4440104067325592 0.0126953125 0.0234375
0 0.599853515625 0.4244791567325592 0.00927734375 0.01692708395421505
0 0.71875 0.4296875 0.009765625 0.01822916604578495
0 0.84912109375 0.4817708432674408 0.0205078125 0.03515625
0 0.761474609375 0.4567057192325592 0.01904296875 0.021484375
0 0.85693359375 0.4446614682674408 0.0126953125 0.01953125
0 0.506103515625 0.4319661557674408 0.01513671875 0.014973958022892475
