0 0.27125000953674316 0.528124988079071 0.07500000298023224 0.25
0 0.8793749809265137 0.637499988079071 0.10125000029802322 0.3187499940395355
0 0.8100000023841858 0.2984375059604645 0.04749999940395355 0.171875
0 0.6443750262260437 0.25312501192092896 0.04125000163912773 0.15000000596046448
0 0.47437500953674316 0.21562500298023224 0.036249998956918716 0.13124999403953552
0 0.17249999940395355 0.4046874940395355 0.04749999940395355 0.17812499403953552
0 0.4293749928474426 0.20000000298023224 0.028750000521540642 0.10000000149011612
0 0.2849999964237213 0.15468749403953552 0.02250000089406967 0.08437500149011612
0 0.9362499713897705 0.22343750298023224 0.03750000149011612 0.11562500149011612
0 0.9712499976158142 0.887499988079071 0.05249999836087227 0.20624999701976776
0 0.6981250047683716 0.16249999403953552 0.04125000163912773 0.07500000298023224
0 0.7887499928474426 0.10625000298023224 0.027499999850988388 0.05624999850988388
0 0.5368750095367432 0.13750000298023224 0.021250000223517418 0.07500000298023224
