0 0.6331250071525574 0.4315878450870514 0.023749999701976776 0.042229730635881424
0 0.19750000536441803 0.5717905163764954 0.0625 0.09628378599882126
0 0.2906250059604645 0.5042229890823364 0.038750000298023224 0.07263513654470444
0 0.7362499833106995 0.4763513505458832 0.03999999910593033 0.06756756454706192
0 0.59375 0.40793919563293457 0.017500000074505806 0.02871621586382389
0 0.35874998569488525 0.40962839126586914 0.012500000186264515 0.03209459409117699
0 0.3256250023841858 0.43412160873413086 0.021250000223517418 0.04054053872823715
0 0.5756250023841858 0.3952702581882477 0.013749999925494194 0.027027027681469917
0 0.543749988079071 0.3859797418117523 0.012500000186264515 0.025337837636470795
0 0.34562501311302185 0.38344594836235046 0.008750000037252903 0.01689189113676548
0 0.503125011920929 0.3809121549129486 0.008750000037252903 0.018581081181764603
0 0.3712500035762787 0.3994932472705841 0.012500000186264515 0.025337837636470795
0 0.3050000071525574 0.3809121549129486 0.009999999776482582 0.018581081181764603
0 0.24187499284744263 0.3817567527294159 0.008750000037252903 0.01689189113676548
0 0.2006250023841858 0.37922295928001404 0.008750000037252903 0.015202702954411507
0 0.4399999976158142 0.37753379344940186 0.007499999832361937 0.015202702954411507
