0 0.1756249964237213 0.5390625 0.05874999985098839 0.19062499701976776
0 0.6312500238418579 0.504687488079071 0.0625 0.19687500596046448
0 0.8981249928474426 0.543749988079071 0.08375000208616257 0.26249998807907104
0 0.30687499046325684 0.39375001192092896 0.038750000298023224 0.13750000298023224
0 0.5543749928474426 0.3031249940395355 0.03125 0.11874999850988388
0 0.8193749785423279 0.8609374761581421 0.07874999940395355 0.2718749940395355
0 0.6137499809265137 0.33125001192092896 0.03500000014901161 0.13124999403953552
0 0.5899999737739563 0.28593748807907104 0.027499999850988388 0.09062500298023224
0 0.6800000071525574 0.4546875059604645 0.05000000074505806 0.16562500596046448
0 0.6856250166893005 0.19843749701976776 0.03125 0.13437500596046448
0 0.3174999952316284 0.31562501192092896 0.029999999329447746 0.10000000149011612
0 0.36500000953674316 0.2750000059604645 0.02250000089406967 0.08749999850988388
0 0.3518750071525574 0.2593750059604645 0.01875000074505806 0.08124999701976776
0 0.5824999809265137 0.25312501192092896 0.02250000089406967 0.09375
