0 0.34687501192092896 0.4055555462837219 0.01979166641831398 0.05000000074505806
0 0.29895833134651184 0.44999998807907104 0.02916666679084301 0.06851851940155029
0 0.27031248807907104 0.37638887763023376 0.015625 0.034259259700775146
0 0.3216145932674408 0.37962964177131653 0.01718750037252903 0.04259259253740311
0 0.6088541746139526 0.37962964177131653 0.01979166641831398 0.046296294778585434
0 0.21406249701976776 0.37453705072402954 0.010416666977107525 0.03055555559694767
0 0.6981770992279053 0.4592592716217041 0.03072916716337204 0.07407407462596893
0 0.5403645634651184 0.33796295523643494 0.013020833022892475 0.031481482088565826
0 0.44322916865348816 0.3231481611728668 0.010416666977107525 0.02777777798473835
0 0.2861979305744171 0.3245370388031006 0.008854166604578495 0.021296296268701553
0 0.09531249850988388 0.380092591047287 0.010416666977107525 0.026851851493120193
0 0.8020833134651184 0.34398147463798523 0.014583333395421505 0.03055555559694767
0 0.1575520783662796 0.3453703820705414 0.0078125 0.02222222276031971
0 0.6395833492279053 0.3013888895511627 0.008333333767950535 0.01944444514811039
0 0.7760416865348816 0.3263888955116272 0.010416666977107525 0.032407406717538834
0 0.7481771111488342 0.31898146867752075 0.013020833022892475 0.01944444514811039
0 0.6270833611488342 0.29120370745658875 0.0072916666977107525 0.017592592164874077
0 0.04843749850988388 0.36157408356666565 0.008333333767950535 0.01944444514811039
0 0.6776041388511658 0.29722222685813904 0.0072916666977107525 0.018518518656492233
0 0.7229166626930237 0.3018518388271332 0.00937500037252903 0.024074073880910873
0 0.7010416388511658 0.30787035822868347 0.00937500037252903 0.02500000037252903
