0 0.19562500715255737 0.5574324131011963 0.05874999985098839 0.09797297418117523
0 0.2837499976158142 0.4510135054588318 0.02500000037252903 0.05067567527294159
0 0.6274999976158142 0.43581080436706543 0.027499999850988388 0.04729729890823364
0 0.7524999976158142 0.5 0.042500000447034836 0.07770270109176636
0 0.5306249856948853 0.38513514399528503 0.016249999403953552 0.027027027681469917
0 0.574999988079071 0.3986486494541168 0.017500000074505806 0.03378378227353096
0 0.3137499988079071 0.41554054617881775 0.019999999552965164 0.037162162363529205
0 0.5056250095367432 0.37753379344940186 0.013749999925494194 0.025337837636470795
0 0.4099999964237213 0.3581081032752991 0.007499999832361937 0.01689189113676548
0 0.32624998688697815 0.3859797418117523 0.007499999832361937 0.018581081181764603
0 0.31562501192092896 0.37668919563293457 0.008750000037252903 0.01689189113676548
0 0.2874999940395355 0.3547297418117523 0.007499999832361937 0.013513513840734959
