0 0.23681640625 0.5322265625 0.0341796875 0.0709635391831398
0 0.84033203125 0.5341796875 0.03125 0.0592447929084301
0 0.93212890625 0.4860025942325592 0.0224609375 0.044921875
0 0.44970703125 0.4752604067325592 0.021484375 0.0416666679084301
0 0.80322265625 0.4720052182674408 0.0185546875 0.0364583320915699
0 0.595458984375 0.4479166567325592 0.01611328125 0.0325520820915699
0 0.869140625 0.4593099057674408 0.015625 0.0345052070915699
0 0.77685546875 0.44921875 0.0126953125 0.02734375
0 0.636474609375 0.4339192807674408 0.01123046875 0.02278645895421505
0 0.657958984375 0.4283854067325592 0.01123046875 0.01822916604578495
0 0.560791015625 0.4156900942325592 0.01025390625 0.02018229104578495
