0 0.126953125 0.8145833611488342 0.05078125 0.1319444477558136
0 0.3277343809604645 0.5381944179534912 0.01953125 0.0486111119389534
0 0.32499998807907104 0.4791666567325592 0.012500000186264515 0.03055555559694767
0 0.924609363079071 0.5701388716697693 0.03046875074505806 0.09583333134651184
0 0.608593761920929 0.4375 0.01406249962747097 0.0416666679084301
0 0.46757811307907104 0.4270833432674408 0.01015624962747097 0.02361111156642437
0 0.27851563692092896 0.4715277850627899 0.008593750186264515 0.02361111156642437
0 0.17031249403953552 0.4930555522441864 0.0078125 0.02222222276031971
0 0.22499999403953552 0.4784722328186035 0.0078125 0.02083333395421505
0 0.8500000238418579 0.3791666626930237 0.0078125 0.02222222276031971
0 0.6527343988418579 0.3861111104488373 0.007031249813735485 0.01944444514811039
0 0.3765625059604645 0.4333333373069763 0.0078125 0.01944444514811039
0 0.13437500596046448 0.5090277791023254 0.00937500037252903 0.02083333395421505
0 0.05429687350988388 0.5451388955116272 0.01015624962747097 0.02361111156642437
