0 0.7041015625 0.453125 0.0126953125 0.02473958395421505
0 0.743896484375 0.6002604365348816 0.04443359375 0.08203125
0 0.65771484375 0.478515625 0.0185546875 0.0390625
0 0.360595703125 0.4638671875 0.01611328125 0.0319010429084301
0 0.4970703125 0.4375 0.0107421875 0.02083333395421505
0 0.574951171875 0.4300130307674408 0.00830078125 0.01627604104578495
0 0.5810546875 0.4186197817325592 0.005859375 0.013020833022892475
0 0.535888671875 0.4134114682674408 0.00537109375 0.010416666977107525
0 0.744384765625 0.4427083432674408 0.01123046875 0.01692708395421505
0 0.588623046875 0.4241536557674408 0.00732421875 0.01627604104578495
0 0.625244140625 0.4147135317325592 0.00537109375 0.010416666977107525
0 0.675537109375 0.4212239682674408 0.00634765625 0.01171875
0 0.716552734375 0.4270833432674408 0.00634765625 0.013020833022892475
0 0.468017578125 0.4085286557674408 0.00537109375 0.011067708022892475
0 0.734130859375 0.4342447817325592 0.00732421875 0.015625
0 0.47509765625 0.4052734375 0.0048828125 0.011067708022892475
0 0.404052734375 0.4049479067325592 0.00537109375 0.010416666977107525
0 0.443115234375 0.40234375 0.00537109375 0.010416666977107525
0 0.1015625 0.4244791567325592 0.01171875 0.01953125
0 0.3671875 0.4010416567325592 0.0048828125 0.009114583022892475
0 0.4140625 0.3990885317325592 0.0048828125 0.009114583022892475
0 0.145751953125 0.4150390625 0.00634765625 0.012369791977107525
0 0.109375 0.416015625 0.0068359375 0.014322916977107525
0 0.582275390625 0.4108072817325592 0.00537109375 0.010416666977107525
0 0.58544921875 0.3994140625 0.0048828125 0.009765625
0 0.37353515625 0.4020182192325592 0.0048828125 0.008463541977107525
0 0.37890625 0.3994140625 0.0048828125 0.0071614584885537624
0 0.4814453125 0.3990885317325592 0.0048828125 0.0078125
0 0.4580078125 0.4000650942325592 0.0048828125 0.011067708022892475
0 0.533203125 0.4078775942325592 0.0048828125 0.009765625
0 0.5322265625 0.3987630307674408 0.0048828125 0.0071614584885537624
0 0.092529296875 0.4169921875 0.00830078125 0.01627604104578495
0 0.1015625 0.4134114682674408 0.0087890625 0.015625
0 0.6328125 0.400390625 0.0048828125 0.0065104165114462376
0 0.57421875 0.3971354067325592 0.0048828125 0.0065104165114462376
