0 0.10437499731779099 0.7953125238418579 0.09375 0.234375
0 0.234375 0.5218750238418579 0.04374999925494194 0.13124999403953552
0 0.42750000953674316 0.42656248807907104 0.027499999850988388 0.08437500149011612
0 0.7406250238418579 0.875 0.08124999701976776 0.24375000596046448
0 0.6043750047683716 0.3828125 0.023749999701976776 0.05937499925494194
0 0.3774999976158142 0.3499999940395355 0.019999999552965164 0.04374999925494194
0 0.6675000190734863 0.3140625059604645 0.02500000037252903 0.09062500298023224
0 0.43062499165534973 0.32343751192092896 0.013749999925494194 0.046875
0 0.2581250071525574 0.4140625 0.023749999701976776 0.08437500149011612
0 0.46687498688697815 0.3109374940395355 0.011250000447034836 0.04062499850988388
0 0.6031249761581421 0.3296875059604645 0.021250000223517418 0.03437500074505806
0 0.5831249952316284 0.3031249940395355 0.016249999403953552 0.03125
0 0.550000011920929 0.28437501192092896 0.009999999776482582 0.03125
0 0.5806249976158142 0.28125 0.008750000037252903 0.03125
0 0.3474999964237213 0.08124999701976776 0.017500000074505806 0.05624999850988388
0 0.5062500238418579 0.29374998807907104 0.007499999832361937 0.03125
