0 0.41064453125 0.5335286259651184 0.0322265625 0.060546875
0 0.68505859375 0.4947916567325592 0.0244140625 0.0442708320915699
0 0.508056640625 0.4303385317325592 0.01220703125 0.02083333395421505
0 0.52099609375 0.4134114682674408 0.0078125 0.015625
0 0.893798828125 0.4664713442325592 0.01513671875 0.02669270895421505
0 0.86376953125 0.458984375 0.015625 0.02604166604578495
0 0.944091796875 0.4293619692325592 0.00927734375 0.01627604104578495
0 0.69775390625 0.4114583432674408 0.0087890625 0.015625
0 0.535888671875 0.3955078125 0.00634765625 0.011067708022892475
0 0.734619140625 0.4049479067325592 0.00732421875 0.013020833022892475
0 0.603759765625 0.4156900942325592 0.00927734375 0.01627604104578495
0 0.602294921875 0.4020182192325592 0.00634765625 0.011067708022892475
0 0.65625 0.3942057192325592 0.0048828125 0.009765625
0 0.89404296875 0.4039713442325592 0.0048828125 0.009765625
0 0.8359375 0.4049479067325592 0.0048828125 0.010416666977107525
