0 0.22812500596046448 0.5709459185600281 0.05375000089406967 0.09459459781646729
0 0.34187498688697815 0.5076013803482056 0.036249998956918716 0.06587837636470795
0 0.6612499952316284 0.44087839126586914 0.02250000089406967 0.0439189188182354
0 0.4206250011920929 0.4510135054588318 0.026249999180436134 0.04729729890823364
0 0.7718750238418579 0.4949324429035187 0.04125000163912773 0.06418918818235397
0 0.6412500143051147 0.4121621549129486 0.009999999776482582 0.02364864945411682
0 0.5062500238418579 0.3868243098258972 0.014999999664723873 0.037162162363529205
0 0.5237500071525574 0.3885135054588318 0.007499999832361937 0.01689189113676548
0 0.5362499952316284 0.3809121549129486 0.007499999832361937 0.015202702954411507
0 0.48374998569488525 0.41469594836235046 0.012500000186264515 0.03209459409117699
0 0.637499988079071 0.3868243098258972 0.019999999552965164 0.03378378227353096
