0 0.3401041626930237 0.5384259223937988 0.04270833358168602 0.10277777910232544
0 0.7822916507720947 0.4347222149372101 0.01666666753590107 0.0416666679084301
0 0.9458333253860474 0.5861111283302307 0.03541666641831398 0.08888889104127884
0 0.5661458373069763 0.4046296179294586 0.01979166641831398 0.04444444552063942
0 0.7315104007720947 0.38148146867752075 0.00989583320915699 0.025925925001502037
0 0.5854166746139526 0.3638888895511627 0.01145833358168602 0.025925925001502037
0 0.7059895992279053 0.35740742087364197 0.0078125 0.018518518656492233
0 0.5914062261581421 0.3393518626689911 0.008854166604578495 0.026851851493120193
0 0.6630208492279053 0.33194443583488464 0.0052083334885537624 0.013888888992369175
0 0.6838541626930237 0.34166666865348816 0.0052083334885537624 0.014814814552664757
