0 0.6201171875 0.5159505009651184 0.0302734375 0.0579427070915699
0 0.716796875 0.4866536557674408 0.0224609375 0.0423177070915699
0 0.94580078125 0.5784505009651184 0.052734375 0.0748697891831398
0 0.622802734375 0.4521484375 0.01611328125 0.03059895895421505
0 0.896728515625 0.4775390625 0.02294921875 0.0319010429084301
0 0.76220703125 0.44921875 0.0146484375 0.02473958395421505
0 0.533203125 0.4576822817325592 0.017578125 0.0325520820915699
0 0.68115234375 0.4306640625 0.01171875 0.02018229104578495
0 0.255859375 0.5237630009651184 0.029296875 0.0540364570915699
0 0.32080078125 0.4700520932674408 0.017578125 0.03125
0 0.488525390625 0.4420572817325592 0.01513671875 0.02604166604578495
0 0.575439453125 0.4348958432674408 0.01220703125 0.02083333395421505
0 0.544921875 0.4225260317325592 0.0078125 0.01692708395421505
0 0.59912109375 0.4140625 0.0048828125 0.010416666977107525
0 0.293701171875 0.4586588442325592 0.01416015625 0.02799479104578495
0 0.3427734375 0.435546875 0.0107421875 0.0234375
0 0.525146484375 0.4150390625 0.00830078125 0.01627604104578495
0 0.631591796875 0.4189453125 0.00927734375 0.017578125
0 0.415771484375 0.4368489682674408 0.01025390625 0.01953125
0 0.508544921875 0.4095052182674408 0.00830078125 0.015625
