0 0.625732421875 0.4554036557674408 0.01904296875 0.033203125
0 0.147216796875 0.5641276240348816 0.04443359375 0.0709635391831398
0 0.702392578125 0.5009765625 0.02880859375 0.0514322929084301
0 0.27197265625 0.4736328125 0.0185546875 0.0358072929084301
0 0.462646484375 0.4225260317325592 0.01123046875 0.01953125
0 0.549072265625 0.4306640625 0.01416015625 0.02408854104578495
0 0.372802734375 0.4189453125 0.01025390625 0.01888020895421505
0 0.292236328125 0.4215494692325592 0.00830078125 0.014973958022892475
0 0.2705078125 0.4488932192325592 0.0146484375 0.025390625
0 0.21337890625 0.4251302182674408 0.009765625 0.01692708395421505
0 0.188232421875 0.4449869692325592 0.01220703125 0.021484375
0 0.0556640625 0.451171875 0.0126953125 0.01953125
0 0.11181640625 0.4319661557674408 0.0107421875 0.017578125
0 0.06103515625 0.4329427182674408 0.0078125 0.014322916977107525
0 0.24267578125 0.4029947817325592 0.0048828125 0.010416666977107525
0 0.159423828125 0.4137369692325592 0.00732421875 0.011067708022892475
0 0.04296875 0.4261067807674408 0.0068359375 0.012369791977107525
0 0.1064453125 0.4231770932674408 0.005859375 0.01171875
0 0.32177734375 0.3948567807674408 0.0048828125 0.008463541977107525
