0 0.152099609375 0.708984375 0.08349609375 0.1328125
0 0.389892578125 0.4951171875 0.02392578125 0.0462239570915699
0 0.74609375 0.5354817509651184 0.03515625 0.0618489570915699
0 0.63525390625 0.4495442807674408 0.0146484375 0.029296875
0 0.45361328125 0.4361979067325592 0.013671875 0.02213541604578495
0 0.470947265625 0.4222005307674408 0.00830078125 0.01627604104578495
0 0.482666015625 0.4147135317325592 0.00634765625 0.013020833022892475
0 0.58349609375 0.41796875 0.0078125 0.014322916977107525
0 0.597900390625 0.4114583432674408 0.00537109375 0.010416666977107525
0 0.488525390625 0.4108072817325592 0.00537109375 0.010416666977107525
0 0.984130859375 0.4830729067325592 0.02294921875 0.0416666679084301
0 0.561279296875 0.4095052182674408 0.00537109375 0.010416666977107525
0 0.802734375 0.4287109375 0.009765625 0.01888020895421505
0 0.49365234375 0.4065755307674408 0.0048828125 0.009765625
