0 0.5493749976158142 0.15156249701976776 0.05624999850988388 0.18437500298023224
0 0.3425000011920929 0.49687498807907104 0.05000000074505806 0.17499999701976776
0 0.5137500166893005 0.625 0.06750000268220901 0.16875000298023224
0 0.25999999046325684 0.4296875 0.03999999910593033 0.13437500596046448
0 0.8443750143051147 0.8531249761581421 0.09125000238418579 0.2874999940395355
0 0.12937499582767487 0.3578124940395355 0.03125 0.109375
0 0.1850000023841858 0.40625 0.054999999701976776 0.08124999701976776
0 0.3531250059604645 0.18125000596046448 0.03375000134110451 0.05624999850988388
0 0.11749999970197678 0.33281248807907104 0.019999999552965164 0.109375
0 0.23125000298023224 0.21406249701976776 0.017500000074505806 0.078125
