0 0.570556640625 0.4345703125 0.01025390625 0.01888020895421505
0 0.67236328125 0.5110676884651184 0.0322265625 0.0546875
0 0.598876953125 0.4547525942325592 0.02099609375 0.033203125
0 0.46435546875 0.419921875 0.0078125 0.014322916977107525
0 0.38671875 0.4619140625 0.0185546875 0.033203125
0 0.448486328125 0.4267578125 0.00927734375 0.01627604104578495
0 0.227294921875 0.4361979067325592 0.01123046875 0.01953125
0 0.5390625 0.4153645932674408 0.0048828125 0.010416666977107525
0 0.549560546875 0.4228515625 0.00732421875 0.012369791977107525
0 0.343505859375 0.4235025942325592 0.00732421875 0.013671875
0 0.3984375 0.41796875 0.005859375 0.01171875
0 0.5439453125 0.4173177182674408 0.0048828125 0.01171875
