0 0.703125 0.8359375 0.11124999821186066 0.3218750059604645
0 0.7925000190734863 0.5140625238418579 0.07249999791383743 0.22187499701976776
0 0.5537499785423279 0.4296875 0.054999999701976776 0.17812499403953552
0 0.12062499672174454 0.49687498807907104 0.06624999642372131 0.19374999403953552
0 0.47874999046325684 0.37812501192092896 0.05000000074505806 0.15000000596046448
0 0.6831250190734863 0.24687500298023224 0.05874999985098839 0.19374999403953552
0 0.34562501311302185 0.2828125059604645 0.03125 0.10312499850988388
0 0.1837500035762787 0.3218750059604645 0.032499998807907104 0.11249999701976776
0 0.31937500834465027 0.16093750298023224 0.023749999701976776 0.08437500149011612
0 0.6225000023841858 0.32343751192092896 0.03999999910593033 0.12812499701976776
0 0.6949999928474426 0.0703125 0.06750000268220901 0.12187500298023224
0 0.39125001430511475 0.24843749403953552 0.02250000089406967 0.08437500149011612
0 0.5987499952316284 0.23593750596046448 0.02250000089406967 0.078125
0 0.4268749952316284 0.16093750298023224 0.011250000447034836 0.05312500149011612
0 0.44874998927116394 0.1953125 0.014999999664723873 0.05937499925494194
0 0.5531250238418579 0.12812499701976776 0.013749999925494194 0.05000000074505806
0 0.5981249809265137 0.15625 0.016249999403953552 0.06875000149011612
0 0.3856250047683716 0.03125 0.021250000223517418 0.0625
0 0.013124999590218067 0.37968748807907104 0.026249999180436134 0.10312499850988388
0 0.4143750071525574 0.19218750298023224 0.021250000223517418 0.07187499850988388
0 0.4449999928474426 0.15468749403953552 0.012500000186264515 0.046875
