0 0.2199999988079071 0.4375 0.04749999940395355 0.16875000298023224
0 0.06187500059604645 0.3765625059604645 0.038750000298023224 0.14687499403953552
0 0.12937499582767487 0.25468748807907104 0.026249999180436134 0.08437500149011612
0 0.6349999904632568 0.621874988079071 0.07000000029802322 0.2562499940395355
0 0.8456249833106995 0.21250000596046448 0.026249999180436134 0.09375
0 0.46875 0.265625 0.03750000149011612 0.06875000149011612
0 0.6775000095367432 0.19843749701976776 0.02500000037252903 0.08437500149011612
0 0.7556250095367432 0.17031249403953552 0.021250000223517418 0.07187499850988388
0 0.14812499284744263 0.20624999701976776 0.016249999403953552 0.05624999850988388
0 0.8700000047683716 0.17343750596046448 0.02500000037252903 0.078125
0 0.24062499403953552 0.22031250596046448 0.021250000223517418 0.078125
0 0.020625000819563866 0.23125000298023224 0.01875000074505806 0.06875000149011612
0 0.6262500286102295 0.17812499403953552 0.02250000089406967 0.06875000149011612
0 0.45750001072883606 0.16875000298023224 0.014999999664723873 0.05000000074505806
0 0.49437499046325684 0.20000000298023224 0.016249999403953552 0.08124999701976776
0 0.4256249964237213 0.18281249701976776 0.01875000074505806 0.05312500149011612
0 0.37062498927116394 0.15468749403953552 0.008750000037252903 0.04062499850988388
0 0.7081249952316284 0.13906249403953552 0.008750000037252903 0.04062499850988388
0 0.5337499976158142 0.15781250596046448 0.012500000186264515 0.04062499850988388
0 0.5843750238418579 0.1484375 0.011250000447034836 0.04062499850988388
0 0.20874999463558197 0.17343750596046448 0.009999999776482582 0.03437500074505806
0 0.057500001043081284 0.20156249403953552 0.014999999664723873 0.05937499925494194
0 0.11187499761581421 0.17499999701976776 0.008750000037252903 0.03750000149011612
0 0.25187501311302185 0.20781250298023224 0.016249999403953552 0.05937499925494194
0 0.6899999976158142 0.13906249403953552 0.009999999776482582 0.04062499850988388
0 0.8018749952316284 0.14531250298023224 0.013749999925494194 0.05312500149011612
0 0.9462500214576721 0.13593749701976776 0.009999999776482582 0.04062499850988388
0 0.5762500166893005 0.16718749701976776 0.014999999664723873 0.03437500074505806
0 0.2787500023841858 0.17343750596046448 0.012500000186264515 0.046875
0 0.3618749976158142 0.15781250596046448 0.008750000037252903 0.04062499850988388
0 0.07000000029802322 0.18906250596046448 0.014999999664723873 0.05312500149011612
0 0.8475000262260437 0.13124999403953552 0.012500000186264515 0.04374999925494194
