0 0.21250000596046448 0.5591216087341309 0.04749999940395355 0.0878378376364708
0 0.7506250143051147 0.4755067527294159 0.03375000134110451 0.06587837636470795
0 0.37437498569488525 0.4298986494541168 0.021250000223517418 0.042229730635881424
0 0.6337500214576721 0.42145270109176636 0.02500000037252903 0.042229730635881424
0 0.5212500095367432 0.40371620655059814 0.014999999664723873 0.027027027681469917
0 0.40937501192092896 0.4003378450870514 0.013749999925494194 0.02364864945411682
0 0.31062498688697815 0.4121621549129486 0.016249999403953552 0.030405405908823013
0 0.24937500059604645 0.40793919563293457 0.013749999925494194 0.025337837636470795
0 0.21375000476837158 0.39780405163764954 0.009999999776482582 0.018581081181764603
0 0.3362500071525574 0.39780405163764954 0.009999999776482582 0.0219594594091177
0 0.2681249976158142 0.3952702581882477 0.011250000447034836 0.020270269364118576
0 0.05312500149011612 0.40793919563293457 0.008750000037252903 0.018581081181764603
0 0.1287499964237213 0.39780405163764954 0.009999999776482582 0.015202702954411507
0 0.18562500178813934 0.40793919563293457 0.011250000447034836 0.0219594594091177
