0 0.1748046875 0.439453125 0.009765625 0.01692708395421505
0 0.237548828125 0.4280599057674408 0.00634765625 0.013671875
0 0.203125 0.421875 0.005859375 0.010416666977107525
0 0.27294921875 0.4208984375 0.0048828125 0.011067708022892475
0 0.072021484375 0.458984375 0.01513671875 0.02083333395421505
0 0.08349609375 0.44140625 0.009765625 0.015625
0 0.154541015625 0.4300130307674408 0.00732421875 0.012369791977107525
0 0.23779296875 0.4169921875 0.0068359375 0.009765625
0 0.2626953125 0.4114583432674408 0.0048828125 0.009114583022892475
0 0.30078125 0.4147135317325592 0.005859375 0.01171875
0 0.31103515625 0.404296875 0.0048828125 0.0078125
0 0.3193359375 0.4108072817325592 0.005859375 0.010416666977107525
0 0.341796875 0.40625 0.0048828125 0.009114583022892475
0 0.32861328125 0.4010416567325592 0.0048828125 0.010416666977107525
0 0.357177734375 0.4039713442325592 0.00537109375 0.008463541977107525
0 0.32421875 0.4010416567325592 0.0048828125 0.010416666977107525
0 0.36865234375 0.4010416567325592 0.0048828125 0.009114583022892475
0 0.340087890625 0.4016927182674408 0.00537109375 0.0065104165114462376
0 0.38037109375 0.40234375 0.0048828125 0.0065104165114462376
0 0.2919921875 0.4078775942325592 0.0048828125 0.009765625
0 0.3525390625 0.4020182192325592 0.0048828125 0.0071614584885537624
0 0.3720703125 0.4007161557674408 0.0048828125 0.009765625
0 0.3876953125 0.4016927182674408 0.0048828125 0.0065104165114462376
