0 0.7518749833106995 0.5329391956329346 0.08124999701976776 0.14695945382118225
0 0.5118749737739563 0.5 0.051249999552965164 0.09797297418117523
0 0.4268749952316284 0.4881756901741028 0.038750000298023224 0.07432432472705841
0 0.3643749952316284 0.47804054617881775 0.028750000521540642 0.05743243172764778
0 0.30125001072883606 0.47212839126586914 0.02500000037252903 0.048986487090587616
0 0.2537499964237213 0.46875 0.017500000074505806 0.03885135054588318
0 0.2018750011920929 0.46537160873413086 0.016249999403953552 0.03547297418117523
0 0.026249999180436134 0.5 0.05249999836087227 0.12162162363529205
0 0.041875001043081284 0.4814189076423645 0.036249998956918716 0.0878378376364708
0 0.061250001192092896 0.47297295928001404 0.032499998807907104 0.06756756454706192
0 0.16187499463558197 0.4628378450870514 0.016249999403953552 0.030405405908823013
0 0.1274999976158142 0.4577702581882477 0.012500000186264515 0.02364864945411682
0 0.08812499791383743 0.46030405163764954 0.013749999925494194 0.025337837636470795
