0 0.4585937559604645 0.4902777671813965 0.012500000186264515 0.03888889029622078
0 0.44414061307907104 0.4895833432674408 0.01328125037252903 0.03750000149011612
0 0.69921875 0.4625000059604645 0.01718750037252903 0.03888889029622078
0 0.12148437649011612 0.9395833611488342 0.06640625 0.11527777463197708
0 0.21171875298023224 0.9354166388511658 0.05937499925494194 0.1180555522441864
0 0.26679688692092896 0.5145833492279053 0.01328125037252903 0.03194444626569748
0 0.6195312738418579 0.42916667461395264 0.0078125 0.02500000037252903
0 0.4859375059604645 0.4409722089767456 0.0078125 0.02083333395421505
0 0.3687500059604645 0.4548611044883728 0.0078125 0.02083333395421505
0 0.589062511920929 0.4159722328186035 0.0078125 0.01805555634200573
0 0.47734373807907104 0.4437499940395355 0.0078125 0.02361111156642437
