0 0.7868750095367432 0.4625000059604645 0.04625000059604645 0.13124999403953552
0 0.1443749964237213 0.667187511920929 0.07124999910593033 0.20937499403953552
0 0.32875001430511475 0.4078125059604645 0.03500000014901161 0.10312499850988388
0 0.34312498569488525 0.3499999940395355 0.023749999701976776 0.08749999850988388
0 0.40625 0.3031249940395355 0.017500000074505806 0.06875000149011612
0 0.6643750071525574 0.36406248807907104 0.016249999403953552 0.07187499850988388
0 0.6031249761581421 0.27656251192092896 0.011250000447034836 0.046875
0 0.5762500166893005 0.25468748807907104 0.009999999776482582 0.04062499850988388
0 0.6225000023841858 0.3046875 0.014999999664723873 0.05312500149011612
0 0.43312498927116394 0.2671875059604645 0.013749999925494194 0.04062499850988388
0 0.4456250071525574 0.24375000596046448 0.008750000037252903 0.03125
0 0.6899999976158142 0.27812498807907104 0.017500000074505806 0.03125
0 0.9487500190734863 0.35624998807907104 0.027499999850988388 0.0625
