0 0.826171875 0.63671875 0.05078125 0.0885416641831398
0 0.28564453125 0.529296875 0.0205078125 0.03515625
0 0.56298828125 0.513671875 0.0224609375 0.03515625
0 0.16845703125 0.6998698115348816 0.0576171875 0.10546875
0 0.4365234375 0.4934895932674408 0.015625 0.02604166604578495
0 0.23828125 0.4973958432674408 0.009765625 0.02083333395421505
0 0.26611328125 0.5065104365348816 0.0146484375 0.02604166604578495
0 0.330078125 0.48046875 0.0078125 0.015625
0 0.3779296875 0.4850260317325592 0.013671875 0.02473958395421505
0 0.20947265625 0.4928385317325592 0.0107421875 0.01692708395421505
0 0.29736328125 0.48046875 0.0068359375 0.015625
0 0.17626953125 0.490234375 0.0087890625 0.014322916977107525
0 0.08740234375 0.4915364682674408 0.0087890625 0.01692708395421505
0 0.12939453125 0.490234375 0.0068359375 0.014322916977107525
0 0.24755859375 0.4778645932674408 0.0087890625 0.015625
0 0.12158203125 0.4798177182674408 0.0068359375 0.014322916977107525
0 0.04931640625 0.4934895932674408 0.0068359375 0.015625
0 0.185546875 0.4791666567325592 0.009765625 0.015625
0 0.6357421875 0.4446614682674408 0.005859375 0.014322916977107525
0 0.212890625 0.4583333432674408 0.005859375 0.0078125
0 0.515625 0.4453125 0.005859375 0.010416666977107525
0 0.400390625 0.4505208432674408 0.005859375 0.010416666977107525
0 0.0625 0.4837239682674408 0.005859375 0.01171875
0 0.1416015625 0.4622395932674408 0.005859375 0.0078125
0 0.2958984375 0.4544270932674408 0.005859375 0.010416666977107525
0 0.02490234375 0.484375 0.0068359375 0.013020833022892475
0 0.54052734375 0.44140625 0.0068359375 0.010416666977107525
