0 0.5299479365348816 0.4236111044883728 0.02135416679084301 0.05092592537403107
0 0.7895833253860474 0.4546296298503876 0.01875000074505806 0.040740739554166794
0 0.7171875238418579 0.3861111104488373 0.01145833358168602 0.02777777798473835
0 0.5541666746139526 0.3662036955356598 0.010416666977107525 0.026851851493120193
0 0.6851562261581421 0.35555556416511536 0.0078125 0.020370369777083397
0 0.5601562261581421 0.3430555462837219 0.0078125 0.021296296268701553
0 0.659375011920929 0.3393518626689911 0.0072916666977107525 0.017592592164874077
0 0.5364583134651184 0.31898146867752075 0.008333333767950535 0.01944444514811039
0 0.6070312261581421 0.31990739703178406 0.00572916679084301 0.017592592164874077
0 0.6356770992279053 0.32777777314186096 0.00572916679084301 0.014814814552664757
0 0.5067708492279053 0.31481480598449707 0.008333333767950535 0.014814814552664757
0 0.5609375238418579 0.3273148238658905 0.010416666977107525 0.021296296268701553
0 0.7947916388511658 0.33888888359069824 0.0052083334885537624 0.014814814552664757
0 0.7255208492279053 0.33009257912635803 0.0052083334885537624 0.013888888992369175
0 0.4713541567325592 0.3125 0.0052083334885537624 0.010185184888541698
