0 0.240478515625 0.51171875 0.03369140625 0.0520833320915699
0 0.7353515625 0.4944661557674408 0.029296875 0.0462239570915699
0 0.616455078125 0.4479166567325592 0.01611328125 0.03125
0 0.26708984375 0.4661458432674408 0.0185546875 0.0325520820915699
0 0.509765625 0.43359375 0.0126953125 0.02473958395421505
0 0.9189453125 0.6044921875 0.044921875 0.095703125
0 0.406982421875 0.4261067807674408 0.01318359375 0.02018229104578495
0 0.232177734375 0.4303385317325592 0.00927734375 0.01692708395421505
0 0.31689453125 0.4274088442325592 0.0087890625 0.017578125
0 0.183349609375 0.4583333432674408 0.01318359375 0.02473958395421505
0 0.19140625 0.4153645932674408 0.005859375 0.01171875
0 0.12548828125 0.4358724057674408 0.009765625 0.017578125
0 0.1337890625 0.4254557192325592 0.0078125 0.013671875
0 0.079345703125 0.435546875 0.00927734375 0.015625
0 0.27783203125 0.4049479067325592 0.0048828125 0.010416666977107525
0 0.044677734375 0.4599609375 0.00830078125 0.02018229104578495
0 0.17333984375 0.4130859375 0.0068359375 0.011067708022892475
