0 0.7243750095367432 0.5354729890823364 0.06624999642372131 0.11148648709058762
0 0.5318750143051147 0.5177364945411682 0.038750000298023224 0.07263513654470444
0 0.43062499165534973 0.505912184715271 0.03125 0.0625
0 0.35249999165534973 0.49831080436706543 0.027499999850988388 0.06081081181764603
0 0.2487500011920929 0.4890202581882477 0.027499999850988388 0.05574324354529381
0 0.574999988079071 0.49831080436706543 0.02500000037252903 0.0439189188182354
0 0.14000000059604645 0.48395270109176636 0.027499999850988388 0.05236486345529556
0 0.05562499910593033 0.5582770109176636 0.10625000298023224 0.17398647964000702
0 0.5793750286102295 0.44763514399528503 0.028750000521540642 0.04729729890823364
0 0.6037499904632568 0.49831080436706543 0.027499999850988388 0.05067567527294159
0 0.021250000223517418 0.5050675868988037 0.03500000014901161 0.08445946127176285
0 0.07187499850988388 0.5168918967247009 0.038750000298023224 0.10810811072587967
