0 0.6606249809265137 0.653124988079071 0.05375000089406967 0.20000000298023224
0 0.3799999952316284 0.6421874761581421 0.06499999761581421 0.19687500596046448
0 0.35062500834465027 0.46562498807907104 0.036249998956918716 0.11874999850988388
0 0.4543749988079071 0.3375000059604645 0.021250000223517418 0.07500000298023224
0 0.5325000286102295 0.4000000059604645 0.02500000037252903 0.09375
0 0.29124999046325684 0.296875 0.014999999664723873 0.05624999850988388
0 0.7318750023841858 0.20781250298023224 0.016249999403953552 0.05312500149011612
0 0.2837499976158142 0.38593751192092896 0.02500000037252903 0.08437500149011612
0 0.9087499976158142 0.29374998807907104 0.02500000037252903 0.05000000074505806
0 0.8087499737739563 0.23749999701976776 0.014999999664723873 0.05000000074505806
0 0.3268750011920929 0.27812498807907104 0.013749999925494194 0.05000000074505806
0 0.28312501311302185 0.3296875059604645 0.021250000223517418 0.06562499701976776
0 0.8956249952316284 0.25 0.021250000223517418 0.05624999850988388
0 0.6293749809265137 0.20156249403953552 0.021250000223517418 0.03437500074505806
0 0.4156250059604645 0.30000001192092896 0.011250000447034836 0.05000000074505806
0 0.7606250047683716 0.21718749403953552 0.011250000447034836 0.03437500074505806
0 0.4256249964237213 0.2750000059604645 0.011250000447034836 0.04374999925494194
0 0.3824999928474426 0.25468748807907104 0.009999999776482582 0.03437500074505806
0 0.4337500035762787 0.23281249403953552 0.007499999832361937 0.03437500074505806
