0 0.22875000536441803 0.48750001192092896 0.03500000014901161 0.10000000149011612
0 0.6662499904632568 0.528124988079071 0.032499998807907104 0.11249999701976776
0 0.6393749713897705 0.41093748807907104 0.01875000074505806 0.078125
0 0.9543750286102295 0.78125 0.05874999985098839 0.06875000149011612
0 0.4268749952316284 0.3656249940395355 0.011250000447034836 0.05624999850988388
0 0.2887499928474426 0.3984375 0.019999999552965164 0.05312500149011612
0 0.5693749785423279 0.33125001192092896 0.008750000037252903 0.03750000149011612
0 0.7006250023841858 0.40156251192092896 0.03125 0.046875
0 0.6243749856948853 0.3421874940395355 0.011250000447034836 0.04062499850988388
0 0.49937498569488525 0.31718748807907104 0.008750000037252903 0.03437500074505806
0 0.4543749988079071 0.3375000059604645 0.011250000447034836 0.03125
0 0.5350000262260437 0.3140625059604645 0.007499999832361937 0.03437500074505806
0 0.3824999928474426 0.34375 0.02250000089406967 0.03750000149011612
0 0.512499988079071 0.24375000596046448 0.007499999832361937 0.02500000037252903
0 0.543749988079071 0.30781251192092896 0.009999999776482582 0.02187499962747097
0 0.5899999737739563 0.3125 0.007499999832361937 0.03125
