0 0.199462890625 0.6201171875 0.07177734375 0.166015625
0 0.8505859375 0.6272786259651184 0.0849609375 0.169921875
0 0.31640625 0.5325520634651184 0.0361328125 0.0598958320915699
0 0.689208984375 0.5146484375 0.03369140625 0.0540364570915699
0 0.60888671875 0.4625650942325592 0.021484375 0.0345052070915699
0 0.559814453125 0.4264322817325592 0.01025390625 0.01953125
0 0.3896484375 0.462890625 0.017578125 0.03125
0 0.427490234375 0.4248046875 0.01123046875 0.017578125
0 0.54443359375 0.4143880307674408 0.0087890625 0.014973958022892475
0 0.53369140625 0.4069010317325592 0.0068359375 0.014322916977107525
0 0.44091796875 0.4130859375 0.0078125 0.013671875
0 0.524658203125 0.4010416567325592 0.00537109375 0.009114583022892475
0 0.44580078125 0.40625 0.0048828125 0.01171875
0 0.04638671875 0.8427734375 0.0927734375 0.2311197966337204
0 0.970458984375 0.8069661259651184 0.05712890625 0.138671875
0 0.52099609375 0.3968099057674408 0.0048828125 0.008463541977107525
0 0.451171875 0.400390625 0.0048828125 0.0078125
0 0.517578125 0.3935546875 0.0048828125 0.009765625
0 0.5126953125 0.3889974057674408 0.0048828125 0.0071614584885537624
0 0.45751953125 0.3958333432674408 0.0048828125 0.0078125
