0 0.3131009638309479 0.5336538553237915 0.06370192021131516 0.10256410390138626
0 0.9068509340286255 0.6266025900840759 0.1742788404226303 0.24358974397182465
0 0.08473557978868484 0.5793269276618958 0.1694711595773697 0.20673076808452606
0 0.7091346383094788 0.5536859035491943 0.05288461595773697 0.1041666641831398
0 0.375 0.5192307829856873 0.028846153989434242 0.06089743599295616
0 0.4146634638309479 0.5136218070983887 0.02163461595773697 0.04326923191547394
0 0.6412259340286255 0.5336538553237915 0.030048076063394547 0.06089743599295616
0 0.6165865659713745 0.5248397588729858 0.01923076994717121 0.04326923191547394
0 0.5612980723381042 0.5168269276618958 0.014423076994717121 0.03365384787321091
0 0.5120192170143127 0.5120192170143127 0.012019230984151363 0.027243589982390404
0 0.4609375 0.5088140964508057 0.010817307978868484 0.024038461968302727
