0 0.6274999976158142 0.4781250059604645 0.03500000014901161 0.125
0 0.8118749856948853 0.35624998807907104 0.03375000134110451 0.09375
0 0.21562500298023224 0.8843749761581421 0.09624999761581421 0.22499999403953552
0 0.8831250071525574 0.4390625059604645 0.061250001192092896 0.10312499850988388
0 0.3918749988079071 0.47187501192092896 0.038750000298023224 0.15625
0 0.43562498688697815 0.3765625059604645 0.026249999180436134 0.08437500149011612
0 0.5562499761581421 0.3609375059604645 0.019999999552965164 0.078125
0 0.39625000953674316 0.3375000059604645 0.017500000074505806 0.06875000149011612
0 0.8268749713897705 0.901562511920929 0.11124999821186066 0.18437500298023224
0 0.4962500035762787 0.30937498807907104 0.012500000186264515 0.05624999850988388
0 0.43937501311302185 0.2890625 0.008750000037252903 0.046875
0 0.7381250262260437 0.22343750298023224 0.008750000037252903 0.03437500074505806
0 0.628125011920929 0.1953125 0.008750000037252903 0.03437500074505806
0 0.8531249761581421 0.23593750596046448 0.013749999925494194 0.046875
0 0.6856250166893005 0.21718749403953552 0.008750000037252903 0.03437500074505806
