0 0.801025390625 0.591796875 0.04150390625 0.0794270858168602
0 0.23779296875 0.591796875 0.04296875 0.078125
0 0.365234375 0.4791666567325592 0.0205078125 0.03515625
0 0.640869140625 0.478515625 0.02099609375 0.0338541679084301
0 0.41796875 0.4397786557674408 0.009765625 0.02018229104578495
0 0.458251953125 0.4241536557674408 0.00732421875 0.013671875
0 0.565673828125 0.4342447817325592 0.01025390625 0.01692708395421505
0 0.563720703125 0.4205729067325592 0.00830078125 0.014322916977107525
0 0.55126953125 0.4130859375 0.0068359375 0.011067708022892475
0 0.483642578125 0.4169921875 0.00537109375 0.011067708022892475
0 0.51611328125 0.404296875 0.0048828125 0.009114583022892475
0 0.485107421875 0.4114583432674408 0.00537109375 0.010416666977107525
0 0.528564453125 0.4078775942325592 0.00537109375 0.009765625
0 0.53515625 0.4033203125 0.0048828125 0.0071614584885537624
