0 0.887499988079071 0.37812501192092896 0.032499998807907104 0.10625000298023224
0 0.7393749952316284 0.30781251192092896 0.01875000074505806 0.07187499850988388
0 0.30000001192092896 0.47968751192092896 0.042500000447034836 0.15312500298023224
0 0.3425000011920929 0.34062498807907104 0.02500000037252903 0.13750000298023224
0 0.6287500262260437 0.26875001192092896 0.012500000186264515 0.0625
0 0.44624999165534973 0.2578125 0.009999999776482582 0.04062499850988388
0 0.32124999165534973 0.27656251192092896 0.014999999664723873 0.05312500149011612
0 0.28562501072883606 0.24687500298023224 0.013749999925494194 0.05624999850988388
0 0.518750011920929 0.2640624940395355 0.012500000186264515 0.04062499850988388
0 0.26499998569488525 0.26875001192092896 0.012500000186264515 0.05000000074505806
