0 0.15546874701976776 0.7868055701255798 0.0546875 0.13472221791744232
0 0.859375 0.6458333134651184 0.04843749850988388 0.10277777910232544
0 0.600781261920929 0.49444442987442017 0.01875000074505806 0.05000000074505806
0 0.30585938692092896 0.5736111402511597 0.02578124962747097 0.06388889253139496
0 0.2789062559604645 0.5083333253860474 0.012500000186264515 0.03611111268401146
0 0.455078125 0.4625000059604645 0.01328125037252903 0.03333333507180214
0 0.3011718690395355 0.4625000059604645 0.01171875 0.02777777798473835
0 0.19023437798023224 0.47361111640930176 0.008593750186264515 0.01944444514811039
0 0.20468750596046448 0.49513888359069824 0.00937500037252903 0.02638888917863369
0 0.11328125 0.5020833611488342 0.010937499813735485 0.02361111156642437
