0 0.793701171875 0.4739583432674408 0.02197265625 0.03515625
0 0.767578125 0.5354817509651184 0.0380859375 0.060546875
0 0.667724609375 0.4677734375 0.02197265625 0.0358072929084301
0 0.352783203125 0.5221354365348816 0.03271484375 0.0611979179084301
0 0.718017578125 0.4436849057674408 0.01416015625 0.025390625
0 0.623779296875 0.4417317807674408 0.01416015625 0.025390625
0 0.421630859375 0.4593099057674408 0.01806640625 0.0345052070915699
0 0.441162109375 0.4391275942325592 0.01513671875 0.02669270895421505
0 0.676025390625 0.431640625 0.01123046875 0.01692708395421505
0 0.7705078125 0.4306640625 0.0087890625 0.014973958022892475
0 0.610595703125 0.4306640625 0.01025390625 0.01888020895421505
0 0.6357421875 0.4290364682674408 0.009765625 0.01692708395421505
0 0.454345703125 0.42578125 0.00927734375 0.01692708395421505
0 0.497802734375 0.4189453125 0.00732421875 0.013671875
0 0.576171875 0.41796875 0.005859375 0.013020833022892475
0 0.916748046875 0.4563802182674408 0.01318359375 0.02213541604578495
0 0.851318359375 0.4423828125 0.01025390625 0.017578125
0 0.6708984375 0.4208984375 0.0078125 0.013671875
