0 0.261474609375 0.6012369990348816 0.05517578125 0.0865885391831398
0 0.759033203125 0.4973958432674408 0.02685546875 0.0455729179084301
0 0.927001953125 0.5970051884651184 0.05224609375 0.08203125
0 0.7802734375 0.4781900942325592 0.01953125 0.033203125
0 0.48974609375 0.4495442807674408 0.0166015625 0.02669270895421505
0 0.37939453125 0.4847005307674408 0.025390625 0.0423177070915699
0 0.62353515625 0.435546875 0.013671875 0.02473958395421505
0 0.920654296875 0.5048828125 0.02978515625 0.044921875
0 0.77880859375 0.4446614682674408 0.0146484375 0.0234375
0 0.988037109375 0.4690755307674408 0.02001953125 0.02799479104578495
