0 0.3322916626930237 0.5648148059844971 0.04479166492819786 0.10370370000600815
0 0.2708333432674408 0.43194442987442017 0.02291666716337204 0.05462963134050369
0 0.3023437559604645 0.47870370745658875 0.02552083320915699 0.06851851940155029
0 0.6773437261581421 0.41898149251937866 0.01927083358168602 0.05648148059844971
0 0.18723958730697632 0.8745370507240295 0.08489583432674408 0.22685185074806213
0 0.1901041716337204 0.3907407522201538 0.01145833358168602 0.029629629105329514
0 0.29895833134651184 0.35092592239379883 0.00937500037252903 0.02222222276031971
0 0.8888021111488342 0.5351851582527161 0.02968749962747097 0.08703703433275223
0 0.4479166567325592 0.35185185074806213 0.012500000186264515 0.031481482088565826
0 0.11901041865348816 0.38055557012557983 0.008854166604578495 0.024074073880910873
