0 0.232421875 0.7138888835906982 0.04296875 0.10833333432674408
0 0.792187511920929 0.47083333134651184 0.03125 0.09444444626569748
0 0.373046875 0.5486111044883728 0.02421874925494194 0.06666667014360428
0 0.650390625 0.4958333373069763 0.01640624925494194 0.04444444552063942
0 0.43828123807907104 0.4826388955116272 0.012500000186264515 0.0347222238779068
0 0.6039062738418579 0.46875 0.010937499813735485 0.02916666679084301
0 0.5804687738418579 0.44236111640930176 0.00937500037252903 0.02361111156642437
0 0.723437488079071 0.4680555462837219 0.03125 0.10833333432674408
0 0.40507811307907104 0.4729166626930237 0.02265625074505806 0.07361111044883728
0 0.858593761920929 0.4930555522441864 0.015625 0.04444444552063942
0 0.35468751192092896 0.47361111640930176 0.02187499962747097 0.08611111342906952
0 0.46562498807907104 0.45277777314186096 0.0078125 0.03055555559694767
0 0.4554687440395355 0.4201388955116272 0.00937500037252903 0.02916666679084301
0 0.5640624761581421 0.4263888895511627 0.0078125 0.01944444514811039
0 0.4820312559604645 0.4347222149372101 0.0078125 0.01944444514811039
0 0.8402343988418579 0.4416666626930237 0.008593750186264515 0.02777777798473835
0 0.4359374940395355 0.4236111044883728 0.0078125 0.02222222276031971
0 0.98828125 0.44999998807907104 0.010937499813735485 0.03055555559694767
