0 0.143798828125 0.4371744692325592 0.01025390625 0.017578125
0 0.135986328125 0.421875 0.01025390625 0.02083333395421505
0 0.117431640625 0.4241536557674408 0.01123046875 0.02278645895421505
0 0.206298828125 0.4225260317325592 0.01025390625 0.02473958395421505
0 0.046875 0.4381510317325592 0.0107421875 0.01692708395421505
0 0.21923828125 0.4208984375 0.009765625 0.021484375
0 0.035888671875 0.4583333432674408 0.01416015625 0.02213541604578495
0 0.18359375 0.4202474057674408 0.005859375 0.011067708022892475
0 0.22802734375 0.4156900942325592 0.005859375 0.011067708022892475
0 0.260498046875 0.4195963442325592 0.00537109375 0.009765625
0 0.26806640625 0.4108072817325592 0.0048828125 0.009114583022892475
