0 0.4111979305744171 0.3907407522201538 0.01718750037252903 0.035185184329748154
0 0.3096354305744171 0.5046296119689941 0.02968749962747097 0.07407407462596893
0 0.7135416865348816 0.4879629611968994 0.03020833246409893 0.07407407462596893
0 0.6330729126930237 0.3837963044643402 0.010937499813735485 0.034259259700775146
0 0.5908854007720947 0.3490740656852722 0.00989583320915699 0.024074073880910873
0 0.44140625 0.34768518805503845 0.010937499813735485 0.02500000037252903
0 0.41874998807907104 0.3361110985279083 0.008333333767950535 0.018518518656492233
0 0.38229167461395264 0.3361110985279083 0.008333333767950535 0.020370369777083397
0 0.33802083134651184 0.33796295523643494 0.008333333767950535 0.018518518656492233
0 0.5223958492279053 0.3222222328186035 0.0052083334885537624 0.01666666753590107
0 0.46406251192092896 0.317592591047287 0.008333333767950535 0.01666666753590107
0 0.55859375 0.33287036418914795 0.0078125 0.021296296268701553
