0 0.7914062738418579 0.5680555701255798 0.02031249925494194 0.0694444477558136
0 0.809765636920929 0.49861112236976624 0.01328125037252903 0.03888889029622078
0 0.12851563096046448 0.6652777791023254 0.04140625149011612 0.10277777910232544
0 0.4878906309604645 0.49791666865348816 0.01640624925494194 0.04583333432674408
0 0.8480468988418579 0.8125 0.06171875074505806 0.16111111640930176
0 0.590624988079071 0.4486111104488373 0.0078125 0.02500000037252903
0 0.5718749761581421 0.4375 0.0078125 0.02222222276031971
0 0.5296875238418579 0.42569443583488464 0.0078125 0.015277777798473835
0 0.6812499761581421 0.43958333134651184 0.0078125 0.02083333395421505
0 0.729687511920929 0.4583333432674408 0.0078125 0.01944444514811039
