0 0.7109375 0.5729166865348816 0.04296875 0.0755208358168602
0 0.316162109375 0.4873046875 0.02099609375 0.041015625
0 0.245361328125 0.5426432490348816 0.03857421875 0.0670572891831398
0 0.56982421875 0.4446614682674408 0.013671875 0.02473958395421505
0 0.341796875 0.4638671875 0.0185546875 0.033203125
0 0.33251953125 0.4322916567325592 0.01171875 0.0234375
0 0.292724609375 0.423828125 0.01025390625 0.01692708395421505
0 0.542236328125 0.4290364682674408 0.01025390625 0.02083333395421505
0 0.126708984375 0.4638671875 0.01708984375 0.025390625
0 0.23388671875 0.4215494692325592 0.009765625 0.014973958022892475
0 0.1328125 0.4352213442325592 0.0087890625 0.01627604104578495
0 0.469970703125 0.4186197817325592 0.00927734375 0.015625
0 0.372314453125 0.4127604067325592 0.00732421875 0.013020833022892475
0 0.31005859375 0.4108072817325592 0.0068359375 0.01171875
0 0.07958984375 0.4296875 0.0107421875 0.015625
0 0.170166015625 0.4134114682674408 0.00732421875 0.013020833022892475
0 0.1630859375 0.4241536557674408 0.0107421875 0.01627604104578495
0 0.26171875 0.4111328125 0.0078125 0.011067708022892475
