0 0.86181640625 0.5035807490348816 0.029296875 0.048828125
0 0.19384765625 0.5139973759651184 0.0283203125 0.044921875
0 0.2451171875 0.5986328125 0.044921875 0.083984375
0 0.612060546875 0.4606119692325592 0.02197265625 0.0319010429084301
0 0.480712890625 0.44140625 0.01513671875 0.02734375
0 0.083251953125 0.4869791567325592 0.01904296875 0.03125
0 0.35986328125 0.4456380307674408 0.0146484375 0.025390625
0 0.246826171875 0.4456380307674408 0.00927734375 0.02408854104578495
0 0.216064453125 0.4384765625 0.01025390625 0.017578125
0 0.292236328125 0.4241536557674408 0.00927734375 0.014973958022892475
0 0.15234375 0.43359375 0.0078125 0.014322916977107525
0 0.095703125 0.443359375 0.0107421875 0.01692708395421505
0 0.04736328125 0.4537760317325592 0.0126953125 0.01953125
0 0.356201171875 0.4147135317325592 0.00732421875 0.013020833022892475
0 0.456787109375 0.4052734375 0.00732421875 0.013671875
0 0.55126953125 0.3990885317325592 0.005859375 0.013020833022892475
0 0.24267578125 0.421875 0.0078125 0.013020833022892475
0 0.033935546875 0.4674479067325592 0.01513671875 0.0234375
0 0.63916015625 0.39453125 0.0048828125 0.010416666977107525
0 0.542724609375 0.3942057192325592 0.00537109375 0.008463541977107525
