0 0.268798828125 0.6311848759651184 0.05517578125 0.0970052108168602
0 0.859130859375 0.5924479365348816 0.04931640625 0.0807291641831398
0 0.63916015625 0.4749349057674408 0.0205078125 0.037109375
0 0.389892578125 0.486328125 0.02490234375 0.0416666679084301
0 0.55615234375 0.4410807192325592 0.0146484375 0.02408854104578495
0 0.38916015625 0.4466145932674408 0.013671875 0.02734375
0 0.49560546875 0.4140625 0.0078125 0.014322916977107525
0 0.520263671875 0.42578125 0.01025390625 0.01822916604578495
0 0.47705078125 0.4065755307674408 0.0068359375 0.012369791977107525
0 0.46142578125 0.4055989682674408 0.005859375 0.010416666977107525
