0 0.846754789352417 0.6129807829856873 0.15264423191547394 0.23237179219722748
0 0.6490384340286255 0.5496794581413269 0.0625 0.09935897588729858
0 0.22175480425357819 0.5448718070983887 0.06850961595773697 0.10897435992956161
0 0.2962740361690521 0.5280448794364929 0.03966346010565758 0.06891025602817535
0 0.5787259340286255 0.5320512652397156 0.030048076063394547 0.06410256773233414
0 0.5528846383094788 0.5232371687889099 0.024038461968302727 0.046474359929561615
0 0.4969951808452606 0.5184294581413269 0.018028846010565758 0.03365384787321091
0 0.44651442766189575 0.5144230723381042 0.015625 0.028846153989434242
0 0.3413461446762085 0.5200320482254028 0.024038461968302727 0.04326923191547394
0 0.3936298191547394 0.5128205418586731 0.013221153989434242 0.025641025975346565
