0 0.662109375 0.4729166626930237 0.01328125037252903 0.03750000149011612
0 0.764843761920929 0.5381944179534912 0.0234375 0.0625
0 0.30078125 0.574305534362793 0.0234375 0.06527777761220932
0 0.540234386920929 0.4124999940395355 0.008593750186264515 0.02500000037252903
0 0.37421876192092896 0.4833333194255829 0.012500000186264515 0.03055555559694767
0 0.6128906011581421 0.4506944417953491 0.01015624962747097 0.02361111156642437
0 0.625781238079071 0.4201388955116272 0.0078125 0.01805555634200573
0 0.39375001192092896 0.4541666805744171 0.0078125 0.02222222276031971
0 0.517578125 0.41458332538604736 0.008593750186264515 0.02361111156642437
0 0.6109374761581421 0.43194442987442017 0.0078125 0.01944444514811039
0 0.3921875059604645 0.4208333194255829 0.0078125 0.02500000037252903
