0 0.739062488079071 0.6256944537162781 0.0625 0.14027777314186096
0 0.126953125 0.4229166805744171 0.03359375149011612 0.08749999850988388
0 0.10898437350988388 0.4138889014720917 0.03046875074505806 0.08611111342906952
0 0.706250011920929 0.46666666865348816 0.02812499925494194 0.0694444477558136
0 0.4097656309604645 0.33888888359069824 0.02265625074505806 0.04722222313284874
0 0.7906249761581421 0.4486111104488373 0.01875000074505806 0.04722222313284874
0 0.620312511920929 0.3479166626930237 0.012500000186264515 0.02638888917863369
0 0.8656250238418579 0.4548611044883728 0.015625 0.03750000149011612
0 0.837890625 0.4173611104488373 0.01015624962747097 0.02638888917863369
0 0.7171875238418579 0.3611111044883728 0.010937499813735485 0.02500000037252903
