0 0.336669921875 0.5283203125 0.02978515625 0.0592447929084301
0 0.772216796875 0.5234375 0.03173828125 0.05078125
0 0.682861328125 0.4567057192325592 0.01513671875 0.03059895895421505
0 0.733154296875 0.4401041567325592 0.01025390625 0.02083333395421505
0 0.4345703125 0.4518229067325592 0.0146484375 0.02734375
0 0.6181640625 0.4244791567325592 0.009765625 0.01692708395421505
0 0.8544921875 0.443359375 0.0107421875 0.01953125
0 0.787109375 0.4231770932674408 0.0107421875 0.01692708395421505
0 0.521728515625 0.4319661557674408 0.01025390625 0.01888020895421505
0 0.7294921875 0.4241536557674408 0.0107421875 0.017578125
0 0.837646484375 0.4251302182674408 0.00927734375 0.014322916977107525
0 0.95361328125 0.4293619692325592 0.0107421875 0.01627604104578495
