0 0.628125011920929 0.4765625 0.03375000134110451 0.12187500298023224
0 0.5350000262260437 0.3578124940395355 0.019999999552965164 0.078125
0 0.3556250035762787 0.3828125 0.023749999701976776 0.09062500298023224
0 0.37937501072883606 0.84375 0.06875000149011612 0.2750000059604645
0 0.3981249928474426 0.5140625238418579 0.04374999925494194 0.13437500596046448
0 0.3687500059604645 0.31718748807907104 0.014999999664723873 0.06562499701976776
0 0.4206250011920929 0.26249998807907104 0.013749999925494194 0.04374999925494194
0 0.38499999046325684 0.28437501192092896 0.012500000186264515 0.05000000074505806
0 0.9431250095367432 0.22812500596046448 0.021250000223517418 0.06875000149011612
0 0.5 0.30156248807907104 0.012500000186264515 0.05312500149011612
0 0.47437500953674316 0.2421875 0.008750000037252903 0.04062499850988388
0 0.7756249904632568 0.20468750596046448 0.03125 0.05312500149011612
