0 0.8106250166893005 0.5278716087341309 0.13124999403953552 0.1875
0 0.543749988079071 0.5101351141929626 0.0625 0.10810811072587967
0 0.43937501311302185 0.5 0.036249998956918716 0.07094594836235046
0 0.38062500953674316 0.49577704071998596 0.03125 0.059121619910001755
0 0.32624998688697815 0.4991554021835327 0.02500000037252903 0.048986487090587616
0 0.27000001072883606 0.5016891956329346 0.02250000089406967 0.0439189188182354
0 0.1081250011920929 0.5101351141929626 0.01875000074505806 0.03378378227353096
0 0.03437500074505806 0.5354729890823364 0.036249998956918716 0.06756756454706192
0 0.19062499701976776 0.5033783912658691 0.01875000074505806 0.037162162363529205
0 0.1393750011920929 0.4991554021835327 0.016249999403953552 0.02871621586382389
0 0.013124999590218067 0.5304054021835327 0.023749999701976776 0.05743243172764778
0 0.11999999731779099 0.5 0.014999999664723873 0.027027027681469917
