0 0.15195313096046448 0.5722222328186035 0.03046875074505806 0.0833333358168602
0 0.9039062261581421 0.5583333373069763 0.03750000149011612 0.09166666865348816
0 0.34062498807907104 0.5729166865348816 0.04062499850988388 0.09861110895872116
0 0.01875000074505806 0.5645833611488342 0.02187499962747097 0.06527777761220932
0 0.2265625 0.4513888955116272 0.01718750037252903 0.0416666679084301
0 0.739062488079071 0.4194444417953491 0.010937499813735485 0.02777777798473835
0 0.539843738079071 0.4097222089767456 0.00937500037252903 0.02777777798473835
0 0.715624988079071 0.3881944417953491 0.00937500037252903 0.02083333395421505
0 0.7386718988418579 0.3819444477558136 0.008593750186264515 0.01666666753590107
0 0.419921875 0.4298610985279083 0.014843749813735485 0.04027777910232544
0 0.592968761920929 0.38333332538604736 0.0078125 0.01944444514811039
0 0.606249988079071 0.37638887763023376 0.0078125 0.01944444514811039
0 0.10468749701976776 0.4645833373069763 0.015625 0.03750000149011612
