0 0.27421873807907104 0.5770833492279053 0.03125 0.0763888880610466
0 0.3921875059604645 0.49444442987442017 0.012500000186264515 0.03055555559694767
0 0.5707031488418579 0.4888888895511627 0.01015624962747097 0.03055555559694767
0 0.4175781309604645 0.47430557012557983 0.008593750186264515 0.01805555634200573
0 0.5414062738418579 0.4680555462837219 0.0078125 0.02222222276031971
0 0.534375011920929 0.4611110985279083 0.0078125 0.01666666753590107
0 0.48750001192092896 0.4555555582046509 0.0078125 0.013888888992369175
0 0.3492187559604645 0.4652777910232544 0.0078125 0.013888888992369175
0 0.39453125 0.46666666865348816 0.0078125 0.013888888992369175
0 0.4117187559604645 0.46736112236976624 0.0078125 0.015277777798473835
