0 0.6460336446762085 0.5456730723381042 0.04927884787321091 0.09775640815496445
0 0.8479567170143127 0.6089743375778198 0.13581730425357819 0.24038460850715637
0 0.5793269276618958 0.5288461446762085 0.03125 0.06410256773233414
0 0.5522836446762085 0.5192307829856873 0.022836538031697273 0.044871795922517776
0 0.22355769574642181 0.5392628312110901 0.06971153616905212 0.10737179219722748
0 0.29807692766189575 0.5232371687889099 0.036057692021131516 0.06570512801408768
0 0.49639421701431274 0.5144230723381042 0.016826923936605453 0.03205128386616707
0 0.33954328298568726 0.5160256624221802 0.022836538031697273 0.044871795922517776
0 0.4459134638309479 0.5112179517745972 0.014423076994717121 0.028846153989434242
0 0.39242789149284363 0.5096153616905212 0.010817307978868484 0.022435897961258888
