0 0.49562498927116394 0.4937500059604645 0.04625000059604645 0.16249999403953552
0 0.4793750047683716 0.2953124940395355 0.021250000223517418 0.078125
0 0.5256249904632568 0.40625 0.036249998956918716 0.11874999850988388
0 0.6256250143051147 0.3499999940395355 0.03375000134110451 0.10625000298023224
0 0.8450000286102295 0.714062511920929 0.08749999850988388 0.2718749940395355
0 0.18187500536441803 0.3734374940395355 0.026249999180436134 0.09687499701976776
0 0.3762499988079071 0.31562501192092896 0.02250000089406967 0.07500000298023224
0 0.7649999856948853 0.3203125 0.027499999850988388 0.09687499701976776
0 0.9087499976158142 0.28125 0.02250000089406967 0.08749999850988388
0 0.6587499976158142 0.2796874940395355 0.014999999664723873 0.078125
0 0.71875 0.23749999701976776 0.02500000037252903 0.04374999925494194
0 0.016249999403953552 0.43281251192092896 0.032499998807907104 0.12812499701976776
0 0.890625 0.22187499701976776 0.016249999403953552 0.0625
0 0.9837499856948853 0.20781250298023224 0.017500000074505806 0.06562499701976776
0 0.7662500143051147 0.25312501192092896 0.02250000089406967 0.06875000149011612
