0 0.11432291567325592 0.5666666626930237 0.04218750074505806 0.09259258955717087
0 0.698437511920929 0.5810185074806213 0.03437500074505806 0.10648148506879807
0 0.6731770634651184 0.4254629611968994 0.02031249925494194 0.05462963134050369
0 0.4046874940395355 0.4087963104248047 0.01875000074505806 0.05277777835726738
0 0.45520833134651184 0.38425925374031067 0.014583333395421505 0.03888889029622078
0 0.6763020753860474 0.37268519401550293 0.01406249962747097 0.034259259700775146
0 0.41093748807907104 0.3490740656852722 0.01354166679084301 0.03333333507180214
0 0.4867187440395355 0.3157407343387604 0.00572916679084301 0.014814814552664757
0 0.5854166746139526 0.3393518626689911 0.0072916666977107525 0.021296296268701553
0 0.5739583373069763 0.307407408952713 0.0052083334885537624 0.009259259328246117
