0 0.633593738079071 0.48750001192092896 0.01406249962747097 0.04444444552063942
0 0.18281249701976776 0.762499988079071 0.04843749850988388 0.11944444477558136
0 0.9183593988418579 0.7506944537162781 0.06328125298023224 0.14861111342906952
0 0.3863281309604645 0.5083333253860474 0.01640624925494194 0.0416666679084301
0 0.5546875 0.44305557012557983 0.0078125 0.01944444514811039
0 0.4273437559604645 0.4555555582046509 0.0078125 0.02222222276031971
0 0.868359386920929 0.4437499940395355 0.01328125037252903 0.03194444626569748
0 0.3960937559604645 0.4486111104488373 0.0078125 0.013888888992369175
0 0.41015625 0.44583332538604736 0.0078125 0.013888888992369175
0 0.512499988079071 0.4368055462837219 0.0078125 0.015277777798473835
