0 0.7903645634651184 0.5032407641410828 0.02760416641831398 0.06203703582286835
0 0.4489583373069763 0.47453704476356506 0.03541666641831398 0.07129629701375961
0 0.649218738079071 0.35879629850387573 0.008854166604578495 0.021296296268701553
0 0.6885416507720947 0.3967592716217041 0.012500000186264515 0.03611111268401146
0 0.4973958432674408 0.38055557012557983 0.015625 0.03703703731298447
0 0.6195312738418579 0.33796295523643494 0.00989583320915699 0.020370369777083397
0 0.5096353888511658 0.34768518805503845 0.013020833022892475 0.02500000037252903
0 0.4867187440395355 0.31898146867752075 0.006770833395421505 0.017592592164874077
0 0.5104166865348816 0.32777777314186096 0.00937500037252903 0.02777777798473835
0 0.59375 0.3273148238658905 0.0072916666977107525 0.021296296268701553
0 0.5640624761581421 0.3162037134170532 0.0052083334885537624 0.013888888992369175
