0 0.729248046875 0.4690755307674408 0.01708984375 0.0345052070915699
0 0.176513671875 0.5755208134651184 0.04736328125 0.0794270858168602
0 0.529296875 0.4251302182674408 0.0087890625 0.02213541604578495
0 0.873046875 0.5696614384651184 0.0390625 0.0703125
0 0.693115234375 0.435546875 0.01123046875 0.02083333395421505
0 0.462890625 0.4446614682674408 0.013671875 0.02734375
0 0.587158203125 0.4153645932674408 0.00732421875 0.014322916977107525
0 0.640869140625 0.4124349057674408 0.00537109375 0.011067708022892475
0 0.705322265625 0.4231770932674408 0.00830078125 0.01692708395421505
0 0.226318359375 0.4280599057674408 0.02099609375 0.01627604104578495
0 0.44384765625 0.4147135317325592 0.015625 0.01171875
0 0.648193359375 0.4075520932674408 0.00830078125 0.0078125
0 0.72607421875 0.4195963442325592 0.0068359375 0.012369791977107525
0 0.63671875 0.4052734375 0.0048828125 0.013671875
0 0.88525390625 0.4231770932674408 0.0068359375 0.010416666977107525
0 0.757080078125 0.4169921875 0.00830078125 0.012369791977107525
0 0.687744140625 0.4114583432674408 0.00537109375 0.009114583022892475
0 0.7509765625 0.412109375 0.0048828125 0.0078125
0 0.8203125 0.4163411557674408 0.0048828125 0.008463541977107525
0 0.723388671875 0.4055989682674408 0.00537109375 0.010416666977107525
0 0.825927734375 0.4192708432674408 0.00537109375 0.010416666977107525
