0 0.38854166865348816 0.3583333194255829 0.008333333767950535 0.020370369777083397
0 0.5640624761581421 0.35648149251937866 0.010416666977107525 0.025925925001502037
0 0.5598958134651184 0.33194443583488464 0.0052083334885537624 0.01944444514811039
0 0.5447916388511658 0.31296294927597046 0.0052083334885537624 0.012962962500751019
0 0.45364582538604736 0.31111112236976624 0.0052083334885537624 0.014814814552664757
0 0.4260416626930237 0.3291666805744171 0.0062500000931322575 0.015740741044282913
0 0.08645833283662796 0.3680555522441864 0.0052083334885537624 0.010185184888541698
0 0.2666666805744171 0.33657407760620117 0.0052083334885537624 0.013888888992369175
0 0.13489583134651184 0.3499999940395355 0.0052083334885537624 0.011111111380159855
0 0.17005208134651184 0.3541666567325592 0.00572916679084301 0.015740741044282913
0 0.21041665971279144 0.3351851999759674 0.0052083334885537624 0.011111111380159855
0 0.01666666753590107 0.37731480598449707 0.0052083334885537624 0.013888888992369175
