0 0.053955078125 0.4557291567325592 0.01318359375 0.02213541604578495
0 0.079833984375 0.4371744692325592 0.00927734375 0.01627604104578495
0 0.157958984375 0.4248046875 0.00830078125 0.014973958022892475
0 0.2119140625 0.4270833432674408 0.0068359375 0.014322916977107525
0 0.144775390625 0.4404296875 0.01123046875 0.01627604104578495
0 0.2509765625 0.4085286557674408 0.005859375 0.011067708022892475
0 0.256591796875 0.419921875 0.00537109375 0.010416666977107525
0 0.30615234375 0.4010416567325592 0.0048828125 0.0078125
0 0.279052734375 0.404296875 0.00537109375 0.009114583022892475
0 0.28759765625 0.4130859375 0.0048828125 0.009765625
0 0.31884765625 0.4078775942325592 0.0048828125 0.009765625
0 0.3447265625 0.3987630307674408 0.0048828125 0.008463541977107525
0 0.32958984375 0.3987630307674408 0.0048828125 0.0071614584885537624
0 0.33984375 0.4055989682674408 0.0048828125 0.010416666977107525
0 0.3544921875 0.4016927182674408 0.0048828125 0.0065104165114462376
0 0.213623046875 0.4150390625 0.00634765625 0.011067708022892475
0 0.373046875 0.3997395932674408 0.0048828125 0.0065104165114462376
0 0.36865234375 0.3977864682674408 0.0048828125 0.0065104165114462376
0 0.384765625 0.3984375 0.0048828125 0.0065104165114462376
0 0.3564453125 0.3984375 0.0048828125 0.0065104165114462376
