0 0.161376953125 0.7555338740348816 0.09033203125 0.1555989533662796
0 0.3828125 0.5032551884651184 0.0322265625 0.0520833320915699
0 0.433349609375 0.4527994692325592 0.01904296875 0.03059895895421505
0 0.7939453125 0.5169270634651184 0.029296875 0.0377604179084301
0 0.761474609375 0.4319661557674408 0.01123046875 0.017578125
0 0.83984375 0.4716796875 0.0263671875 0.02408854104578495
0 0.71728515625 0.4638671875 0.0224609375 0.033203125
0 0.626708984375 0.4244791567325592 0.01025390625 0.01822916604578495
0 0.74560546875 0.4524739682674408 0.01953125 0.03125
0 0.5205078125 0.4329427182674408 0.0166015625 0.01822916604578495
0 0.932373046875 0.451171875 0.01416015625 0.02473958395421505
