0 0.6341145634651184 0.3939814865589142 0.01822916604578495 0.028703704476356506
0 0.4182291626930237 0.3856481611728668 0.014583333395421505 0.03611111268401146
0 0.5049479007720947 0.33981481194496155 0.00572916679084301 0.01666666753590107
0 0.6559895873069763 0.41018518805503845 0.01614583283662796 0.04259259253740311
0 0.6372395753860474 0.34953704476356506 0.00572916679084301 0.01944444514811039
0 0.5687500238418579 0.32870370149612427 0.0072916666977107525 0.009259259328246117
0 0.4984374940395355 0.3375000059604645 0.0052083334885537624 0.01944444514811039
0 0.6091145873069763 0.3314814865589142 0.008854166604578495 0.009259259328246117
0 0.5908854007720947 0.3314814865589142 0.006770833395421505 0.009259259328246117
0 0.5098958611488342 0.31898146867752075 0.0052083334885537624 0.012037036940455437
0 0.551562488079071 0.3166666626930237 0.0052083334885537624 0.011111111380159855
0 0.4867187440395355 0.3222222328186035 0.006770833395421505 0.014814814552664757
