0 0.296630859375 0.5133463740348816 0.02783203125 0.0514322929084301
0 0.56689453125 0.4407552182674408 0.01171875 0.0234375
0 0.6796875 0.5013020634651184 0.0283203125 0.0494791679084301
0 0.555908203125 0.4290364682674408 0.01220703125 0.03125
0 0.53759765625 0.4228515625 0.0078125 0.01627604104578495
0 0.40087890625 0.4443359375 0.01171875 0.02278645895421505
0 0.52734375 0.4169921875 0.0068359375 0.012369791977107525
0 0.416015625 0.4274088442325592 0.0087890625 0.029296875
0 0.426513671875 0.4244791567325592 0.00634765625 0.015625
0 0.4111328125 0.4306640625 0.0107421875 0.03059895895421505
0 0.44140625 0.4114583432674408 0.0048828125 0.010416666977107525
0 0.43212890625 0.4173177182674408 0.0048828125 0.01171875
0 0.5498046875 0.4244791567325592 0.0078125 0.02734375
0 0.512939453125 0.4088541567325592 0.00537109375 0.009114583022892475
0 0.4560546875 0.4078775942325592 0.0048828125 0.008463541977107525
0 0.47119140625 0.4049479067325592 0.0048828125 0.0065104165114462376
