0 0.5912500023841858 0.4437499940395355 0.04749999940395355 0.16875000298023224
0 0.24500000476837158 0.48750001192092896 0.05000000074505806 0.19374999403953552
0 0.17125000059604645 0.625 0.08749999850988388 0.23749999701976776
0 0.2750000059604645 0.4515624940395355 0.04749999940395355 0.140625
0 0.31437501311302185 0.3531250059604645 0.03375000134110451 0.13750000298023224
0 0.36250001192092896 0.30156248807907104 0.032499998807907104 0.11562500149011612
0 0.10875000059604645 0.8687499761581421 0.05999999865889549 0.25
0 0.3881250023841858 0.22968749701976776 0.021250000223517418 0.08437500149011612
0 0.4256249964237213 0.19062499701976776 0.016249999403953552 0.0625
0 0.3737500011920929 0.265625 0.02250000089406967 0.09375
0 0.29750001430511475 0.19374999403953552 0.012500000186264515 0.0625
0 0.6556249856948853 0.5484374761581421 0.038750000298023224 0.22187499701976776
0 0.6493750214576721 0.731249988079071 0.05624999850988388 0.28125
