0 0.9162499904632568 0.24062499403953552 0.07500000298023224 0.24375000596046448
0 0.9175000190734863 0.12343750149011612 0.054999999701976776 0.18437500298023224
0 0.2906250059604645 0.1015625 0.04625000059604645 0.15937499701976776
0 0.3518750071525574 0.05624999850988388 0.038750000298023224 0.10000000149011612
0 0.746874988079071 0.04843749850988388 0.04374999925494194 0.09062500298023224
0 0.9624999761581421 0.526562511920929 0.07249999791383743 0.390625
0 0.4950000047683716 0.02656250074505806 0.029999999329447746 0.05312500149011612
0 0.13375000655651093 0.04843749850988388 0.05999999865889549 0.09062500298023224
0 0.32374998927116394 0.03125 0.029999999329447746 0.0625
0 0.6299999952316284 0.02812499925494194 0.032499998807907104 0.05000000074505806
