0 0.6137499809265137 0.3531250059604645 0.02500000037252903 0.08124999701976776
0 0.5868750214576721 0.29374998807907104 0.01875000074505806 0.0625
0 0.6968749761581421 0.550000011920929 0.051249999552965164 0.17499999701976776
0 0.71875 0.28437501192092896 0.027499999850988388 0.05624999850988388
0 0.44062501192092896 0.3515625 0.023749999701976776 0.08437500149011612
0 0.47562500834465027 0.2906250059604645 0.01875000074505806 0.08124999701976776
0 0.49125000834465027 0.2671875059604645 0.012500000186264515 0.05312500149011612
0 0.07999999821186066 0.910937488079071 0.0949999988079071 0.171875
0 0.5625 0.2578125 0.012500000186264515 0.046875
0 0.528124988079071 0.2421875 0.008750000037252903 0.04062499850988388
0 0.7093750238418579 0.25468748807907104 0.016249999403953552 0.05937499925494194
0 0.7356250286102295 0.18906250596046448 0.008750000037252903 0.03437500074505806
0 0.6943749785423279 0.18906250596046448 0.008750000037252903 0.02812499925494194
