0 0.14501953125 0.4205729067325592 0.0078125 0.014322916977107525
0 0.209228515625 0.4134114682674408 0.00537109375 0.01171875
0 0.05859375 0.4309895932674408 0.01171875 0.0234375
0 0.08447265625 0.4459635317325592 0.01171875 0.0234375
0 0.222412109375 0.4195963442325592 0.00634765625 0.013671875
0 0.27392578125 0.4078775942325592 0.0048828125 0.011067708022892475
0 0.1669921875 0.4300130307674408 0.0078125 0.014973958022892475
0 0.29931640625 0.4046224057674408 0.0048828125 0.008463541977107525
0 0.24755859375 0.4104817807674408 0.0048828125 0.009765625
0 0.2763671875 0.4137369692325592 0.0048828125 0.008463541977107525
0 0.31884765625 0.40234375 0.0048828125 0.0078125
