0 0.72021484375 0.5348307490348816 0.0322265625 0.060546875
0 0.305908203125 0.5413411259651184 0.03173828125 0.0579427070915699
0 0.610595703125 0.466796875 0.01806640625 0.0338541679084301
0 0.561279296875 0.4332682192325592 0.01318359375 0.02278645895421505
0 0.366455078125 0.4713541567325592 0.02197265625 0.0364583320915699
0 0.395263671875 0.4420572817325592 0.01220703125 0.02213541604578495
0 0.412841796875 0.4261067807674408 0.00830078125 0.01627604104578495
0 0.505859375 0.4114583432674408 0.005859375 0.01171875
0 0.423583984375 0.4163411557674408 0.00634765625 0.012369791977107525
0 0.53466796875 0.4189453125 0.01171875 0.01627604104578495
0 0.513671875 0.4137369692325592 0.0068359375 0.013671875
0 0.499267578125 0.4104817807674408 0.00537109375 0.009765625
0 0.49267578125 0.41015625 0.0048828125 0.0065104165114462376
0 0.48828125 0.4072265625 0.0048828125 0.0071614584885537624
