0 0.7106249928474426 0.5405405163764954 0.08624999970197678 0.14527027308940887
0 0.5218750238418579 0.5270270109176636 0.051249999552965164 0.09459459781646729
0 0.36625000834465027 0.5287162065505981 0.03999999910593033 0.07432432472705841
0 0.26374998688697815 0.53125 0.029999999329447746 0.05574324354529381
0 0.1756249964237213 0.5354729890823364 0.026249999180436134 0.05067567527294159
0 0.09312500059604645 0.5413851141929626 0.023749999701976776 0.04560810700058937
0 0.14499999582767487 0.53125 0.012500000186264515 0.025337837636470795
0 0.1993750035762787 0.5244932174682617 0.011250000447034836 0.025337837636470795
0 0.22624999284744263 0.5228040814399719 0.009999999776482582 0.018581081181764603
0 0.2199999988079071 0.5236486196517944 0.007499999832361937 0.01689189113676548
0 0.23375000059604645 0.5219594836235046 0.007499999832361937 0.020270269364118576
0 0.018124999478459358 0.5422297120094299 0.013749999925494194 0.027027027681469917
0 0.11187499761581421 0.5329391956329346 0.013749999925494194 0.025337837636470795
