0 0.352294921875 0.5113932490348816 0.03076171875 0.052734375
0 0.83349609375 0.4856770932674408 0.0244140625 0.0377604179084301
0 0.782470703125 0.4417317807674408 0.01220703125 0.02408854104578495
0 0.557861328125 0.4453125 0.01513671875 0.02604166604578495
0 0.6103515625 0.4280599057674408 0.01171875 0.01888020895421505
0 0.6416015625 0.4156900942325592 0.0068359375 0.013671875
0 0.753173828125 0.4235025942325592 0.00732421875 0.014973958022892475
0 0.65966796875 0.4111328125 0.0048828125 0.009765625
0 0.66455078125 0.4059244692325592 0.0068359375 0.01888020895421505
0 0.736083984375 0.4095052182674408 0.00830078125 0.015625
0 0.6748046875 0.4029947817325592 0.0048828125 0.0065104165114462376
0 0.73046875 0.4059244692325592 0.0068359375 0.01627604104578495
0 0.68505859375 0.4010416567325592 0.0048828125 0.009114583022892475
