0 0.72998046875 0.5035807490348816 0.0322265625 0.052734375
0 0.3486328125 0.5104166865348816 0.0244140625 0.0481770820915699
0 0.445068359375 0.4407552182674408 0.01025390625 0.02083333395421505
0 0.4560546875 0.4283854067325592 0.0107421875 0.02994791604578495
0 0.61181640625 0.4423828125 0.01171875 0.021484375
0 0.599853515625 0.4287109375 0.01123046875 0.03059895895421505
0 0.593505859375 0.4254557192325592 0.00927734375 0.03059895895421505
0 0.469482421875 0.423828125 0.00927734375 0.015625
0 0.58056640625 0.4235025942325592 0.0078125 0.013671875
0 0.474365234375 0.4166666567325592 0.00537109375 0.01171875
0 0.570068359375 0.4166666567325592 0.00634765625 0.013020833022892475
0 0.55517578125 0.4091796875 0.0048828125 0.009765625
0 0.48291015625 0.4111328125 0.0048828125 0.011067708022892475
0 0.4990234375 0.4078775942325592 0.0048828125 0.0071614584885537624
0 0.56787109375 0.4059244692325592 0.0048828125 0.008463541977107525
0 0.556640625 0.4039713442325592 0.0048828125 0.008463541977107525
0 0.458984375 0.42578125 0.0107421875 0.02864583395421505
0 0.5078125 0.4029947817325592 0.0048828125 0.0065104165114462376
0 0.5126953125 0.404296875 0.0048828125 0.0065104165114462376
