0 0.14749999344348907 0.33906251192092896 0.057500001043081284 0.18437500298023224
0 0.8174999952316284 0.296875 0.04500000178813934 0.15625
0 0.8725000023841858 0.3453125059604645 0.05000000074505806 0.171875
0 0.21250000596046448 0.26875001192092896 0.032499998807907104 0.125
0 0.24124999344348907 0.203125 0.02500000037252903 0.10625000298023224
0 0.9624999761581421 0.44999998807907104 0.057500001043081284 0.23125000298023224
0 0.737500011920929 0.23593750596046448 0.03500000014901161 0.14687499403953552
0 0.1706250011920929 0.109375 0.01875000074505806 0.07500000298023224
0 0.12312500178813934 0.12187500298023224 0.016249999403953552 0.07500000298023224
0 0.8893749713897705 0.21562500298023224 0.028750000521540642 0.11249999701976776
0 0.21062499284744263 0.140625 0.023749999701976776 0.08749999850988388
0 0.24687500298023224 0.11249999701976776 0.021250000223517418 0.07500000298023224
0 0.7043750286102295 0.12656250596046448 0.021250000223517418 0.09062500298023224
0 0.8131250143051147 0.16875000298023224 0.021250000223517418 0.10625000298023224
0 0.7699999809265137 0.14531250298023224 0.02500000037252903 0.08437500149011612
0 0.5824999809265137 0.1171875 0.02250000089406967 0.08437500149011612
0 0.38999998569488525 0.11249999701976776 0.017500000074505806 0.06875000149011612
0 0.9112499952316284 0.17656250298023224 0.029999999329447746 0.12187500298023224
0 0.032499998807907104 0.12343750149011612 0.019999999552965164 0.09687499701976776
0 0.6031249761581421 0.11562500149011612 0.026249999180436134 0.0625
