0 0.7015625238418579 0.48055556416511536 0.012500000186264515 0.03611111268401146
0 0.32421875 0.5756944417953491 0.02656250074505806 0.06527777761220932
0 0.7300781011581421 0.5805555582046509 0.02734375 0.08055555820465088
0 0.49296873807907104 0.4756944477558136 0.012500000186264515 0.0347222238779068
0 0.5796874761581421 0.4444444477558136 0.00937500037252903 0.02777777798473835
0 0.7250000238418579 0.4548611044883728 0.0078125 0.02361111156642437
0 0.6402343511581421 0.4270833432674408 0.007031249813735485 0.02083333395421505
0 0.7613281011581421 0.43263888359069824 0.01015624962747097 0.02361111156642437
0 0.712890625 0.4069444537162781 0.007031249813735485 0.013888888992369175
0 0.7328125238418579 0.40069442987442017 0.0078125 0.012500000186264515
0 0.680468738079071 0.41805556416511536 0.0078125 0.013888888992369175
