0 0.6937500238418579 0.6015625 0.054999999701976776 0.16562500596046448
0 0.6681249737739563 0.4281249940395355 0.028750000521540642 0.08749999850988388
0 0.4156250059604645 0.3921875059604645 0.023749999701976776 0.078125
0 0.2906250059604645 0.518750011920929 0.04374999925494194 0.13124999403953552
0 0.22687500715255737 0.4140625 0.03125 0.09062500298023224
0 0.46000000834465027 0.328125 0.014999999664723873 0.05000000074505806
0 0.4231249988079071 0.3062500059604645 0.011250000447034836 0.04374999925494194
0 0.5818750262260437 0.3109374940395355 0.011250000447034836 0.03437500074505806
0 0.5362499952316284 0.29374998807907104 0.007499999832361937 0.03125
0 0.234375 0.18281249701976776 0.01875000074505806 0.05312500149011612
0 0.33000001311302185 0.28125 0.009999999776482582 0.03750000149011612
0 0.2537499964237213 0.3578124940395355 0.02250000089406967 0.06562499701976776
0 0.28812500834465027 0.29374998807907104 0.016249999403953552 0.04374999925494194
0 0.36125001311302185 0.29218751192092896 0.009999999776482582 0.04062499850988388
0 0.5049999952316284 0.2750000059604645 0.007499999832361937 0.03125
0 0.6318749785423279 0.33906251192092896 0.013749999925494194 0.046875
0 0.6662499904632568 0.3828125 0.02250000089406967 0.05937499925494194
0 0.4468750059604645 0.2718749940395355 0.008750000037252903 0.03125
0 0.46437498927116394 0.25468748807907104 0.008750000037252903 0.03437500074505806
0 0.3031249940395355 0.2593750059604645 0.011250000447034836 0.03750000149011612
0 0.4856249988079071 0.26093751192092896 0.008750000037252903 0.03437500074505806
0 0.4325000047683716 0.2593750059604645 0.007499999832361937 0.01875000074505806
0 0.32374998927116394 0.26875001192092896 0.007499999832361937 0.03125
0 0.484375 0.28125 0.008750000037252903 0.02500000037252903
