0 0.7674999833106995 0.512499988079071 0.03500000014901161 0.10625000298023224
0 0.45124998688697815 0.589062511920929 0.05000000074505806 0.15937499701976776
0 0.7912499904632568 0.885937511920929 0.10249999910593033 0.22187499701976776
0 0.46312499046325684 0.4000000059604645 0.021250000223517418 0.08124999701976776
0 0.6443750262260437 0.3843750059604645 0.01875000074505806 0.07500000298023224
0 0.6112499833106995 0.34062498807907104 0.014999999664723873 0.05624999850988388
0 0.7599999904632568 0.4124999940395355 0.027499999850988388 0.07500000298023224
0 0.27937498688697815 0.328125 0.011250000447034836 0.05000000074505806
0 0.24375000596046448 0.4078125059604645 0.027499999850988388 0.078125
0 0.042500000447034836 0.4078125059604645 0.019999999552965164 0.07187499850988388
0 0.546875 0.28437501192092896 0.008750000037252903 0.03125
0 0.1993750035762787 0.31562501192092896 0.011250000447034836 0.04374999925494194
0 0.13437500596046448 0.90625 0.10625000298023224 0.18125000596046448
0 0.22750000655651093 0.37968748807907104 0.02500000037252903 0.046875
0 0.5881249904632568 0.2718749940395355 0.011250000447034836 0.04374999925494194
0 0.16312499344348907 0.2984375059604645 0.008750000037252903 0.02812499925494194
0 0.05375000089406967 0.3359375 0.012500000186264515 0.04062499850988388
0 0.5087500214576721 0.26875001192092896 0.007499999832361937 0.03125
0 0.109375 0.30000001192092896 0.011250000447034836 0.03750000149011612
0 0.5550000071525574 0.2671875059604645 0.007499999832361937 0.02812499925494194
0 0.41749998927116394 0.27656251192092896 0.009999999776482582 0.02812499925494194
0 0.3400000035762787 0.28593748807907104 0.007499999832361937 0.02812499925494194
0 0.6068750023841858 0.3031249940395355 0.013749999925494194 0.05000000074505806
0 0.5262500047683716 0.26875001192092896 0.007499999832361937 0.03125
