0 0.87109375 0.6217448115348816 0.0537109375 0.0963541641831398
0 0.652099609375 0.4645182192325592 0.01904296875 0.0358072929084301
0 0.339599609375 0.5432942509651184 0.03857421875 0.068359375
0 0.43115234375 0.4475911557674408 0.01171875 0.02669270895421505
0 0.45263671875 0.4280599057674408 0.0087890625 0.017578125
0 0.46484375 0.4189453125 0.0068359375 0.013671875
0 0.47119140625 0.4134114682674408 0.005859375 0.01171875
0 0.549072265625 0.412109375 0.00537109375 0.01171875
0 0.575927734375 0.4215494692325592 0.00927734375 0.01627604104578495
0 0.5888671875 0.4150390625 0.0068359375 0.013671875
0 0.816162109375 0.4163411557674408 0.00634765625 0.012369791977107525
0 0.8388671875 0.4137369692325592 0.005859375 0.013671875
0 0.823486328125 0.4348958432674408 0.01123046875 0.02083333395421505
0 0.721923828125 0.4095052182674408 0.00537109375 0.01171875
0 0.58203125 0.408203125 0.0048828125 0.010416666977107525
0 0.802734375 0.4104817807674408 0.0048828125 0.011067708022892475
0 0.79541015625 0.4075520932674408 0.0048828125 0.010416666977107525
0 0.70556640625 0.4117838442325592 0.0048828125 0.009765625
0 0.4765625 0.4095052182674408 0.0048828125 0.010416666977107525
0 0.75634765625 0.4075520932674408 0.0048828125 0.009114583022892475
0 0.654296875 0.40625 0.0048828125 0.0078125
0 0.649658203125 0.4075520932674408 0.00537109375 0.0078125
0 0.53662109375 0.40625 0.0048828125 0.009114583022892475
0 0.61083984375 0.3997395932674408 0.0048828125 0.0065104165114462376
0 0.118408203125 0.427734375 0.01220703125 0.010416666977107525
0 0.88525390625 0.4134114682674408 0.005859375 0.013020833022892475
0 0.60400390625 0.4033203125 0.0048828125 0.0071614584885537624
