0 0.3187499940395355 0.25312501192092896 0.04500000178813934 0.15000000596046448
0 0.18125000596046448 0.35468751192092896 0.05999999865889549 0.20937499403953552
0 0.9200000166893005 0.45781248807907104 0.09000000357627869 0.265625
0 0.1381250023841858 0.4515624940395355 0.07124999910593033 0.234375
0 0.39500001072883606 0.19218750298023224 0.032499998807907104 0.11562500149011612
0 0.7456250190734863 0.19687500596046448 0.036249998956918716 0.13124999403953552
0 0.9443749785423279 0.23125000298023224 0.04125000163912773 0.15000000596046448
0 0.42124998569488525 0.11249999701976776 0.02500000037252903 0.10625000298023224
0 0.8675000071525574 0.15312500298023224 0.029999999329447746 0.125
0 0.7481250166893005 0.078125 0.021250000223517418 0.08749999850988388
0 0.7362499833106995 0.05624999850988388 0.014999999664723873 0.07500000298023224
0 0.4906249940395355 0.08749999850988388 0.026249999180436134 0.10000000149011612
0 0.6924999952316284 0.01875000074505806 0.014999999664723873 0.03750000149011612
0 0.6656249761581421 0.02187499962747097 0.013749999925494194 0.04374999925494194
0 0.731249988079071 0.02812499925494194 0.019999999552965164 0.05624999850988388
0 0.512499988079071 0.06406249850988388 0.014999999664723873 0.07187499850988388
0 0.643750011920929 0.02500000037252903 0.014999999664723873 0.05000000074505806
