0 0.565625011920929 0.5076013803482056 0.05375000089406967 0.10304053872823715
0 0.03375000134110451 0.5084459185600281 0.06750000268220901 0.10810811072587967
0 0.2549999952316284 0.48395270109176636 0.029999999329447746 0.05236486345529556
0 0.46000000834465027 0.4890202581882477 0.032499998807907104 0.06925676017999649
0 0.18250000476837158 0.4831081032752991 0.027499999850988388 0.05067567527294159
0 0.0637499988079071 0.47888514399528503 0.027499999850988388 0.048986487090587616
0 0.11562500149011612 0.47297295928001404 0.01875000074505806 0.03378378227353096
0 0.21687500178813934 0.4738175570964813 0.013749999925494194 0.02871621586382389
0 0.15562500059604645 0.4679054021835327 0.011250000447034836 0.02364864945411682
0 0.3187499940395355 0.47297295928001404 0.009999999776482582 0.020270269364118576
0 0.20125000178813934 0.4695945978164673 0.009999999776482582 0.02364864945411682
0 0.27000001072883606 0.47212839126586914 0.009999999776482582 0.025337837636470795
0 0.23375000059604645 0.46875 0.009999999776482582 0.0219594594091177
0 0.3018749952316284 0.4746621549129486 0.008750000037252903 0.020270269364118576
