0 0.42822265625 0.4664713442325592 0.0205078125 0.037109375
0 0.74609375 0.478515625 0.01953125 0.0390625
0 0.78564453125 0.451171875 0.015625 0.02734375
0 0.239013671875 0.6471354365348816 0.05126953125 0.1015625
0 0.52734375 0.4417317807674408 0.015625 0.01888020895421505
0 0.906005859375 0.453125 0.02001953125 0.02083333395421505
0 0.8828125 0.4283854067325592 0.0107421875 0.01692708395421505
0 0.764892578125 0.4270833432674408 0.00927734375 0.01692708395421505
0 0.827880859375 0.4283854067325592 0.01220703125 0.01822916604578495
0 0.642578125 0.4264322817325592 0.0107421875 0.01953125
