0 0.20937499403953552 0.5456081032752991 0.11375000327825546 0.1993243247270584
0 0.7718750238418579 0.505912184715271 0.051249999552965164 0.08277027308940887
0 0.5893750190734863 0.5084459185600281 0.07374999672174454 0.11486486345529556
0 0.6487500071525574 0.47719594836235046 0.032499998807907104 0.05574324354529381
0 0.8224999904632568 0.49746620655059814 0.04500000178813934 0.06925676017999649
0 0.390625 0.4628378450870514 0.021250000223517418 0.04054053872823715
0 0.4606249928474426 0.45270270109176636 0.01875000074505806 0.03378378227353096
0 0.890625 0.4873310923576355 0.028750000521540642 0.04560810700058937
0 0.29374998807907104 0.4442567527294159 0.014999999664723873 0.030405405908823013
0 0.1381250023841858 0.43496620655059814 0.013749999925494194 0.02871621586382389
0 0.6768749952316284 0.4679054021835327 0.01875000074505806 0.037162162363529205
0 0.02187499962747097 0.44003379344940186 0.01875000074505806 0.03209459409117699
0 0.06937500089406967 0.4324324429035187 0.013749999925494194 0.027027027681469917
0 0.08437500149011612 0.4442567527294159 0.021250000223517418 0.037162162363529205
0 0.27125000953674316 0.4569256901741028 0.017500000074505806 0.03885135054588318
0 0.5543749928474426 0.4755067527294159 0.021250000223517418 0.03885135054588318
0 0.18187500536441803 0.4484797418117523 0.01875000074505806 0.03885135054588318
0 0.7556250095367432 0.47297295928001404 0.023749999701976776 0.0439189188182354
