0 0.065185546875 0.4404296875 0.00927734375 0.01627604104578495
0 0.148193359375 0.42578125 0.00634765625 0.013020833022892475
0 0.20068359375 0.4169921875 0.0048828125 0.009765625
0 0.117431640625 0.4466145932674408 0.00927734375 0.01822916604578495
0 0.189697265625 0.431640625 0.00732421875 0.014322916977107525
0 0.27880859375 0.4156900942325592 0.0048828125 0.011067708022892475
0 0.2353515625 0.4235025942325592 0.0068359375 0.012369791977107525
0 0.27197265625 0.4055989682674408 0.0048828125 0.010416666977107525
0 0.23779296875 0.4108072817325592 0.0048828125 0.010416666977107525
0 0.306884765625 0.41015625 0.00537109375 0.009114583022892475
0 0.3203125 0.40234375 0.0048828125 0.0078125
0 0.3271484375 0.4059244692325592 0.0048828125 0.0071614584885537624
0 0.334228515625 0.4013671875 0.00537109375 0.0071614584885537624
