0 0.746337890625 0.5784505009651184 0.03955078125 0.076171875
0 0.05517578125 0.6917317509651184 0.0712890625 0.1243489608168602
0 0.119140625 0.505859375 0.03125 0.0455729179084301
0 0.5927734375 0.4348958432674408 0.01171875 0.0234375
0 0.63623046875 0.470703125 0.0166015625 0.0455729179084301
0 0.4072265625 0.4202474057674408 0.0107421875 0.02018229104578495
0 0.571044921875 0.4182942807674408 0.00830078125 0.01627604104578495
0 0.392333984375 0.4586588442325592 0.02197265625 0.0345052070915699
0 0.563232421875 0.41015625 0.00634765625 0.013020833022892475
0 0.432861328125 0.4361979067325592 0.01513671875 0.02473958395421505
0 0.472900390625 0.4085286557674408 0.00732421875 0.013671875
0 0.490234375 0.4020182192325592 0.005859375 0.011067708022892475
0 0.18359375 0.4124349057674408 0.0087890625 0.014973958022892475
0 0.1435546875 0.4319661557674408 0.01171875 0.02018229104578495
0 0.191650390625 0.4026692807674408 0.00634765625 0.011067708022892475
0 0.129150390625 0.404296875 0.00732421875 0.010416666977107525
0 0.2412109375 0.3997395932674408 0.005859375 0.009114583022892475
0 0.4970703125 0.4013671875 0.0048828125 0.008463541977107525
0 0.373779296875 0.4010416567325592 0.00634765625 0.010416666977107525
0 0.4228515625 0.4000650942325592 0.0048828125 0.011067708022892475
0 0.55712890625 0.4059244692325592 0.005859375 0.012369791977107525
0 0.32958984375 0.3987630307674408 0.0048828125 0.009765625
0 0.27978515625 0.3974609375 0.0048828125 0.009765625
0 0.26220703125 0.3958333432674408 0.0048828125 0.009114583022892475
