0 0.3031249940395355 0.699999988079071 0.07124999910593033 0.20624999701976776
0 0.862500011920929 0.659375011920929 0.10499999672174454 0.25
0 0.653124988079071 0.44999998807907104 0.036249998956918716 0.10625000298023224
0 0.6243749856948853 0.3375000059604645 0.021250000223517418 0.07500000298023224
0 0.4143750071525574 0.3515625 0.021250000223517418 0.08437500149011612
0 0.4724999964237213 0.3109374940395355 0.014999999664723873 0.046875
0 0.5799999833106995 0.31718748807907104 0.014999999664723873 0.05312500149011612
0 0.46687498688697815 0.2718749940395355 0.008750000037252903 0.03750000149011612
0 0.5512499809265137 0.26249998807907104 0.009999999776482582 0.03125
0 0.5756250023841858 0.26093751192092896 0.011250000447034836 0.04062499850988388
0 0.4881249964237213 0.2718749940395355 0.008750000037252903 0.03125
