0 0.687744140625 0.5458984375 0.04248046875 0.0657552108168602
0 0.069091796875 0.58203125 0.04931640625 0.0794270858168602
0 0.655517578125 0.4622395932674408 0.01708984375 0.02994791604578495
0 0.3193359375 0.4742838442325592 0.0205078125 0.037109375
0 0.36962890625 0.4449869692325592 0.0107421875 0.02278645895421505
0 0.60400390625 0.4404296875 0.0107421875 0.02278645895421505
0 0.558349609375 0.4270833432674408 0.01123046875 0.01953125
0 0.356689453125 0.4319661557674408 0.00732421875 0.017578125
0 0.505615234375 0.421875 0.00830078125 0.01692708395421505
0 0.421142578125 0.4176432192325592 0.00830078125 0.014973958022892475
0 0.3544921875 0.4156900942325592 0.0078125 0.014973958022892475
0 0.289306640625 0.4303385317325592 0.00732421875 0.015625
0 0.291015625 0.4192708432674408 0.0068359375 0.014322916977107525
0 0.21142578125 0.4225260317325592 0.0078125 0.015625
0 0.18505859375 0.4319661557674408 0.0087890625 0.017578125
0 0.087646484375 0.4342447817325592 0.00732421875 0.013020833022892475
0 0.164794921875 0.4231770932674408 0.00634765625 0.013020833022892475
0 0.07275390625 0.4251302182674408 0.0048828125 0.010416666977107525
0 0.197021484375 0.4163411557674408 0.00634765625 0.009765625
0 0.22998046875 0.4108072817325592 0.0048828125 0.010416666977107525
0 0.29736328125 0.404296875 0.0048828125 0.009114583022892475
0 0.13330078125 0.4182942807674408 0.0048828125 0.009765625
0 0.20263671875 0.41015625 0.0048828125 0.0078125
0 0.04541015625 0.43359375 0.0078125 0.010416666977107525
0 0.2861328125 0.4016927182674408 0.0048828125 0.0065104165114462376
0 0.362548828125 0.3987630307674408 0.00537109375 0.008463541977107525
