0 0.6537500023841858 0.4468750059604645 0.03750000149011612 0.11874999850988388
0 0.4112499952316284 0.3265624940395355 0.014999999664723873 0.05937499925494194
0 0.37312498688697815 0.28125 0.01875000074505806 0.03125
0 0.5274999737739563 0.296875 0.012500000186264515 0.05000000074505806
0 0.4375 0.2718749940395355 0.009999999776482582 0.03750000149011612
0 0.675000011920929 0.3062500059604645 0.02500000037252903 0.05000000074505806
0 0.4662500023841858 0.23749999701976776 0.007499999832361937 0.01875000074505806
0 0.42750000953674316 0.24843749403953552 0.007499999832361937 0.02812499925494194
0 0.4387499988079071 0.19062499701976776 0.007499999832361937 0.01875000074505806
0 0.6100000143051147 0.24843749403953552 0.012500000186264515 0.02812499925494194
