0 0.737500011920929 0.49070945382118225 0.03750000149011612 0.059121619910001755
0 0.24937500059604645 0.4949324429035187 0.03375000134110451 0.06081081181764603
0 0.3412500023841858 0.44172295928001404 0.02250000089406967 0.03885135054588318
0 0.6612499952316284 0.4375 0.02250000089406967 0.04054053872823715
0 0.6337500214576721 0.41469594836235046 0.017500000074505806 0.03209459409117699
0 0.3737500011920929 0.4189189076423645 0.012500000186264515 0.02364864945411682
0 0.5924999713897705 0.40287160873413086 0.014999999664723873 0.02871621586382389
0 0.5456249713897705 0.3927364945411682 0.011250000447034836 0.025337837636470795
0 0.47437500953674316 0.3885135054588318 0.013749999925494194 0.020270269364118576
0 0.37937501072883606 0.4054054021835327 0.011250000447034836 0.027027027681469917
0 0.36000001430511475 0.39611485600471497 0.009999999776482582 0.0219594594091177
0 0.3162499964237213 0.3927364945411682 0.009999999776482582 0.0219594594091177
