0 0.6518229246139526 0.4078703820705414 0.02447916753590107 0.05277777835726738
0 0.3460937440395355 0.39907407760620117 0.02239583246409893 0.05370370298624039
0 0.8580729365348816 0.7240740656852722 0.06718750298023224 0.17407406866550446
0 0.37552082538604736 0.37268519401550293 0.01666666753590107 0.0416666679084301
0 0.5307291746139526 0.3273148238658905 0.00937500037252903 0.028703704476356506
0 0.5874999761581421 0.3592592477798462 0.014583333395421505 0.03703703731298447
0 0.2984375059604645 0.3499999940395355 0.01145833358168602 0.035185184329748154
0 0.34687501192092896 0.35555556416511536 0.01354166679084301 0.03888889029622078
0 0.4450520873069763 0.31388887763023376 0.008854166604578495 0.024074073880910873
0 0.02760416641831398 0.7166666388511658 0.05416666716337204 0.15555556118488312
0 0.2421875 0.35185185074806213 0.01145833358168602 0.02777777798473835
0 0.7643229365348816 0.33888888359069824 0.008854166604578495 0.02222222276031971
0 0.7411458492279053 0.3222222328186035 0.010416666977107525 0.029629629105329514
0 0.7210937738418579 0.3166666626930237 0.013020833022892475 0.020370369777083397
0 0.6981770992279053 0.2995370328426361 0.00572916679084301 0.023148147389292717
0 0.6559895873069763 0.29629629850387573 0.00572916679084301 0.018518518656492233
0 0.6192708611488342 0.29814815521240234 0.0062500000931322575 0.018518518656492233
0 0.06458333134651184 0.34259259700775146 0.0062500000931322575 0.018518518656492233
0 0.1744791716337204 0.3282407522201538 0.0072916666977107525 0.01944444514811039
0 0.12343750149011612 0.3569444417953491 0.00937500037252903 0.023148147389292717
0 0.2966145873069763 0.31203705072402954 0.0078125 0.018518518656492233
0 0.6091145873069763 0.28842592239379883 0.006770833395421505 0.017592592164874077
0 0.8536458611488342 0.34166666865348816 0.0072916666977107525 0.02222222276031971
0 0.8169270753860474 0.32685184478759766 0.0078125 0.018518518656492233
0 0.02447916753590107 0.3722222149372101 0.008333333767950535 0.024074073880910873
