0 0.238037109375 0.58984375 0.04345703125 0.0846354141831398
0 0.695556640625 0.4781900942325592 0.02197265625 0.0462239570915699
0 0.408935546875 0.46484375 0.01708984375 0.0364583320915699
0 0.478515625 0.427734375 0.01171875 0.0234375
0 0.643798828125 0.4290364682674408 0.01123046875 0.0234375
0 0.63818359375 0.4166666567325592 0.0078125 0.015625
0 0.68603515625 0.4140625 0.0078125 0.014322916977107525
0 0.621337890625 0.4069010317325592 0.00634765625 0.01171875
0 0.50537109375 0.4137369692325592 0.0087890625 0.014973958022892475
0 0.768310546875 0.4163411557674408 0.00537109375 0.013671875
0 0.783203125 0.4088541567325592 0.0048828125 0.010416666977107525
0 0.55517578125 0.4091796875 0.0087890625 0.013671875
0 0.70166015625 0.4065755307674408 0.005859375 0.011067708022892475
