0 0.62060546875 0.4449869692325592 0.0126953125 0.02408854104578495
0 0.661376953125 0.466796875 0.01708984375 0.0338541679084301
0 0.35009765625 0.5319010615348816 0.0361328125 0.0611979179084301
0 0.42919921875 0.4641927182674408 0.01953125 0.0325520820915699
0 0.450439453125 0.4417317807674408 0.01318359375 0.02408854104578495
0 0.7646484375 0.5299479365348816 0.0361328125 0.0572916679084301
0 0.80810546875 0.48046875 0.0224609375 0.0364583320915699
0 0.71044921875 0.4495442807674408 0.0126953125 0.02408854104578495
0 0.66845703125 0.4326171875 0.009765625 0.017578125
0 0.596923828125 0.4313150942325592 0.01025390625 0.01888020895421505
0 0.820068359375 0.4404296875 0.00927734375 0.01627604104578495
0 0.784423828125 0.4345703125 0.00927734375 0.01627604104578495
0 0.646240234375 0.4283854067325592 0.00732421875 0.014322916977107525
0 0.588134765625 0.4270833432674408 0.00732421875 0.014322916977107525
0 0.60791015625 0.4261067807674408 0.0087890625 0.013671875
0 0.874755859375 0.4544270932674408 0.01513671875 0.0234375
0 0.496337890625 0.4202474057674408 0.00732421875 0.011067708022892475
0 0.7236328125 0.4274088442325592 0.005859375 0.011067708022892475
0 0.561767578125 0.4189453125 0.00537109375 0.009765625
0 0.457763671875 0.4309895932674408 0.00634765625 0.015625
0 0.462158203125 0.4244791567325592 0.00537109375 0.010416666977107525
0 0.64013671875 0.4208984375 0.005859375 0.011067708022892475
