0 0.394775390625 0.4837239682674408 0.01904296875 0.0377604179084301
0 0.448486328125 0.4388020932674408 0.01123046875 0.02213541604578495
0 0.70166015625 0.490234375 0.0234375 0.04296875
0 0.621826171875 0.4371744692325592 0.01123046875 0.02278645895421505
0 0.595458984375 0.4241536557674408 0.00732421875 0.014973958022892475
0 0.608154296875 0.4150390625 0.00634765625 0.012369791977107525
0 0.632568359375 0.4095052182674408 0.00537109375 0.01171875
0 0.46630859375 0.4195963442325592 0.0048828125 0.012369791977107525
0 0.521484375 0.4108072817325592 0.0048828125 0.009114583022892475
0 0.6513671875 0.40625 0.0048828125 0.010416666977107525
0 0.678466796875 0.4033203125 0.00537109375 0.009765625
0 0.476806640625 0.4147135317325592 0.00537109375 0.013020833022892475
0 0.6171875 0.400390625 0.0048828125 0.0078125
0 0.57275390625 0.4049479067325592 0.005859375 0.009114583022892475
0 0.70703125 0.4016927182674408 0.005859375 0.0078125
0 0.740234375 0.4010416567325592 0.0048828125 0.0078125
0 0.77685546875 0.400390625 0.0048828125 0.0065104165114462376
0 0.6669921875 0.3990885317325592 0.0048828125 0.0065104165114462376
0 0.845703125 0.4029947817325592 0.0048828125 0.0065104165114462376
0 0.806640625 0.4010416567325592 0.0048828125 0.0065104165114462376
0 0.593505859375 0.4182942807674408 0.00732421875 0.013671875
0 0.7001953125 0.3990885317325592 0.0048828125 0.0065104165114462376
0 0.744140625 0.3984375 0.0048828125 0.0065104165114462376
