0 0.39625000953674316 0.5177364945411682 0.05999999865889549 0.11655405163764954
0 0.7506250143051147 0.5067567825317383 0.04374999925494194 0.07770270109176636
0 0.6056249737739563 0.5101351141929626 0.05375000089406967 0.09121621400117874
0 0.16625000536441803 0.5591216087341309 0.11749999970197678 0.18243242800235748
0 0.9481250047683716 0.5076013803482056 0.038750000298023224 0.06587837636470795
0 0.5024999976158142 0.4738175570964813 0.009999999776482582 0.0219594594091177
0 0.6443750262260437 0.47297295928001404 0.013749999925494194 0.027027027681469917
0 0.706250011920929 0.4755067527294159 0.012500000186264515 0.0219594594091177
0 0.5487499833106995 0.47804054617881775 0.012500000186264515 0.02364864945411682
0 0.5393750071525574 0.47212839126586914 0.008750000037252903 0.018581081181764603
0 0.4768750071525574 0.4797297418117523 0.011250000447034836 0.027027027681469917
0 0.44874998927116394 0.4738175570964813 0.009999999776482582 0.0219594594091177
0 0.9112499952316284 0.4763513505458832 0.014999999664723873 0.02364864945411682
0 0.7881249785423279 0.4763513505458832 0.011250000447034836 0.02364864945411682
0 0.8575000166893005 0.4755067527294159 0.014999999664723873 0.02871621586382389
0 0.30937498807907104 0.4814189076423645 0.01875000074505806 0.030405405908823013
0 0.9300000071525574 0.47297295928001404 0.014999999664723873 0.020270269364118576
0 0.7193750143051147 0.47128379344940186 0.008750000037252903 0.020270269364118576
0 0.8212500214576721 0.47297295928001404 0.007499999832361937 0.020270269364118576
0 0.058125000447034836 0.47719594836235046 0.011250000447034836 0.0219594594091177
0 0.24062499403953552 0.4797297418117523 0.016249999403953552 0.027027027681469917
0 0.25187501311302185 0.4755067527294159 0.008750000037252903 0.018581081181764603
0 0.36625000834465027 0.47719594836235046 0.012500000186264515 0.02871621586382389
0 0.10249999910593033 0.4763513505458832 0.012500000186264515 0.020270269364118576
0 0.8700000047683716 0.47128379344940186 0.007499999832361937 0.01689189113676548
0 0.7749999761581421 0.47212839126586914 0.009999999776482582 0.018581081181764603
0 0.9850000143051147 0.4755067527294159 0.017500000074505806 0.025337837636470795
