0 0.5699999928474426 0.4765625 0.032499998807907104 0.109375
0 0.43187499046325684 0.4468750059604645 0.026249999180436134 0.09375
0 0.6168749928474426 0.40625 0.021250000223517418 0.08124999701976776
0 0.21375000476837158 0.8687499761581421 0.08250000327825546 0.2562499940395355
0 0.7006250023841858 0.5874999761581421 0.04625000059604645 0.14374999701976776
0 0.546875 0.359375 0.016249999403953552 0.05624999850988388
0 0.4581249952316284 0.36406248807907104 0.016249999403953552 0.05937499925494194
0 0.581250011920929 0.34687501192092896 0.012500000186264515 0.05000000074505806
0 0.5118749737739563 0.3046875 0.008750000037252903 0.04062499850988388
0 0.4449999928474426 0.3296875059604645 0.009999999776482582 0.04062499850988388
0 0.4749999940395355 0.296875 0.007499999832361937 0.03125
0 0.5406249761581421 0.3203125 0.011250000447034836 0.046875
0 0.40937501192092896 0.29218751192092896 0.008750000037252903 0.02812499925494194
0 0.49125000834465027 0.30000001192092896 0.009999999776482582 0.02500000037252903
0 0.4412499964237213 0.2906250059604645 0.007499999832361937 0.03125
