0 0.178955078125 0.6149088740348816 0.06298828125 0.1595052033662796
0 0.268310546875 0.5393880009651184 0.05322265625 0.1243489608168602
0 0.896240234375 0.6103515625 0.08740234375 0.1595052033662796
0 0.669189453125 0.4765625 0.02587890625 0.0416666679084301
0 0.4140625 0.4361979067325592 0.0146484375 0.0234375
0 0.372802734375 0.4775390625 0.02392578125 0.0397135429084301
0 0.615234375 0.4417317807674408 0.0205078125 0.02408854104578495
0 0.442626953125 0.4143880307674408 0.00927734375 0.01888020895421505
0 0.796875 0.5472005009651184 0.060546875 0.1178385391831398
0 0.563232421875 0.4013671875 0.00634765625 0.012369791977107525
0 0.55517578125 0.3961588442325592 0.0068359375 0.0071614584885537624
0 0.466796875 0.40625 0.0107421875 0.010416666977107525
0 0.562255859375 0.4114583432674408 0.00732421875 0.013020833022892475
