0 0.093017578125 0.4384765625 0.00830078125 0.01627604104578495
0 0.188720703125 0.4365234375 0.00732421875 0.01627604104578495
0 0.168701171875 0.4287109375 0.00830078125 0.013671875
0 0.226318359375 0.4205729067325592 0.00732421875 0.013020833022892475
0 0.248046875 0.4270833432674408 0.0078125 0.014322916977107525
0 0.08837890625 0.4524739682674408 0.0107421875 0.01953125
0 0.3447265625 0.4117838442325592 0.0048828125 0.009765625
0 0.3046875 0.41796875 0.0048828125 0.010416666977107525
0 0.37255859375 0.4072265625 0.0048828125 0.0071614584885537624
0 0.316650390625 0.4085286557674408 0.00634765625 0.011067708022892475
0 0.3935546875 0.4052734375 0.0048828125 0.0071614584885537624
0 0.34033203125 0.4049479067325592 0.0048828125 0.009114583022892475
0 0.276123046875 0.4147135317325592 0.00537109375 0.009114583022892475
0 0.40771484375 0.40234375 0.0048828125 0.0065104165114462376
