0 0.22187499701976776 0.6472222208976746 0.0390625 0.0972222238779068
0 0.869140625 0.6638888716697693 0.04296875 0.10833333432674408
0 0.770703136920929 0.5361111164093018 0.02109375037252903 0.0555555559694767
0 0.780468761920929 0.4833333194255829 0.012500000186264515 0.03611111268401146
0 0.5785156488418579 0.4555555582046509 0.01328125037252903 0.03333333507180214
0 0.4457031190395355 0.4923610985279083 0.014843749813735485 0.04305555671453476
0 0.8492187261581421 0.45972222089767456 0.00937500037252903 0.02500000037252903
0 0.733203113079071 0.43888887763023376 0.008593750186264515 0.01944444514811039
0 0.931640625 0.4576388895511627 0.01015624962747097 0.02638888917863369
0 0.9593750238418579 0.4486111104488373 0.0078125 0.01666666753590107
