0 0.707763671875 0.5172526240348816 0.02880859375 0.0436197929084301
0 0.620361328125 0.4524739682674408 0.01513671875 0.02864583395421505
0 0.302001953125 0.5442708134651184 0.04150390625 0.06640625
0 0.39453125 0.46875 0.01953125 0.03515625
0 0.436767578125 0.4404296875 0.01513671875 0.02408854104578495
0 0.57861328125 0.4280599057674408 0.009765625 0.017578125
0 0.4541015625 0.4267578125 0.009765625 0.01627604104578495
0 0.560791015625 0.4173177182674408 0.00927734375 0.015625
0 0.46484375 0.4153645932674408 0.0068359375 0.014322916977107525
0 0.472900390625 0.4088541567325592 0.00537109375 0.01171875
0 0.54931640625 0.4095052182674408 0.005859375 0.01171875
0 0.65283203125 0.4114583432674408 0.005859375 0.01171875
0 0.60107421875 0.4069010317325592 0.0068359375 0.010416666977107525
0 0.545654296875 0.4039713442325592 0.00537109375 0.011067708022892475
0 0.71435546875 0.4156900942325592 0.0078125 0.012369791977107525
0 0.58056640625 0.4029947817325592 0.005859375 0.009114583022892475
0 0.7548828125 0.4095052182674408 0.005859375 0.01171875
0 0.5693359375 0.3990885317325592 0.0048828125 0.0078125
0 0.6435546875 0.40234375 0.0048828125 0.010416666977107525
0 0.7939453125 0.4182942807674408 0.009765625 0.014973958022892475
0 0.832275390625 0.4134114682674408 0.00537109375 0.01171875
0 0.541015625 0.4000650942325592 0.0048828125 0.008463541977107525
0 0.480224609375 0.4036458432674408 0.00537109375 0.009114583022892475
0 0.96728515625 0.4235025942325592 0.0087890625 0.014973958022892475
0 0.725830078125 0.4091796875 0.00830078125 0.013671875
0 0.884765625 0.4205729067325592 0.0087890625 0.014322916977107525
0 0.625732421875 0.3984375 0.00537109375 0.0078125
