0 0.6443750262260437 0.4315878450870514 0.01875000074505806 0.03885135054588318
0 0.6812499761581421 0.47719594836235046 0.03750000149011612 0.06587837636470795
0 0.7918750047683716 0.4180743098258972 0.016249999403953552 0.03209459409117699
0 0.9537500143051147 0.43581080436706543 0.02500000037252903 0.04054053872823715
0 0.5899999737739563 0.4172297418117523 0.017500000074505806 0.02364864945411682
0 0.706250011920929 0.40962839126586914 0.017500000074505806 0.03209459409117699
0 0.5356249809265137 0.41047295928001404 0.011250000447034836 0.02364864945411682
0 0.6331250071525574 0.40371620655059814 0.011250000447034836 0.020270269364118576
0 0.48500001430511475 0.40878379344940186 0.007499999832361937 0.020270269364118576
0 0.4325000047683716 0.40371620655059814 0.007499999832361937 0.01689189113676548
0 0.5093749761581421 0.39611485600471497 0.011250000447034836 0.0219594594091177
0 0.3687500059604645 0.40371620655059814 0.007499999832361937 0.013513513840734959
0 0.33812499046325684 0.39611485600471497 0.008750000037252903 0.018581081181764603
0 0.7043750286102295 0.3741554021835327 0.011250000447034836 0.018581081181764603
