0 0.251220703125 0.564453125 0.04541015625 0.0755208358168602
0 0.060546875 0.4547525942325592 0.0146484375 0.02018229104578495
0 0.0361328125 0.498046875 0.0263671875 0.0390625
0 0.566650390625 0.4527994692325592 0.01318359375 0.02799479104578495
0 0.38671875 0.4580078125 0.017578125 0.03059895895421505
0 0.428955078125 0.4339192807674408 0.01123046875 0.02018229104578495
0 0.5458984375 0.4313150942325592 0.009765625 0.01888020895421505
0 0.529296875 0.4195963442325592 0.005859375 0.012369791977107525
0 0.535888671875 0.4231770932674408 0.00634765625 0.013020833022892475
0 0.040771484375 0.44140625 0.01220703125 0.01692708395421505
0 0.4638671875 0.4176432192325592 0.0068359375 0.011067708022892475
0 0.357177734375 0.4254557192325592 0.00634765625 0.013671875
0 0.453857421875 0.419921875 0.00537109375 0.01171875
0 0.335205078125 0.4212239682674408 0.00537109375 0.010416666977107525
0 0.2890625 0.41796875 0.0048828125 0.0078125
0 0.117919921875 0.4267578125 0.00732421875 0.011067708022892475
0 0.173583984375 0.4287109375 0.00830078125 0.012369791977107525
0 0.22412109375 0.4215494692325592 0.0048828125 0.011067708022892475
0 0.190673828125 0.4251302182674408 0.00634765625 0.01171875
0 0.38037109375 0.4114583432674408 0.0048828125 0.0065104165114462376
0 0.322265625 0.4111328125 0.0048828125 0.0071614584885537624
0 0.40576171875 0.4176432192325592 0.0048828125 0.009765625
0 0.47705078125 0.4150390625 0.0048828125 0.008463541977107525
0 0.52197265625 0.4150390625 0.0048828125 0.008463541977107525
0 0.030517578125 0.4348958432674408 0.00830078125 0.013020833022892475
0 0.273193359375 0.4166666567325592 0.00537109375 0.009114583022892475
0 0.213623046875 0.4169921875 0.00537109375 0.008463541977107525
0 0.2490234375 0.4137369692325592 0.0048828125 0.008463541977107525
0 0.294921875 0.4140625 0.0048828125 0.0078125
0 0.27490234375 0.4111328125 0.0048828125 0.0071614584885537624
0 0.51953125 0.4134114682674408 0.0048828125 0.0065104165114462376
0 0.4091796875 0.4147135317325592 0.0048828125 0.0065104165114462376
0 0.43798828125 0.4016927182674408 0.0048828125 0.0065104165114462376
0 0.45361328125 0.4033203125 0.0048828125 0.0071614584885537624
0 0.42822265625 0.4029947817325592 0.0048828125 0.0065104165114462376
0 0.30029296875 0.4078775942325592 0.0048828125 0.0071614584885537624
0 0.3173828125 0.4114583432674408 0.0048828125 0.0065104165114462376
0 0.3310546875 0.4088541567325592 0.0048828125 0.0065104165114462376
0 0.41455078125 0.4075520932674408 0.0048828125 0.0065104165114462376
0 0.39501953125 0.404296875 0.0048828125 0.0065104165114462376
0 0.345703125 0.40625 0.0048828125 0.0065104165114462376
0 0.3369140625 0.4147135317325592 0.0048828125 0.0078125
0 0.3095703125 0.40625 0.0048828125 0.0065104165114462376
0 0.17626953125 0.4212239682674408 0.0048828125 0.009114583022892475
