0 0.07578124850988388 0.5763888955116272 0.05312500149011612 0.13611111044883728
0 0.666015625 0.37638887763023376 0.014843749813735485 0.03611111268401146
0 0.44453126192092896 0.33888888359069824 0.01406249962747097 0.03611111268401146
0 0.5992187261581421 0.33888888359069824 0.0078125 0.02500000037252903
0 0.4390625059604645 0.3062500059604645 0.0078125 0.02083333395421505
0 0.44921875 0.3125 0.0078125 0.02500000037252903
0 0.5718749761581421 0.3187499940395355 0.0078125 0.01805555634200573
0 0.6156250238418579 0.3194444477558136 0.0078125 0.01944444514811039
0 0.47578126192092896 0.2986111044883728 0.0078125 0.01666666753590107
0 0.858593761920929 0.3895833194255829 0.0078125 0.01805555634200573
0 0.8109375238418579 0.37291666865348816 0.0078125 0.01805555634200573
0 0.5492187738418579 0.30000001192092896 0.0078125 0.01666666753590107
0 0.969531238079071 0.4402777850627899 0.0078125 0.02222222276031971
0 0.8999999761581421 0.39722222089767456 0.0078125 0.01666666753590107
