0 0.14812499284744263 0.5979729890823364 0.1587499976158142 0.25337839126586914
0 0.4556249976158142 0.4923986494541168 0.026249999180436134 0.05236486345529556
0 0.6487500071525574 0.49662160873413086 0.042500000447034836 0.07432432472705841
0 0.8087499737739563 0.5050675868988037 0.0625 0.10472972691059113
0 0.5068749785423279 0.4940878450870514 0.03125 0.0625
0 0.5918750166893005 0.4822635054588318 0.01875000074505806 0.03885135054588318
0 0.3387500047683716 0.48986485600471497 0.02500000037252903 0.0439189188182354
0 0.6887500286102295 0.47888514399528503 0.02250000089406967 0.03885135054588318
0 0.2706249952316284 0.49662160873413086 0.026249999180436134 0.04729729890823364
0 0.4300000071525574 0.4881756901741028 0.017500000074505806 0.03378378227353096
0 0.8843749761581421 0.47212839126586914 0.021250000223517418 0.03885135054588318
0 0.9337499737739563 0.4611486494541168 0.014999999664723873 0.027027027681469917
0 0.7168750166893005 0.4746621549129486 0.016249999403953552 0.03378378227353096
0 0.628125011920929 0.47719594836235046 0.013749999925494194 0.03209459409117699
0 0.49000000953674316 0.4890202581882477 0.019999999552965164 0.04560810700058937
0 0.9674999713897705 0.46706080436706543 0.019999999552965164 0.03885135054588318
0 0.9868749976158142 0.4611486494541168 0.013749999925494194 0.030405405908823013
0 0.5481250286102295 0.47212839126586914 0.016249999403953552 0.02871621586382389
0 0.21937499940395355 0.5261824131011963 0.0637499988079071 0.1064189225435257
0 0.010625000111758709 0.4940878450870514 0.013749999925494194 0.0219594594091177
0 0.09312500059604645 0.49070945382118225 0.013749999925494194 0.025337837636470795
0 0.05249999836087227 0.4873310923576355 0.009999999776482582 0.018581081181764603
0 0.3968749940395355 0.4746621549129486 0.008750000037252903 0.020270269364118576
0 0.7356250286102295 0.4628378450870514 0.011250000447034836 0.020270269364118576
0 0.29499998688697815 0.4755067527294159 0.009999999776482582 0.015202702954411507
0 0.5787500143051147 0.47212839126586914 0.007499999832361937 0.018581081181764603
0 0.3737500011920929 0.47297295928001404 0.007499999832361937 0.010135134682059288
0 0.47874999046325684 0.47297295928001404 0.007499999832361937 0.020270269364118576
0 0.40812501311302185 0.47297295928001404 0.008750000037252903 0.01689189113676548
0 0.5362499952316284 0.46537160873413086 0.007499999832361937 0.015202702954411507
0 0.7749999761581421 0.4619932472705841 0.007499999832361937 0.018581081181764603
0 0.6150000095367432 0.47212839126586914 0.007499999832361937 0.018581081181764603
0 0.7074999809265137 0.47043919563293457 0.009999999776482582 0.0219594594091177
0 0.8974999785423279 0.4636824429035187 0.009999999776482582 0.025337837636470795
0 0.38187500834465027 0.4628378450870514 0.011250000447034836 0.030405405908823013
