0 0.7281249761581421 0.5222222208976746 0.0234375 0.0555555559694767
0 0.7445312738418579 0.4729166626930237 0.010937499813735485 0.0347222238779068
0 0.5894531011581421 0.45277777314186096 0.01015624962747097 0.02500000037252903
0 0.696484386920929 0.4416666626930237 0.008593750186264515 0.02222222276031971
0 0.443359375 0.49791666865348816 0.01328125037252903 0.04583333432674408
0 0.801562488079071 0.46041667461395264 0.00937500037252903 0.02361111156642437
0 0.893750011920929 0.45347222685813904 0.0078125 0.02083333395421505
0 0.828125 0.43958333134651184 0.0078125 0.01805555634200573
0 0.965624988079071 0.4548611044883728 0.0078125 0.02083333395421505
0 0.9039062261581421 0.4416666626930237 0.0078125 0.01666666753590107
0 0.24726562201976776 0.4520833194255829 0.008593750186264515 0.0347222238779068
