0 0.19970703125 0.5719401240348816 0.046875 0.0748697891831398
0 0.903564453125 0.6363932490348816 0.07177734375 0.1022135391831398
0 0.67041015625 0.5107421875 0.033203125 0.0514322929084301
0 0.547119140625 0.4680989682674408 0.02001953125 0.03515625
0 0.444580078125 0.4527994692325592 0.01806640625 0.02799479104578495
0 0.3369140625 0.4436849057674408 0.01953125 0.02799479104578495
0 0.1494140625 0.4830729067325592 0.025390625 0.0377604179084301
0 0.15771484375 0.4453125 0.017578125 0.02473958395421505
0 0.05419921875 0.44921875 0.0166015625 0.02473958395421505
0 0.016845703125 0.4807942807674408 0.01708984375 0.037109375
0 0.242919921875 0.4407552182674408 0.01416015625 0.02734375
