0 0.25634765625 0.6197916865348816 0.0498046875 0.0924479141831398
0 0.4228515625 0.458984375 0.0146484375 0.03125
0 0.684326171875 0.4873046875 0.02294921875 0.0475260429084301
0 0.588134765625 0.427734375 0.01123046875 0.02213541604578495
0 0.868408203125 0.4466145932674408 0.01416015625 0.02734375
0 0.4521484375 0.4345703125 0.009765625 0.02278645895421505
0 0.4677734375 0.4231770932674408 0.0078125 0.01692708395421505
0 0.558349609375 0.4163411557674408 0.00537109375 0.009765625
0 0.5546875 0.4137369692325592 0.0048828125 0.008463541977107525
0 0.474853515625 0.4169921875 0.00537109375 0.009765625
0 0.4814453125 0.4127604067325592 0.0048828125 0.009114583022892475
0 0.600830078125 0.4189453125 0.00732421875 0.012369791977107525
0 0.54443359375 0.4085286557674408 0.0048828125 0.008463541977107525
