0 0.7749999761581421 0.864062488079071 0.08749999850988388 0.265625
0 0.08062499761581421 0.6640625 0.07625000178813934 0.18437500298023224
0 0.3293749988079071 0.4984374940395355 0.04125000163912773 0.12187500298023224
0 0.4156250059604645 0.3828125 0.01875000074505806 0.07187499850988388
0 0.6662499904632568 0.47343748807907104 0.029999999329447746 0.109375
0 0.5762500166893005 0.3359375 0.014999999664723873 0.05937499925494194
0 0.4293749928474426 0.33125001192092896 0.011250000447034836 0.05624999850988388
0 0.5131250023841858 0.30156248807907104 0.008750000037252903 0.04062499850988388
0 0.33250001072883606 0.3984375 0.02250000089406967 0.078125
0 0.45249998569488525 0.296875 0.009999999776482582 0.04374999925494194
0 0.38999998569488525 0.3375000059604645 0.02500000037252903 0.08124999701976776
0 0.5456249713897705 0.30937498807907104 0.008750000037252903 0.03750000149011612
0 0.35374999046325684 0.359375 0.014999999664723873 0.05624999850988388
0 0.4906249940395355 0.2750000059604645 0.011250000447034836 0.04374999925494194
