0 0.8581249713897705 0.596875011920929 0.061250001192092896 0.20624999701976776
0 0.6743749976158142 0.4609375 0.04374999925494194 0.15312500298023224
0 0.140625 0.5328124761581421 0.04125000163912773 0.15312500298023224
0 0.7018749713897705 0.5953124761581421 0.06624999642372131 0.11562500149011612
0 0.17000000178813934 0.503125011920929 0.05999999865889549 0.09375
0 0.25999999046325684 0.4296875 0.027499999850988388 0.11562500149011612
0 0.721875011920929 0.5140625238418579 0.04125000163912773 0.15312500298023224
0 0.5806249976158142 0.3453125059604645 0.021250000223517418 0.10312499850988388
0 0.3149999976158142 0.375 0.02250000089406967 0.10000000149011612
0 0.09062500298023224 0.6031249761581421 0.05624999850988388 0.16249999403953552
