0 0.6767578125 0.4798177182674408 0.0224609375 0.0377604179084301
0 0.297119140625 0.5729166865348816 0.04736328125 0.07421875
0 0.817138671875 0.5680338740348816 0.03369140625 0.0709635391831398
0 0.4130859375 0.470703125 0.013671875 0.0325520820915699
0 0.442138671875 0.4440104067325592 0.01318359375 0.02473958395421505
0 0.846923828125 0.4951171875 0.02294921875 0.0423177070915699
0 0.627197265625 0.44921875 0.01123046875 0.02473958395421505
0 0.726806640625 0.4544270932674408 0.01318359375 0.02473958395421505
0 0.67626953125 0.4365234375 0.009765625 0.017578125
0 0.600830078125 0.4339192807674408 0.00732421875 0.017578125
0 0.451171875 0.4319661557674408 0.0087890625 0.01627604104578495
0 0.457763671875 0.423828125 0.00634765625 0.01692708395421505
0 0.59130859375 0.4280599057674408 0.0078125 0.014973958022892475
0 0.64892578125 0.4290364682674408 0.0078125 0.015625
0 0.90380859375 0.4622395932674408 0.013671875 0.02473958395421505
0 0.73193359375 0.4293619692325592 0.0078125 0.013671875
0 0.61279296875 0.4261067807674408 0.0087890625 0.014973958022892475
0 0.79736328125 0.4368489682674408 0.0078125 0.014322916977107525
0 0.83837890625 0.4449869692325592 0.0107421875 0.017578125
0 0.56298828125 0.4189453125 0.005859375 0.011067708022892475
0 0.646240234375 0.421875 0.00537109375 0.010416666977107525
0 0.495361328125 0.4205729067325592 0.00732421875 0.01171875
