0 0.086181640625 0.6455078125 0.06689453125 0.091796875
0 0.279052734375 0.4534505307674408 0.01708984375 0.025390625
0 0.225341796875 0.5341796875 0.03466796875 0.056640625
0 0.618408203125 0.4856770932674408 0.02294921875 0.0403645820915699
0 0.24169921875 0.4404296875 0.0126953125 0.02018229104578495
0 0.56591796875 0.4514974057674408 0.0146484375 0.02669270895421505
0 0.46826171875 0.4322916567325592 0.0126953125 0.01953125
0 0.17822265625 0.4348958432674408 0.009765625 0.01692708395421505
0 0.031982421875 0.4544270932674408 0.01513671875 0.02734375
0 0.3515625 0.4228515625 0.009765625 0.01627604104578495
0 0.279541015625 0.419921875 0.00830078125 0.015625
0 0.11767578125 0.4228515625 0.0107421875 0.013671875
0 0.224365234375 0.4186197817325592 0.00830078125 0.014322916977107525
0 0.09130859375 0.4381510317325592 0.009765625 0.02083333395421505
