0 0.5 0.47187501192092896 0.03999999910593033 0.06875000149011612
0 0.4206250011920929 0.4765625 0.04374999925494194 0.07187499850988388
0 0.078125 0.8109375238418579 0.07625000178813934 0.24062499403953552
0 0.36500000953674316 0.4593749940395355 0.03750000149011612 0.07500000298023224
0 0.1743749976158142 0.546875 0.04374999925494194 0.125
0 0.21875 0.41093748807907104 0.02500000037252903 0.078125
0 0.22374999523162842 0.3734374940395355 0.017500000074505806 0.05937499925494194
0 0.07249999791383743 0.4156250059604645 0.02250000089406967 0.06875000149011612
0 0.10249999910593033 0.3734374940395355 0.017500000074505806 0.05312500149011612
0 0.5487499833106995 0.17656250298023224 0.017500000074505806 0.07187499850988388
0 0.5 0.28593748807907104 0.017500000074505806 0.05937499925494194
0 0.5093749761581421 0.3765625059604645 0.016249999403953552 0.06562499701976776
0 0.4699999988079071 0.36250001192092896 0.014999999664723873 0.05624999850988388
0 0.46875 0.2718749940395355 0.009999999776482582 0.04374999925494194
0 0.5231249928474426 0.27812498807907104 0.016249999403953552 0.0625
0 0.014375000260770321 0.4828124940395355 0.023749999701976776 0.08437500149011612
0 0.12062499672174454 0.3265624940395355 0.013749999925494194 0.03437500074505806
0 0.1525000035762787 0.31562501192092896 0.012500000186264515 0.03125
0 0.10750000178813934 0.3343749940395355 0.014999999664723873 0.03750000149011612
0 0.09187500178813934 0.35468751192092896 0.013749999925494194 0.04062499850988388
0 0.08500000089406967 0.3515625 0.012500000186264515 0.04062499850988388
0 0.40812501311302185 0.40312498807907104 0.023749999701976776 0.0625
0 0.2318750023841858 0.30937498807907104 0.008750000037252903 0.03125
0 0.46687498688697815 0.11406250298023224 0.011250000447034836 0.046875
0 0.22374999523162842 0.3375000059604645 0.012500000186264515 0.04374999925494194
0 0.21062499284744263 0.3531250059604645 0.011250000447034836 0.05000000074505806
0 0.793749988079071 0.35468751192092896 0.02250000089406967 0.109375
0 0.20000000298023224 0.3218750059604645 0.009999999776482582 0.03750000149011612
0 0.1706250011920929 0.30781251192092896 0.008750000037252903 0.02812499925494194
0 0.45750001072883606 0.34062498807907104 0.009999999776482582 0.04374999925494194
0 0.47749999165534973 0.04843749850988388 0.009999999776482582 0.05312500149011612
0 0.26124998927116394 0.3031249940395355 0.007499999832361937 0.02500000037252903
0 0.04749999940395355 0.3265624940395355 0.007499999832361937 0.02812499925494194
0 0.13500000536441803 0.30000001192092896 0.007499999832361937 0.01875000074505806
0 0.09187500178813934 0.30937498807907104 0.011250000447034836 0.03125
0 0.07062499970197678 0.3125 0.008750000037252903 0.02500000037252903
0 0.03999999910593033 0.3218750059604645 0.007499999832361937 0.02500000037252903
0 0.43562498688697815 0.26875001192092896 0.013749999925494194 0.05000000074505806
0 0.2887499928474426 0.2984375059604645 0.007499999832361937 0.02812499925494194
0 0.12999999523162842 0.30000001192092896 0.007499999832361937 0.01875000074505806
0 0.20999999344348907 0.30000001192092896 0.007499999832361937 0.02500000037252903
0 0.012500000186264515 0.33281248807907104 0.007499999832361937 0.02187499962747097
0 0.20624999701976776 0.32499998807907104 0.007499999832361937 0.03125
0 0.16625000536441803 0.296875 0.007499999832361937 0.02500000037252903
0 0.2162500023841858 0.2906250059604645 0.007499999832361937 0.02500000037252903
0 0.10499999672174454 0.3062500059604645 0.007499999832361937 0.01875000074505806
0 0.20374999940395355 0.29374998807907104 0.007499999832361937 0.01875000074505806
0 0.2381249964237213 0.2953124940395355 0.008750000037252903 0.02187499962747097
0 0.17687499523162842 0.2953124940395355 0.008750000037252903 0.02812499925494194
