0 0.6662499904632568 0.5453125238418579 0.042500000447034836 0.13437500596046448
0 0.6050000190734863 0.375 0.02250000089406967 0.06875000149011612
0 0.3306249976158142 0.5015624761581421 0.04125000163912773 0.12187500298023224
0 0.45500001311302185 0.35468751192092896 0.017500000074505806 0.05937499925494194
0 0.5056250095367432 0.30000001192092896 0.011250000447034836 0.04374999925494194
0 0.625 0.32343751192092896 0.014999999664723873 0.046875
0 0.9037500023841858 0.3187499940395355 0.019999999552965164 0.05624999850988388
0 0.7806249856948853 0.3046875 0.013749999925494194 0.046875
0 0.26374998688697815 0.3203125 0.014999999664723873 0.05312500149011612
0 0.684374988079071 0.3046875 0.011250000447034836 0.04062499850988388
0 0.07625000178813934 0.34843748807907104 0.019999999552965164 0.06562499701976776
0 0.390625 0.2750000059604645 0.013749999925494194 0.03750000149011612
0 0.5649999976158142 0.2828125059604645 0.012500000186264515 0.046875
0 0.6324999928474426 0.29218751192092896 0.012500000186264515 0.04062499850988388
0 0.8043749928474426 0.2906250059604645 0.016249999403953552 0.03750000149011612
