0 0.09375 0.699999988079071 0.03750000149011612 0.10555555671453476
0 0.8089843988418579 0.7326388955116272 0.04140625149011612 0.12361110746860504
0 0.708984375 0.5145833492279053 0.01640624925494194 0.0486111119389534
0 0.503125011920929 0.4784722328186035 0.010937499813735485 0.0347222238779068
0 0.37812501192092896 0.5208333134651184 0.01718750037252903 0.04722222313284874
0 0.73046875 0.47083333134651184 0.012500000186264515 0.03333333507180214
0 0.510937511920929 0.44236111640930176 0.0078125 0.02083333395421505
0 0.607421875 0.43263888359069824 0.007031249813735485 0.01805555634200573
0 0.5249999761581421 0.4541666805744171 0.00937500037252903 0.02777777798473835
0 0.67578125 0.4451389014720917 0.0078125 0.02361111156642437
0 0.3773437440395355 0.4298610985279083 0.0078125 0.015277777798473835
0 0.46796876192092896 0.43263888359069824 0.0078125 0.01805555634200573
