0 0.36445313692092896 0.5465278029441833 0.02734375 0.05416666716337204
0 0.690234363079071 0.49513888359069824 0.02265625074505806 0.05694444477558136
0 0.22187499701976776 0.6972222328186035 0.05624999850988388 0.12777778506278992
0 0.345703125 0.5243055820465088 0.01171875 0.04305555671453476
0 0.553906261920929 0.4826388955116272 0.010937499813735485 0.02638888917863369
0 0.4320312440395355 0.4868055582046509 0.0078125 0.02083333395421505
0 0.3011718690395355 0.5166666507720947 0.008593750186264515 0.02500000037252903
0 0.32421875 0.4965277910232544 0.0078125 0.02083333395421505
0 0.24921874701976776 0.5034722089767456 0.0078125 0.01805555634200573
0 0.23515625298023224 0.5166666507720947 0.0078125 0.02222222276031971
