0 0.41999998688697815 0.47343748807907104 0.03999999910593033 0.078125
0 0.17624999582767487 0.5453125238418579 0.042500000447034836 0.140625
0 0.078125 0.815625011920929 0.07374999672174454 0.23125000298023224
0 0.5012500286102295 0.47187501192092896 0.03999999910593033 0.07500000298023224
0 0.36500000953674316 0.4593749940395355 0.032499998807907104 0.07500000298023224
0 0.07312499731779099 0.41718751192092896 0.021250000223517418 0.06562499701976776
0 0.21875 0.4140625 0.02500000037252903 0.07187499850988388
0 0.5087500214576721 0.3734374940395355 0.014999999664723873 0.06562499701976776
0 0.4699999988079071 0.359375 0.014999999664723873 0.05624999850988388
0 0.5493749976158142 0.171875 0.016249999403953552 0.07500000298023224
0 0.5224999785423279 0.27812498807907104 0.014999999664723873 0.0625
0 0.4987500011920929 0.28437501192092896 0.017500000074505806 0.0625
0 0.4025000035762787 0.4000000059604645 0.02500000037252903 0.06875000149011612
0 0.4350000023841858 0.2640624940395355 0.009999999776482582 0.04062499850988388
0 0.46937501430511475 0.2718749940395355 0.008750000037252903 0.04374999925494194
0 0.10312499850988388 0.37187498807907104 0.01875000074505806 0.05000000074505806
0 0.22374999523162842 0.3343749940395355 0.009999999776482582 0.03750000149011612
0 0.015625 0.4859375059604645 0.026249999180436134 0.08437500149011612
0 0.22187499701976776 0.37812501192092896 0.016249999403953552 0.05624999850988388
0 0.12062499672174454 0.3265624940395355 0.011250000447034836 0.03437500074505806
0 0.20999999344348907 0.3531250059604645 0.012500000186264515 0.05000000074505806
0 0.2618750035762787 0.3031249940395355 0.008750000037252903 0.02500000037252903
0 0.15187500417232513 0.31562501192092896 0.011250000447034836 0.03125
0 0.17125000059604645 0.30937498807907104 0.007499999832361937 0.02500000037252903
0 0.20874999463558197 0.2984375059604645 0.007499999832361937 0.02812499925494194
0 0.23125000298023224 0.3062500059604645 0.007499999832361937 0.03125
0 0.23749999701976776 0.29374998807907104 0.007499999832361937 0.01875000074505806
0 0.7925000190734863 0.35468751192092896 0.027499999850988388 0.12187500298023224
0 0.10687500238418579 0.33281248807907104 0.011250000447034836 0.03437500074505806
0 0.28999999165534973 0.30156248807907104 0.007499999832361937 0.02187499962747097
0 0.09125000238418579 0.3531250059604645 0.009999999776482582 0.04374999925494194
0 0.046875 0.3265624940395355 0.008750000037252903 0.02812499925494194
0 0.45750001072883606 0.3421874940395355 0.009999999776482582 0.04062499850988388
