0 0.47929686307907104 0.45277777314186096 0.01171875 0.02777777798473835
0 0.33476561307907104 0.5263888835906982 0.02578124962747097 0.0555555559694767
0 0.602343738079071 0.48055556416511536 0.01718750037252903 0.04444444552063942
0 0.771484375 0.5555555820465088 0.03671874850988388 0.08611111342906952
0 0.23476561903953552 0.6625000238418579 0.05078125 0.1111111119389534
0 0.326171875 0.4888888895511627 0.008593750186264515 0.03055555559694767
0 0.22499999403953552 0.4645833373069763 0.0078125 0.02083333395421505
0 0.27851563692092896 0.46736112236976624 0.008593750186264515 0.02638888917863369
0 0.28984373807907104 0.44652777910232544 0.0078125 0.01805555634200573
0 0.3792968690395355 0.4444444477558136 0.008593750186264515 0.02222222276031971
0 0.21796874701976776 0.45277777314186096 0.0078125 0.01666666753590107
0 0.17031249403953552 0.46666666865348816 0.0078125 0.01944444514811039
0 0.13593749701976776 0.4694444537162781 0.0078125 0.01944444514811039
0 0.12343750149011612 0.46388888359069824 0.0078125 0.01666666753590107
0 0.7203124761581421 0.4229166805744171 0.0078125 0.015277777798473835
0 0.5367187261581421 0.4208333194255829 0.0078125 0.013888888992369175
0 0.484375 0.4194444417953491 0.0078125 0.013888888992369175
0 0.5882812738418579 0.42500001192092896 0.0078125 0.013888888992369175
0 0.6117187738418579 0.42222222685813904 0.0078125 0.013888888992369175
0 0.503125011920929 0.4243055582046509 0.0078125 0.015277777798473835
0 0.07109375298023224 0.48055556416511536 0.0078125 0.01944444514811039
