0 0.6731250286102295 0.5234375 0.061250001192092896 0.203125
0 0.4456250071525574 0.39531248807907104 0.04625000059604645 0.15937499701976776
0 0.7475000023841858 0.30781251192092896 0.03500000014901161 0.12187500298023224
0 0.5787500143051147 0.2515625059604645 0.029999999329447746 0.09687499701976776
0 0.8831250071525574 0.84375 0.10625000298023224 0.3062500059604645
0 0.8187500238418579 0.23906250298023224 0.027499999850988388 0.09687499701976776
0 0.15937499701976776 0.359375 0.04374999925494194 0.13750000298023224
0 0.7356250286102295 0.18281249701976776 0.023749999701976776 0.046875
0 0.6943749785423279 0.16093750298023224 0.013749999925494194 0.046875
0 0.07062499970197678 0.2718749940395355 0.023749999701976776 0.10000000149011612
0 0.5987499952316284 0.17812499403953552 0.014999999664723873 0.05000000074505806
0 0.29875001311302185 0.1875 0.014999999664723873 0.05624999850988388
0 0.3762499988079071 0.203125 0.017500000074505806 0.0625
0 0.4293749928474426 0.18593749403953552 0.013749999925494194 0.05312500149011612
0 0.3318749964237213 0.171875 0.011250000447034836 0.05000000074505806
0 0.8462499976158142 0.15937499701976776 0.012500000186264515 0.05000000074505806
0 0.1537500023841858 0.24375000596046448 0.02500000037252903 0.05624999850988388
0 0.17000000178813934 0.18281249701976776 0.012500000186264515 0.05312500149011612
0 0.12125000357627869 0.19374999403953552 0.014999999664723873 0.0625
0 0.96875 0.13437500596046448 0.012500000186264515 0.04374999925494194
0 0.8224999904632568 0.14374999701976776 0.009999999776482582 0.04374999925494194
0 0.5625 0.17031249403953552 0.014999999664723873 0.046875
0 0.014999999664723873 0.1953125 0.012500000186264515 0.05312500149011612
0 0.43937501311302185 0.16875000298023224 0.011250000447034836 0.05000000074505806
0 0.8106250166893005 0.1484375 0.016249999403953552 0.03437500074505806
