0 0.2373046875 0.5341796875 0.029296875 0.060546875
0 0.0869140625 0.6946614384651184 0.060546875 0.1145833358168602
0 0.699462890625 0.5045573115348816 0.02978515625 0.0546875
0 0.966064453125 0.7106119990348816 0.06787109375 0.126953125
0 0.1572265625 0.5 0.01953125 0.04296875
0 0.107421875 0.451171875 0.01171875 0.02213541604578495
0 0.54052734375 0.458984375 0.021484375 0.0325520820915699
0 0.248046875 0.4485677182674408 0.0126953125 0.02604166604578495
0 0.42041015625 0.4485677182674408 0.0146484375 0.02994791604578495
0 0.06005859375 0.4928385317325592 0.0205078125 0.03515625
0 0.76416015625 0.4342447817325592 0.013671875 0.0234375
0 0.717529296875 0.4147135317325592 0.01025390625 0.01822916604578495
0 0.8564453125 0.470703125 0.0234375 0.03515625
0 0.6748046875 0.3958333432674408 0.0048828125 0.01171875
0 0.00439453125 0.4544270932674408 0.0087890625 0.02083333395421505
0 0.91357421875 0.435546875 0.015625 0.02473958395421505
0 0.83154296875 0.4166666567325592 0.01171875 0.01953125
0 0.795654296875 0.4072265625 0.01025390625 0.01627604104578495
