0 0.75537109375 0.594482421875 0.0498046875 0.06884765625
0 0.851318359375 0.507568359375 0.02587890625 0.03466796875
0 0.507080078125 0.47119140625 0.01806640625 0.0263671875
0 0.22021484375 0.5185546875 0.0361328125 0.04296875
0 0.598388671875 0.46044921875 0.02001953125 0.0234375
0 0.776611328125 0.451904296875 0.01318359375 0.01513671875
0 0.663818359375 0.455810546875 0.01416015625 0.01904296875
0 0.9794921875 0.48291015625 0.01953125 0.0205078125
0 0.955810546875 0.45068359375 0.00927734375 0.009765625
0 0.843994140625 0.4501953125 0.01025390625 0.0126953125
0 0.917236328125 0.451416015625 0.00927734375 0.00927734375
