0 0.060624998062849045 0.5643750429153442 0.12124999612569809 0.14124998450279236
0 0.3375000059604645 0.5012499690055847 0.0650000125169754 0.08250002562999725
0 0.8556249737739563 0.5024999976158142 0.06624994426965714 0.08500003814697266
0 0.31812500953674316 0.4306250214576721 0.046250008046627045 0.06125001981854439
0 0.4112500250339508 0.4350000023841858 0.03750002384185791 0.05000000074505806
0 0.8225000500679016 0.41187500953674316 0.04250001907348633 0.058749984949827194
0 0.706250011920929 0.41999998688697815 0.04250001907348633 0.04249999672174454
0 0.6425000429153442 0.4025000035762787 0.027500009164214134 0.035000015050172806
0 0.518750011920929 0.3956250250339508 0.02500000037252903 0.033749986439943314
0 0.45500001311302185 0.3762499988079071 0.019999980926513672 0.027500009164214134
