0 0.27005210518836975 0.5744792222976685 0.0546875 0.06875000149011612
0 0.04010416939854622 0.6721354722976685 0.06875000149011612 0.09531249850988388
0 0.9671875238418579 0.6208333373069763 0.058333300054073334 0.08645830303430557
0 0.3333333432674408 0.49427086114883423 0.029166674241423607 0.04062499850988388
0 0.29895836114883423 0.4677083492279053 0.020833324640989304 0.03125
0 0.7684895992279053 0.4749999940395355 0.025520801544189453 0.038541652262210846
0 0.606249988079071 0.4375 0.017708349972963333 0.027083348482847214
0 0.2604166865348816 0.45338544249534607 0.015625 0.027604151517152786
0 0.17343750596046448 0.4372395873069763 0.012500000186264515 0.01718750037252903
0 0.4091145992279053 0.41223961114883423 0.011979198083281517 0.016145801171660423
0 0.897656261920929 0.4351562559604645 0.011979198083281517 0.018229151144623756
0 0.27005210518836975 0.4153645932674408 0.008854174986481667 0.01406249962747097
0 0.09921874850988388 0.43541669845581055 0.010937499813735485 0.015625
0 0.9859374761581421 0.4479166865348816 0.013541698455810547 0.017708349972963333
0 0.9408854246139526 0.4322916865348816 0.010937499813735485 0.015625
0 0.87109375 0.42239585518836975 0.009895801544189453 0.014583301730453968
