0 0.43603515625 0.48828125 0.025390625 0.037109375
0 0.527587890625 0.474609375 0.02490234375 0.0302734375
0 0.2783203125 0.530029296875 0.04296875 0.05322265625
0 0.65380859375 0.456787109375 0.013671875 0.01904296875
0 0.778564453125 0.44921875 0.01123046875 0.0126953125
0 0.90234375 0.4912109375 0.0205078125 0.0244140625
0 0.976318359375 0.59814453125 0.04443359375 0.0634765625
0 0.709716796875 0.451171875 0.01123046875 0.013671875
0 0.906494140625 0.470458984375 0.01318359375 0.01611328125
0 0.902587890625 0.453857421875 0.00830078125 0.01025390625
0 0.8896484375 0.44775390625 0.005859375 0.009765625
0 0.88134765625 0.444091796875 0.0048828125 0.00830078125
0 0.868408203125 0.435791015625 0.00537109375 0.00634765625
0 0.80078125 0.44677734375 0.0078125 0.0087890625
0 0.875 0.439453125 0.0078125 0.0068359375
