0 0.876220703125 0.60498046875 0.04931640625 0.0673828125
0 0.400390625 0.46923828125 0.017578125 0.0234375
0 0.21728515625 0.525390625 0.03125 0.0439453125
0 0.513916015625 0.447265625 0.01025390625 0.0166015625
0 0.66845703125 0.48388671875 0.01953125 0.03125
0 0.69287109375 0.45703125 0.013671875 0.01953125
0 0.2421875 0.449951171875 0.015625 0.02294921875
0 0.271728515625 0.454345703125 0.02587890625 0.01708984375
0 0.41259765625 0.431396484375 0.009765625 0.01318359375
0 0.607177734375 0.44091796875 0.00634765625 0.0107421875
0 0.455078125 0.426513671875 0.0068359375 0.01025390625
0 0.743408203125 0.45263671875 0.01025390625 0.013671875
0 0.863037109375 0.4541015625 0.00732421875 0.0087890625
0 0.799072265625 0.4521484375 0.00830078125 0.0107421875
0 0.736328125 0.44287109375 0.005859375 0.0087890625
0 0.682373046875 0.44140625 0.00634765625 0.0107421875
0 0.875732421875 0.453125 0.00634765625 0.0087890625
0 0.819091796875 0.443603515625 0.00634765625 0.00732421875
0 0.881103515625 0.450927734375 0.00537109375 0.00830078125
0 0.765625 0.443115234375 0.0048828125 0.00732421875
0 0.783203125 0.439208984375 0.0048828125 0.00732421875
0 0.435546875 0.4248046875 0.0048828125 0.0078125
0 0.70263671875 0.43310546875 0.0048828125 0.005859375
0 0.6455078125 0.430419921875 0.0048828125 0.00537109375
0 0.65625 0.427734375 0.0048828125 0.0048828125
0 0.67822265625 0.430419921875 0.0048828125 0.00634765625
0 0.623046875 0.427978515625 0.0048828125 0.00537109375
0 0.6904296875 0.43408203125 0.0048828125 0.0048828125
0 0.619140625 0.426513671875 0.0048828125 0.00537109375
0 0.4677734375 0.42578125 0.0048828125 0.005859375
0 0.73876953125 0.438720703125 0.0048828125 0.00732421875
0 0.71240234375 0.4306640625 0.0048828125 0.0048828125
0 0.7451171875 0.4365234375 0.0048828125 0.0068359375
0 0.4462890625 0.42431640625 0.0048828125 0.0078125
0 0.767822265625 0.44091796875 0.00537109375 0.0078125
