0 0.15283203125 0.61279296875 0.0703125 0.078125
0 0.85546875 0.543701171875 0.0419921875 0.05126953125
0 0.76171875 0.489990234375 0.0244140625 0.03173828125
0 0.40380859375 0.519775390625 0.0380859375 0.04443359375
0 0.503173828125 0.467041015625 0.01904296875 0.02392578125
0 0.535888671875 0.4501953125 0.01123046875 0.0166015625
0 0.505126953125 0.445068359375 0.01025390625 0.01416015625
0 0.558837890625 0.4375 0.00830078125 0.0126953125
0 0.6943359375 0.450439453125 0.013671875 0.01806640625
0 0.674072265625 0.4384765625 0.00830078125 0.01171875
0 0.5693359375 0.432373046875 0.0068359375 0.00927734375
0 0.459228515625 0.434814453125 0.00830078125 0.00927734375
0 0.52001953125 0.427978515625 0.005859375 0.01025390625
0 0.579345703125 0.425537109375 0.00634765625 0.00732421875
0 0.34716796875 0.44677734375 0.0107421875 0.013671875
0 0.151123046875 0.466064453125 0.01416015625 0.01708984375
0 0.32373046875 0.44091796875 0.0078125 0.0107421875
0 0.212158203125 0.43505859375 0.00732421875 0.0078125
0 0.043701171875 0.451171875 0.01025390625 0.01171875
0 0.145263671875 0.447265625 0.00830078125 0.0107421875
0 0.301513671875 0.428955078125 0.00634765625 0.00732421875
0 0.38916015625 0.425048828125 0.005859375 0.00732421875
0 0.655029296875 0.4267578125 0.00537109375 0.0078125
0 0.59130859375 0.41796875 0.0048828125 0.005859375
0 0.340576171875 0.419921875 0.00537109375 0.0048828125
0 0.328125 0.438720703125 0.005859375 0.00830078125
