0 0.684814453125 0.49853515625 0.02978515625 0.03515625
0 0.31787109375 0.527099609375 0.037109375 0.04736328125
0 0.41796875 0.464111328125 0.0166015625 0.02392578125
0 0.87890625 0.47802734375 0.0205078125 0.02734375
0 0.618408203125 0.464599609375 0.01708984375 0.02294921875
0 0.447265625 0.446533203125 0.0107421875 0.01513671875
0 0.584716796875 0.445556640625 0.01123046875 0.01513671875
0 0.57080078125 0.4384765625 0.009765625 0.0126953125
0 0.810546875 0.453125 0.01171875 0.0146484375
0 0.6396484375 0.451171875 0.0107421875 0.015625
0 0.48974609375 0.427734375 0.0048828125 0.0078125
0 0.465087890625 0.435546875 0.00634765625 0.009765625
0 0.46923828125 0.432861328125 0.0048828125 0.00830078125
0 0.5185546875 0.425537109375 0.0048828125 0.00732421875
0 0.557861328125 0.43212890625 0.00634765625 0.0087890625
0 0.621826171875 0.425048828125 0.00537109375 0.00732421875
0 0.76953125 0.437744140625 0.0068359375 0.01025390625
0 0.69384765625 0.42529296875 0.0048828125 0.0078125
0 0.56201171875 0.427978515625 0.005859375 0.01025390625
0 0.5478515625 0.424072265625 0.0048828125 0.00732421875
0 0.7587890625 0.42724609375 0.005859375 0.0087890625
0 0.67431640625 0.42236328125 0.0048828125 0.0068359375
0 0.63037109375 0.421875 0.0048828125 0.0068359375
0 0.587158203125 0.423095703125 0.00537109375 0.00732421875
0 0.831298828125 0.431640625 0.00732421875 0.0087890625
0 0.90380859375 0.436767578125 0.0068359375 0.01025390625
0 0.936279296875 0.43408203125 0.00732421875 0.009765625
