0 0.700927734375 0.525634765625 0.03662109375 0.04736328125
0 0.699462890625 0.46728515625 0.01708984375 0.0234375
0 0.14013671875 0.460205078125 0.0166015625 0.03271484375
0 0.180419921875 0.4638671875 0.03173828125 0.0205078125
0 0.3046875 0.494873046875 0.0263671875 0.03271484375
0 0.374267578125 0.43212890625 0.00927734375 0.0166015625
0 0.748291015625 0.45556640625 0.01220703125 0.015625
0 0.4794921875 0.453857421875 0.01171875 0.01708984375
0 0.8154296875 0.455078125 0.0087890625 0.013671875
0 0.59521484375 0.442138671875 0.0078125 0.01318359375
0 0.681884765625 0.44140625 0.00634765625 0.0107421875
0 0.747314453125 0.44384765625 0.00830078125 0.0107421875
0 0.769287109375 0.44091796875 0.00634765625 0.0107421875
0 0.428466796875 0.42529296875 0.00634765625 0.0126953125
0 0.8740234375 0.453857421875 0.0068359375 0.01123046875
0 0.889892578125 0.452392578125 0.00537109375 0.01025390625
0 0.8603515625 0.446533203125 0.0048828125 0.00732421875
0 0.81982421875 0.441650390625 0.0048828125 0.00732421875
0 0.41064453125 0.423828125 0.0048828125 0.0078125
0 0.421875 0.423095703125 0.0048828125 0.00830078125
0 0.779296875 0.43798828125 0.0048828125 0.005859375
0 0.73583984375 0.43701171875 0.0048828125 0.0068359375
0 0.740234375 0.4345703125 0.0048828125 0.0068359375
0 0.68310546875 0.4326171875 0.0048828125 0.0068359375
0 0.632568359375 0.427734375 0.00634765625 0.0078125
0 0.6923828125 0.4306640625 0.0048828125 0.005859375
0 0.666259765625 0.427978515625 0.00537109375 0.00634765625
0 0.68115234375 0.427978515625 0.0048828125 0.00634765625
0 0.70361328125 0.427734375 0.0048828125 0.005859375
0 0.68896484375 0.42626953125 0.0048828125 0.0048828125
