0 0.2685546875 0.525390625 0.0322265625 0.041015625
0 0.39599609375 0.46435546875 0.0146484375 0.0185546875
0 0.705810546875 0.517822265625 0.03271484375 0.04150390625
0 0.57177734375 0.461181640625 0.01171875 0.01806640625
0 0.56005859375 0.451416015625 0.0107421875 0.02197265625
0 0.40869140625 0.4521484375 0.01171875 0.0234375
0 0.541015625 0.4453125 0.0078125 0.01171875
0 0.530517578125 0.440673828125 0.00634765625 0.00927734375
0 0.553955078125 0.448486328125 0.01025390625 0.02197265625
0 0.41357421875 0.449462890625 0.009765625 0.02197265625
0 0.4248046875 0.447998046875 0.0078125 0.01123046875
0 0.430908203125 0.442138671875 0.00537109375 0.00927734375
0 0.52783203125 0.432373046875 0.0048828125 0.00537109375
0 0.44140625 0.4375 0.0048828125 0.0078125
0 0.45751953125 0.43408203125 0.0048828125 0.0068359375
0 0.514404296875 0.43505859375 0.00537109375 0.0068359375
0 0.50390625 0.4287109375 0.0048828125 0.0048828125
0 0.49658203125 0.427734375 0.0048828125 0.0048828125
0 0.47021484375 0.431640625 0.0048828125 0.0048828125
