0 0.28632813692092896 0.509765625 0.01796874962747097 0.02578124962747097
0 0.14374999701976776 0.71484375 0.08749999850988388 0.13124999403953552
0 0.5816406011581421 0.505859375 0.02109375037252903 0.02890625037252903
0 0.4867187440395355 0.48906248807907104 0.010937499813735485 0.01718750037252903
0 0.24687500298023224 0.541796863079071 0.02656250074505806 0.04453124850988388
0 0.512499988079071 0.4964843690395355 0.012500000186264515 0.01953125
0 0.4375 0.4808593690395355 0.0078125 0.008593750186264515
0 0.3226562440395355 0.49531251192092896 0.010937499813735485 0.015625
0 0.547656238079071 0.47578126192092896 0.0078125 0.0078125
0 0.5335937738418579 0.46757811307907104 0.0078125 0.008593750186264515
