0 0.18242187798023224 0.650390625 0.05546874925494194 0.07421875
0 0.6957031488418579 0.5101562738418579 0.01953125 0.02812499925494194
0 0.680468738079071 0.478515625 0.00937500037252903 0.01640624925494194
0 0.451171875 0.505859375 0.01640624925494194 0.02265625074505806
0 0.5484374761581421 0.47773438692092896 0.01406249962747097 0.01796874962747097
0 0.590624988079071 0.46367186307907104 0.00937500037252903 0.01640624925494194
0 0.6875 0.4625000059604645 0.0078125 0.010937499813735485
0 0.701171875 0.4546875059604645 0.007031249813735485 0.0078125
0 0.9312499761581421 0.4593749940395355 0.00937500037252903 0.015625
0 0.714062511920929 0.45390623807907104 0.0078125 0.0078125
0 0.632031261920929 0.45429688692092896 0.0078125 0.008593750186264515
0 0.737500011920929 0.44999998807907104 0.0078125 0.0078125
