0 0.14179687201976776 0.660937488079071 0.05546874925494194 0.0703125
0 0.964062511920929 0.5980468988418579 0.03750000149011612 0.06953124701976776
0 0.6656249761581421 0.49882811307907104 0.01718750037252903 0.02578124962747097
0 0.594531238079071 0.47773438692092896 0.010937499813735485 0.01796874962747097
0 0.30195313692092896 0.521484375 0.01640624925494194 0.02421874925494194
0 0.4925781190395355 0.45195311307907104 0.007031249813735485 0.01171875
0 0.34765625 0.48828125 0.0078125 0.01406249962747097
0 0.555859386920929 0.4691406190395355 0.008593750186264515 0.01171875
0 0.571093738079071 0.4546875059604645 0.0078125 0.010937499813735485
0 0.36015623807907104 0.47539061307907104 0.0078125 0.01171875
0 0.4710937440395355 0.45390623807907104 0.0078125 0.012500000186264515
0 0.44999998807907104 0.45781248807907104 0.0078125 0.0078125
0 0.3539062440395355 0.46015626192092896 0.0078125 0.012500000186264515
0 0.5570312738418579 0.4605468809604645 0.0078125 0.01015624962747097
0 0.3765625059604645 0.4632812440395355 0.0078125 0.0078125
