0 0.2562499940395355 0.6343749761581421 0.08499999344348907 0.11374998092651367
0 0.9087499380111694 0.6018750071525574 0.09749994426965714 0.10374999046325684
0 0.9475000500679016 0.49562501907348633 0.05749998241662979 0.04374999925494194
0 0.31312498450279236 0.5037500262260437 0.04874999448657036 0.05750002712011337
0 0.6781250238418579 0.453125 0.028749991208314896 0.03625001758337021
0 0.38499999046325684 0.43937501311302185 0.027499984949827194 0.033750008791685104
0 0.45500001311302185 0.41874998807907104 0.015000009909272194 0.022499989718198776
0 0.5831249952316284 0.42624998092651367 0.016249990090727806 0.022499989718198776
0 0.7549999952316284 0.4256249964237213 0.022499989718198776 0.01875000074505806
0 0.08749999850988388 0.46687501668930054 0.029999995604157448 0.01875000074505806
0 0.5818750262260437 0.40812501311302185 0.011249971576035023 0.01875002309679985
0 0.5487500429153442 0.3993750214576721 0.007499980740249157 0.016250014305114746
