0 0.245361328125 0.5625 0.04638671875 0.0576171875
0 0.198486328125 0.5166015625 0.03173828125 0.0419921875
0 0.4970703125 0.476318359375 0.0234375 0.02880859375
0 0.779541015625 0.51611328125 0.03662109375 0.0458984375
0 0.357421875 0.459228515625 0.013671875 0.01904296875
0 0.15625 0.48046875 0.013671875 0.0205078125
0 0.2470703125 0.448486328125 0.0087890625 0.01318359375
0 0.291748046875 0.452880859375 0.01123046875 0.01513671875
0 0.14794921875 0.466552734375 0.009765625 0.01611328125
0 0.142578125 0.459716796875 0.0078125 0.01220703125
0 0.225341796875 0.445556640625 0.00732421875 0.01123046875
0 0.134521484375 0.453857421875 0.00537109375 0.00927734375
0 0.20458984375 0.443359375 0.005859375 0.0087890625
0 0.18310546875 0.44189453125 0.0048828125 0.0078125
0 0.1923828125 0.44189453125 0.005859375 0.0078125
0 0.17724609375 0.440673828125 0.0048828125 0.00634765625
