0 0.43798828125 0.47216796875 0.015625 0.0205078125
0 0.707275390625 0.47509765625 0.01806640625 0.025390625
0 0.90625 0.538330078125 0.0322265625 0.04541015625
0 0.396240234375 0.50927734375 0.03076171875 0.0390625
0 0.651123046875 0.4599609375 0.01318359375 0.017578125
0 0.50048828125 0.456298828125 0.009765625 0.01513671875
0 0.6083984375 0.447509765625 0.0087890625 0.01318359375
0 0.572998046875 0.439453125 0.00634765625 0.0087890625
0 0.53515625 0.430419921875 0.0048828125 0.00732421875
0 0.552001953125 0.4345703125 0.00537109375 0.009765625
0 0.52001953125 0.4267578125 0.0048828125 0.0068359375
0 0.47314453125 0.434814453125 0.0048828125 0.00927734375
0 0.501953125 0.446533203125 0.0107421875 0.01416015625
0 0.482421875 0.4384765625 0.0078125 0.0107421875
