0 0.0751953125 0.62158203125 0.0654296875 0.0751953125
0 0.261474609375 0.508056640625 0.02587890625 0.03564453125
0 0.1845703125 0.4873046875 0.01953125 0.025390625
0 0.802978515625 0.4990234375 0.02392578125 0.033203125
0 0.65478515625 0.46875 0.0166015625 0.0234375
0 0.28759765625 0.45361328125 0.009765625 0.0146484375
0 0.491455078125 0.455810546875 0.01416015625 0.01904296875
0 0.3896484375 0.44921875 0.0107421875 0.015625
0 0.057373046875 0.479736328125 0.01611328125 0.02099609375
0 0.181396484375 0.4560546875 0.01123046875 0.0146484375
0 0.144287109375 0.45361328125 0.01025390625 0.01171875
0 0.212158203125 0.444091796875 0.00927734375 0.01025390625
0 0.269287109375 0.436279296875 0.00830078125 0.01025390625
0 0.363037109375 0.428955078125 0.00634765625 0.00830078125
0 0.4501953125 0.42431640625 0.0048828125 0.0078125
0 0.15771484375 0.443603515625 0.0078125 0.00927734375
0 0.0107421875 0.458740234375 0.0107421875 0.01220703125
0 0.067626953125 0.451904296875 0.00830078125 0.01123046875
0 0.251708984375 0.433837890625 0.00634765625 0.00732421875
0 0.3583984375 0.42626953125 0.0048828125 0.005859375
0 0.6767578125 0.413818359375 0.0048828125 0.00830078125
0 0.64990234375 0.413330078125 0.0048828125 0.00830078125
0 0.64111328125 0.413330078125 0.0048828125 0.00830078125
