0 0.2462500035762787 0.6431249976158142 0.10999999940395355 0.10124997794628143
0 0.7806249856948853 0.5206249952316284 0.06624998897314072 0.07125000655651093
0 0.6475000381469727 0.42875003814697266 0.022499989718198776 0.029999971389770508
0 0.4937500059604645 0.39375001192092896 0.009999990463256836 0.012500000186264515
0 0.17125001549720764 0.484375 0.04750000312924385 0.053749989718198776
0 0.36937499046325684 0.4318750500679016 0.021249985322356224 0.028749991208314896
0 0.5718749761581421 0.40812501311302185 0.013749981299042702 0.01875002309679985
0 0.44312500953674316 0.3993750214576721 0.008749961853027344 0.013750004582107067
0 0.550000011920929 0.39249998331069946 0.007499980740249157 0.012500000186264515
0 0.45875000953674316 0.38625001907348633 0.007499980740249157 0.007500004954636097
