0 0.8369140625 0.61865234375 0.064453125 0.0791015625
0 0.657958984375 0.4912109375 0.02490234375 0.0322265625
0 0.047607421875 0.5224609375 0.03857421875 0.0400390625
0 0.427490234375 0.45654296875 0.01513671875 0.025390625
0 0.379638671875 0.477783203125 0.02001953125 0.02783203125
0 0.60302734375 0.455078125 0.015625 0.0224609375
0 0.40185546875 0.443359375 0.0126953125 0.015625
0 0.472412109375 0.43310546875 0.00830078125 0.0107421875
0 0.576904296875 0.44091796875 0.00830078125 0.01171875
0 0.56787109375 0.434326171875 0.0068359375 0.00927734375
0 0.560791015625 0.430908203125 0.00634765625 0.01025390625
0 0.1171875 0.4521484375 0.0166015625 0.0166015625
0 0.32470703125 0.4248046875 0.0048828125 0.0068359375
0 0.1689453125 0.435791015625 0.01171875 0.01318359375
0 0.4912109375 0.427734375 0.0048828125 0.0068359375
0 0.42138671875 0.42578125 0.0048828125 0.005859375
0 0.3701171875 0.427001953125 0.0068359375 0.00732421875
0 0.02197265625 0.4423828125 0.0107421875 0.01171875
0 0.233642578125 0.426025390625 0.00537109375 0.00732421875
