0 0.7324999570846558 0.5756250619888306 0.1224999874830246 0.13875003159046173
0 0.5637499690055847 0.49125003814697266 0.08499999344348907 0.10499997437000275
0 0.4362500309944153 0.42500001192092896 0.04499997943639755 0.06999997794628143
0 0.49125003814697266 0.40687504410743713 0.047499991953372955 0.06375002861022949
0 0.5649999976158142 0.38187500834465027 0.03750000149011612 0.05125002935528755
0 0.24000000953674316 0.35624998807907104 0.0325000062584877 0.04249999672174454
0 0.3187499940395355 0.3525000214576721 0.0325000062584877 0.040000010281801224
0 0.17374999821186066 0.3618749976158142 0.030000006780028343 0.041249990463256836
0 0.41062498092651367 0.3425000011920929 0.023749995976686478 0.03750000149011612
0 0.02187499962747097 0.37187498807907104 0.03125 0.04874999448657036
0 0.5181249976158142 0.34812501072883606 0.02375001832842827 0.03625001758337021
0 0.29875001311302185 0.3412500023841858 0.022500013932585716 0.035000015050172806
0 0.5824999809265137 0.3725000023841858 0.029999971389770508 0.04500000551342964
0 0.5556250214576721 0.35624998807907104 0.01875000074505806 0.0325000062584877
