0 0.103759765625 0.44580078125 0.00927734375 0.01171875
0 0.135498046875 0.453125 0.00927734375 0.013671875
0 0.174560546875 0.43798828125 0.00732421875 0.01171875
0 0.263671875 0.431396484375 0.0048828125 0.00830078125
0 0.287109375 0.4296875 0.0048828125 0.0068359375
0 0.22998046875 0.433349609375 0.0048828125 0.00830078125
0 0.012451171875 0.45556640625 0.01123046875 0.0126953125
0 0.293212890625 0.433349609375 0.00537109375 0.00634765625
0 0.201904296875 0.444091796875 0.00927734375 0.01025390625
0 0.2470703125 0.436767578125 0.005859375 0.00927734375
0 0.318603515625 0.431396484375 0.00537109375 0.00732421875
0 0.310302734375 0.4287109375 0.00537109375 0.0068359375
0 0.0068359375 0.47119140625 0.0126953125 0.0185546875
