0 0.23359374701976776 0.630859375 0.05000000074505806 0.07578124850988388
0 0.684374988079071 0.4828124940395355 0.01875000074505806 0.02812499925494194
0 0.936328113079071 0.5796874761581421 0.03828125074505806 0.0625
0 0.32109373807907104 0.52734375 0.02031249925494194 0.02968749962747097
0 0.7964843511581421 0.45039063692092896 0.014843749813735485 0.02265625074505806
0 0.443359375 0.47382813692092896 0.01328125037252903 0.02265625074505806
0 0.590624988079071 0.44921875 0.010937499813735485 0.015625
0 0.740234375 0.4585937559604645 0.01328125037252903 0.02031249925494194
0 0.714062511920929 0.439453125 0.0078125 0.01015624962747097
0 0.895312488079071 0.44999998807907104 0.010937499813735485 0.01406249962747097
0 0.09687499701976776 0.4820312559604645 0.0078125 0.00937500037252903
0 0.832812488079071 0.43867188692092896 0.0078125 0.01015624962747097
0 0.02734375 0.500781238079071 0.0078125 0.010937499813735485
