0 0.287109375 0.40625 0.01796874962747097 0.02812499925494194
0 0.3515625 0.44921875 0.03125 0.04531250149011612
0 0.427734375 0.42070311307907104 0.02265625074505806 0.03203124925494194
0 0.823046863079071 0.548046886920929 0.03984374925494194 0.05546874925494194
0 0.10390625149011612 0.3929687440395355 0.01875000074505806 0.02968749962747097
0 0.3394531309604645 0.3773437440395355 0.01171875 0.01718750037252903
0 0.44062501192092896 0.38749998807907104 0.010937499813735485 0.015625
0 0.02656250074505806 0.3804687559604645 0.015625 0.0234375
0 0.203125 0.3648437559604645 0.010937499813735485 0.015625
0 0.510937511920929 0.3941406309604645 0.00937500037252903 0.01171875
0 0.543749988079071 0.3890624940395355 0.0078125 0.00937500037252903
0 0.694531261920929 0.44414061307907104 0.012500000186264515 0.01953125
0 0.669921875 0.42695313692092896 0.01015624962747097 0.014843749813735485
0 0.6890624761581421 0.412109375 0.0078125 0.008593750186264515
0 0.6625000238418579 0.4097656309604645 0.0078125 0.008593750186264515
