0 0.3765625059604645 0.522656261920929 0.01406249962747097 0.0234375
0 0.46171873807907104 0.508984386920929 0.00937500037252903 0.014843749813735485
0 0.4429687559604645 0.504687488079071 0.0078125 0.010937499813735485
0 0.07421875 0.6167968511581421 0.04374999925494194 0.07109375298023224
0 0.6234375238418579 0.5074218511581421 0.00937500037252903 0.014843749813735485
0 0.49609375 0.498046875 0.0078125 0.01015624962747097
0 0.578906238079071 0.49921876192092896 0.0078125 0.010937499813735485
0 0.6773437261581421 0.4976562559604645 0.0078125 0.010937499813735485
0 0.70703125 0.4921875 0.0078125 0.00937500037252903
0 0.5703125 0.49921876192092896 0.0078125 0.00937500037252903
0 0.5796874761581421 0.49140626192092896 0.0078125 0.0078125
0 0.794140636920929 0.5785156488418579 0.03828125074505806 0.07734374701976776
