0 0.8550000190734863 0.6031249761581421 0.11500000953674316 0.14625000953674316
0 0.9075000882148743 0.47562503814697266 0.06500005722045898 0.08875002712011337
0 0.8112500309944153 0.4362500309944153 0.052500009536743164 0.07249999046325684
0 0.5756250619888306 0.42250004410743713 0.041249990463256836 0.0650000125169754
0 0.7068750262260437 0.39375001192092896 0.041249990463256836 0.052500031888484955
0 0.15125000476837158 0.421875 0.04500000551342964 0.06374998390674591
0 0.039374999701976776 0.46562498807907104 0.05874999612569809 0.08124999701976776
0 0.9706250429153442 0.5225000381469727 0.05624999850988388 0.11500000953674316
0 0.565625011920929 0.3556250035762787 0.03125 0.041249990463256836
0 0.27687501907348633 0.3656249940395355 0.033749986439943314 0.04374999925494194
0 0.19437499344348907 0.3812499940395355 0.03374999761581421 0.047500014305114746
0 0.5512499809265137 0.34437501430511475 0.020000029355287552 0.03125
0 0.5024999976158142 0.3243750035762787 0.0175000187009573 0.026250004768371582
0 0.5443750619888306 0.3306249976158142 0.021250009536743164 0.028749991208314896
0 0.7012499570846558 0.36500000953674316 0.03499998897314072 0.047499991953372955
0 0.3050000071525574 0.35500001907348633 0.02500000037252903 0.035000015050172806
0 0.6543749570846558 0.31187501549720764 0.021250009536743164 0.023749995976686478
0 0.47437500953674316 0.32625001668930054 0.016250038519501686 0.02500000037252903
0 0.44999998807907104 0.32874998450279236 0.0175000187009573 0.027499984949827194
0 0.3149999976158142 0.34187501668930054 0.01749999448657036 0.03125
0 0.3525000214576721 0.30687499046325684 0.012500000186264515 0.013750004582107067
