0 0.31328123807907104 0.5062500238418579 0.01406249962747097 0.0234375
0 0.6519531011581421 0.5035156011581421 0.01953125 0.03203124925494194
0 0.30156248807907104 0.5660156011581421 0.02812499925494194 0.04609375074505806
0 0.49296873807907104 0.4769531190395355 0.012500000186264515 0.02109375037252903
0 0.4722656309604645 0.47343748807907104 0.008593750186264515 0.01718750037252903
0 0.48164063692092896 0.46367186307907104 0.008593750186264515 0.01328125037252903
0 0.35664063692092896 0.46406251192092896 0.008593750186264515 0.01406249962747097
0 0.3277343809604645 0.4664062559604645 0.01015624962747097 0.01875000074505806
0 0.47773438692092896 0.46796876192092896 0.008593750186264515 0.01406249962747097
0 0.34687501192092896 0.46562498807907104 0.00937500037252903 0.01406249962747097
0 0.29374998807907104 0.4742187559604645 0.0078125 0.0078125
0 0.2734375 0.4765625 0.0078125 0.0078125
