0 0.10273437201976776 0.6328125 0.05546874925494194 0.078125
0 0.15742187201976776 0.567187488079071 0.07890625298023224 0.1640625
0 0.2640624940395355 0.598828136920929 0.05156249925494194 0.06796874850988388
0 0.3843750059604645 0.5132812261581421 0.01718750037252903 0.02656250074505806
0 0.6078125238418579 0.505078136920929 0.015625 0.02734375
0 0.4195312559604645 0.48945313692092896 0.00937500037252903 0.014843749813735485
0 0.5472656488418579 0.48320311307907104 0.01015624962747097 0.01328125037252903
0 0.3871093690395355 0.4749999940395355 0.01015624962747097 0.02031249925494194
0 0.04335937649011612 0.561328113079071 0.07578124850988388 0.14296874403953552
0 0.3597656190395355 0.47539061307907104 0.01171875 0.02265625074505806
