0 0.20078125596046448 0.48164063692092896 0.03593749925494194 0.05703125149011612
0 0.645703136920929 0.4390625059604645 0.01640624925494194 0.02500000037252903
0 0.3656249940395355 0.40937501192092896 0.010937499813735485 0.01718750037252903
0 0.649609386920929 0.4242187440395355 0.01328125037252903 0.01875000074505806
0 0.45234376192092896 0.3949218690395355 0.0078125 0.01171875
0 0.6695312261581421 0.41718751192092896 0.015625 0.01875000074505806
0 0.7124999761581421 0.41718751192092896 0.010937499813735485 0.015625
0 0.7203124761581421 0.40234375 0.0078125 0.00937500037252903
0 0.809374988079071 0.42695313692092896 0.0078125 0.008593750186264515
0 0.70703125 0.4039062559604645 0.0078125 0.0078125
0 0.5425781011581421 0.39570313692092896 0.008593750186264515 0.01015624962747097
0 0.6351562738418579 0.39960938692092896 0.0078125 0.008593750186264515
0 0.982421875 0.649609386920929 0.03203124925494194 0.07109375298023224
