0 0.14306640625 0.547119140625 0.0390625 0.05419921875
0 0.771728515625 0.629638671875 0.05712890625 0.08349609375
0 0.532958984375 0.470458984375 0.01904296875 0.02392578125
0 0.33740234375 0.453369140625 0.0107421875 0.01611328125
0 0.27490234375 0.482177734375 0.0224609375 0.03076171875
0 0.496337890625 0.44873046875 0.01123046875 0.0166015625
0 0.476318359375 0.4365234375 0.00830078125 0.01171875
0 0.242919921875 0.47119140625 0.01611328125 0.0224609375
0 0.359375 0.4423828125 0.009765625 0.0146484375
0 0.37890625 0.431884765625 0.0068359375 0.00927734375
0 0.2060546875 0.452392578125 0.01171875 0.01513671875
0 0.301513671875 0.4384765625 0.00927734375 0.01171875
0 0.367431640625 0.42529296875 0.00537109375 0.0068359375
0 0.4697265625 0.430908203125 0.0068359375 0.00927734375
0 0.3876953125 0.42919921875 0.005859375 0.0087890625
0 0.230712890625 0.430908203125 0.00634765625 0.00927734375
0 0.46337890625 0.42578125 0.0048828125 0.0078125
0 0.142578125 0.428955078125 0.0068359375 0.00927734375
0 0.4560546875 0.422607421875 0.0048828125 0.00732421875
0 0.135009765625 0.43798828125 0.00830078125 0.009765625
0 0.1171875 0.42724609375 0.005859375 0.0068359375
0 0.102783203125 0.433349609375 0.00830078125 0.00927734375
0 0.4541015625 0.42138671875 0.0048828125 0.0068359375
0 0.1865234375 0.422607421875 0.0048828125 0.00537109375
0 0.203125 0.42333984375 0.0048828125 0.0048828125
0 0.220458984375 0.42529296875 0.00537109375 0.0068359375
0 0.398681640625 0.422119140625 0.00537109375 0.00634765625
