0 0.607421875 0.4156250059604645 0.01640624925494194 0.01875000074505806
0 0.337890625 0.45585936307907104 0.03515625 0.03984374925494194
0 0.75390625 0.4546875059604645 0.0234375 0.03125
0 0.35234373807907104 0.421875 0.0234375 0.02656250074505806
0 0.3082031309604645 0.39726561307907104 0.014843749813735485 0.01796874962747097
0 0.470703125 0.392578125 0.01015624962747097 0.014843749813735485
0 0.423828125 0.3832031190395355 0.007031249813735485 0.01328125037252903
0 0.28437501192092896 0.38593751192092896 0.0078125 0.01406249962747097
0 0.40156251192092896 0.3785156309604645 0.0078125 0.01015624962747097
0 0.2699218690395355 0.3792968690395355 0.007031249813735485 0.008593750186264515
