0 0.41357421875 0.448974609375 0.013671875 0.01904296875
0 0.284912109375 0.572265625 0.04638671875 0.0625
0 0.61328125 0.45556640625 0.0146484375 0.021484375
0 0.39990234375 0.47900390625 0.021484375 0.0283203125
0 0.560791015625 0.437744140625 0.00927734375 0.01220703125
0 0.47119140625 0.42626953125 0.005859375 0.0087890625
0 0.4345703125 0.43798828125 0.0107421875 0.0146484375
0 0.458251953125 0.430419921875 0.00537109375 0.00927734375
0 0.555908203125 0.429443359375 0.00537109375 0.00830078125
0 0.559814453125 0.4267578125 0.00634765625 0.0078125
0 0.59521484375 0.425048828125 0.0048828125 0.00732421875
