0 0.22968749701976776 0.546093761920929 0.02968749962747097 0.046875
0 0.818359375 0.541796863079071 0.03203124925494194 0.04765624925494194
0 0.5746093988418579 0.45234376192092896 0.01171875 0.015625
0 0.7734375 0.4671874940395355 0.01406249962747097 0.01875000074505806
0 0.4574218690395355 0.4683593809604645 0.01328125037252903 0.02109375037252903
0 0.67578125 0.4476562440395355 0.00937500037252903 0.01406249962747097
0 0.836718738079071 0.4609375 0.010937499813735485 0.015625
0 0.978515625 0.4730468690395355 0.01171875 0.014843749813735485
0 0.7769531011581421 0.44804686307907104 0.007031249813735485 0.01328125037252903
0 0.9164062738418579 0.4554687440395355 0.0078125 0.010937499813735485
