0 0.78125 0.5100000500679016 0.04500002786517143 0.05750002712011337
0 0.3256250023841858 0.5393750071525574 0.046249985694885254 0.05875001102685928
0 0.6656249761581421 0.46312499046325684 0.02375001832842827 0.03125
0 0.3981249928474426 0.4768750071525574 0.021250009536743164 0.033750008791685104
0 0.23375001549720764 0.4975000321865082 0.04249999672174454 0.027500009164214134
0 0.3343749940395355 0.45124998688697815 0.021250009536743164 0.017499972134828568
0 0.5381250381469727 0.43937501311302185 0.00875000935047865 0.01875000074505806
0 0.5649999976158142 0.4324999749660492 0.007499980740249157 0.017499972134828568
0 0.4150000214576721 0.4506250023841858 0.012500000186264515 0.01875000074505806
0 0.6225000023841858 0.4468750059604645 0.012500000186264515 0.02375001832842827
0 0.44187498092651367 0.4387500286102295 0.013750028796494007 0.012500000186264515
0 0.5587500333786011 0.42875003814697266 0.007499980740249157 0.017499972134828568
0 0.29250001907348633 0.43687501549720764 0.01749999448657036 0.013749981299042702
0 0.4737500250339508 0.4281249940395355 0.009999990463256836 0.013749981299042702
0 0.7012500166893005 0.39499998092651367 0.012500000186264515 0.01749999448657036
0 0.574999988079071 0.4256250262260437 0.007499980740249157 0.011249971576035023
