0 0.14882811903953552 0.6597656011581421 0.06015624850988388 0.09921874850988388
0 0.10781250149011612 0.651171863079071 0.04843749850988388 0.09921874850988388
0 0.42695313692092896 0.4710937440395355 0.01796874962747097 0.0234375
0 0.4097656309604645 0.47148436307907104 0.01796874962747097 0.02421874925494194
0 0.21992187201976776 0.47734373807907104 0.014843749813735485 0.01875000074505806
0 0.688281238079071 0.4683593809604645 0.015625 0.02421874925494194
0 0.46210938692092896 0.44257813692092896 0.01015624962747097 0.01640624925494194
0 0.47148436307907104 0.443359375 0.008593750186264515 0.014843749813735485
0 0.33906251192092896 0.4488281309604645 0.0078125 0.014843749813735485
0 0.3921875059604645 0.43632811307907104 0.0078125 0.01171875
0 0.3648437559604645 0.44257813692092896 0.0078125 0.01171875
