0 0.336669921875 0.521240234375 0.02978515625 0.04443359375
0 0.772216796875 0.517578125 0.03173828125 0.0380859375
0 0.682861328125 0.467529296875 0.01513671875 0.02294921875
0 0.733154296875 0.455078125 0.01025390625 0.015625
0 0.4345703125 0.4638671875 0.0146484375 0.0205078125
0 0.6181640625 0.443359375 0.009765625 0.0126953125
0 0.8544921875 0.45751953125 0.0107421875 0.0146484375
0 0.787109375 0.4423828125 0.0107421875 0.0126953125
0 0.521728515625 0.448974609375 0.01025390625 0.01416015625
0 0.7294921875 0.443115234375 0.0107421875 0.01318359375
0 0.837646484375 0.44384765625 0.00927734375 0.0107421875
0 0.95361328125 0.447021484375 0.0107421875 0.01220703125
