0 0.323974609375 0.542236328125 0.03857421875 0.05322265625
0 0.421142578125 0.46923828125 0.01708984375 0.025390625
0 0.673828125 0.465087890625 0.0185546875 0.02392578125
0 0.396484375 0.488525390625 0.021484375 0.02978515625
0 0.703125 0.489013671875 0.0234375 0.03076171875
0 0.478515625 0.45458984375 0.0126953125 0.0185546875
0 0.604736328125 0.44091796875 0.00927734375 0.013671875
0 0.545654296875 0.4453125 0.01123046875 0.0166015625
0 0.6796875 0.438232421875 0.0087890625 0.01416015625
0 0.787109375 0.450439453125 0.0146484375 0.01904296875
0 0.76025390625 0.43798828125 0.009765625 0.0126953125
0 0.9765625 0.441650390625 0.01171875 0.01416015625
0 0.94140625 0.452392578125 0.0146484375 0.01708984375
0 0.843017578125 0.438232421875 0.01025390625 0.01318359375
