0 0.330322265625 0.521240234375 0.02978515625 0.04150390625
0 0.80908203125 0.537109375 0.041015625 0.0478515625
0 0.654541015625 0.45849609375 0.01416015625 0.01953125
0 0.63671875 0.4443359375 0.01171875 0.013671875
0 0.4462890625 0.4580078125 0.0126953125 0.01953125
0 0.77734375 0.44091796875 0.0107421875 0.0146484375
0 0.610107421875 0.43310546875 0.00927734375 0.0107421875
0 0.478515625 0.442138671875 0.0107421875 0.01416015625
0 0.53662109375 0.435546875 0.0087890625 0.0107421875
0 0.68603515625 0.439697265625 0.0107421875 0.01220703125
0 0.7861328125 0.435302734375 0.0078125 0.00927734375
