0 0.7542968988418579 0.486328125 0.02421874925494194 0.03046875074505806
0 0.44062501192092896 0.5054687261581421 0.0234375 0.03125
0 0.4195312559604645 0.5082031488418579 0.01875000074505806 0.02734375
0 0.47968751192092896 0.46484375 0.0078125 0.01406249962747097
0 0.11249999701976776 0.528124988079071 0.010937499813735485 0.01875000074505806
0 0.19140625 0.526562511920929 0.01406249962747097 0.02187499962747097
0 0.21250000596046448 0.49609375 0.0078125 0.015625
0 0.6324218511581421 0.4554687440395355 0.007031249813735485 0.01406249962747097
0 0.4683593809604645 0.4664062559604645 0.01015624962747097 0.015625
0 0.22929687798023224 0.4917968809604645 0.01171875 0.014843749813735485
0 0.341796875 0.47578126192092896 0.007031249813735485 0.010937499813735485
