0 0.292236328125 0.57080078125 0.05126953125 0.046875
0 0.805419921875 0.5693359375 0.05224609375 0.0634765625
0 0.640380859375 0.470947265625 0.01904296875 0.02685546875
0 0.407958984375 0.473388671875 0.01806640625 0.02685546875
0 0.74462890625 0.46728515625 0.021484375 0.0185546875
0 0.5947265625 0.4482421875 0.0146484375 0.0126953125
0 0.57568359375 0.435791015625 0.0107421875 0.01416015625
0 0.430908203125 0.449951171875 0.01220703125 0.01904296875
0 0.62255859375 0.430908203125 0.0087890625 0.01220703125
0 0.6552734375 0.441162109375 0.0126953125 0.01611328125
0 0.901123046875 0.5 0.02685546875 0.03515625
0 0.447998046875 0.43798828125 0.00927734375 0.015625
0 0.55615234375 0.427001953125 0.0078125 0.01025390625
0 0.563720703125 0.429443359375 0.00732421875 0.01025390625
0 0.787841796875 0.442138671875 0.00830078125 0.01416015625
0 0.891845703125 0.456787109375 0.01708984375 0.02197265625
0 0.53466796875 0.422119140625 0.0048828125 0.00537109375
0 0.732666015625 0.433349609375 0.01220703125 0.00927734375
0 0.691162109375 0.427490234375 0.00732421875 0.00927734375
0 0.60302734375 0.427978515625 0.0078125 0.00634765625
0 0.461181640625 0.43212890625 0.00634765625 0.0078125
0 0.685302734375 0.425537109375 0.00537109375 0.00732421875
0 0.59228515625 0.42431640625 0.0048828125 0.0078125
0 0.563232421875 0.424072265625 0.00537109375 0.00927734375
0 0.549072265625 0.42431640625 0.00634765625 0.0087890625
