0 0.3984375 0.49365234375 0.0244140625 0.033203125
0 0.627197265625 0.497314453125 0.02685546875 0.03759765625
0 0.576171875 0.460205078125 0.015625 0.02294921875
0 0.4609375 0.437744140625 0.0087890625 0.01123046875
0 0.24609375 0.4580078125 0.0107421875 0.015625
0 0.251708984375 0.456298828125 0.00927734375 0.01416015625
0 0.221435546875 0.444580078125 0.00830078125 0.01220703125
0 0.544189453125 0.43359375 0.00732421875 0.01171875
0 0.53076171875 0.419921875 0.0048828125 0.0068359375
0 0.4697265625 0.42724609375 0.0068359375 0.009765625
0 0.045654296875 0.463623046875 0.01123046875 0.01611328125
0 0.100341796875 0.446044921875 0.00732421875 0.01123046875
0 0.166748046875 0.435546875 0.00732421875 0.009765625
0 0.10986328125 0.442138671875 0.0087890625 0.01220703125
0 0.5009765625 0.418212890625 0.0048828125 0.00927734375
0 0.453125 0.423583984375 0.005859375 0.00927734375
0 0.420166015625 0.420166015625 0.00634765625 0.00927734375
0 0.2470703125 0.4248046875 0.0048828125 0.0078125
0 0.328125 0.429931640625 0.0068359375 0.01025390625
0 0.31884765625 0.4208984375 0.0048828125 0.0078125
0 0.28759765625 0.419189453125 0.0048828125 0.00732421875
