0 0.168212890625 0.454345703125 0.00732421875 0.01123046875
0 0.1650390625 0.447021484375 0.005859375 0.00927734375
0 0.217529296875 0.44091796875 0.00537109375 0.0068359375
0 0.238037109375 0.446044921875 0.00634765625 0.00927734375
0 0.2548828125 0.436767578125 0.005859375 0.00830078125
0 0.286376953125 0.431884765625 0.00634765625 0.01025390625
0 0.0791015625 0.455078125 0.0087890625 0.0126953125
0 0.08544921875 0.46435546875 0.009765625 0.0166015625
0 0.314208984375 0.435302734375 0.00537109375 0.00830078125
0 0.283203125 0.439453125 0.0048828125 0.0068359375
0 0.333984375 0.433349609375 0.0048828125 0.00634765625
0 0.351806640625 0.430908203125 0.00537109375 0.00634765625
0 0.344482421875 0.42578125 0.00537109375 0.005859375
0 0.31005859375 0.43017578125 0.005859375 0.0068359375
0 0.3671875 0.42822265625 0.0048828125 0.0048828125
