0 0.7911458611488342 0.5536458492279053 0.04583330079913139 0.06354169547557831
0 0.0729166716337204 0.5260416865348816 0.04270833730697632 0.051041651517152786
0 0.6669270992279053 0.4234375059604645 0.01718750037252903 0.026041651144623756
0 0.6127604246139526 0.4229167103767395 0.010937499813735485 0.016666650772094727
0 0.3192708492279053 0.42578125 0.015625 0.0234375
0 0.637499988079071 0.4127604365348816 0.00937500037252903 0.013020848855376244
0 0.8208333849906921 0.4385417103767395 0.019791698083281517 0.030208349227905273
0 0.7528645992279053 0.4216145873069763 0.008854198269546032 0.011979198083281517
0 0.3307291865348816 0.41458335518836975 0.014583349227905273 0.019791698083281517
0 0.20390625298023224 0.4153645932674408 0.01718750037252903 0.01718750037252903
0 0.5182291865348816 0.4046874940395355 0.010416651144623756 0.016666674986481667
0 0.6708333492279053 0.39765626192092896 0.005208301357924938 0.0078125
0 0.28697916865348816 0.4117187559604645 0.007291650865226984 0.013020848855376244
0 0.12031249701976776 0.4273437559604645 0.008333337493240833 0.01406249962747097
0 0.3895833492279053 0.39895835518836975 0.005208325572311878 0.008333325386047363
