0 0.31718748807907104 0.5152343511581421 0.01875000074505806 0.03203124925494194
0 0.16367188096046448 0.5933593511581421 0.03359375149011612 0.05234374850988388
0 0.5003906488418579 0.4789062440395355 0.01015624962747097 0.01875000074505806
0 0.40234375 0.474609375 0.00937500037252903 0.01328125037252903
0 0.7203124761581421 0.588671863079071 0.04531250149011612 0.06015624850988388
0 0.328125 0.500781238079071 0.01875000074505806 0.02187499962747097
0 0.58203125 0.5023437738418579 0.01875000074505806 0.02656250074505806
0 0.28632813692092896 0.4906249940395355 0.01171875 0.01718750037252903
0 0.14453125 0.4886718690395355 0.0078125 0.008593750186264515
0 0.19765624403953552 0.4898437559604645 0.0078125 0.012500000186264515
0 0.29023438692092896 0.4742187559604645 0.008593750186264515 0.012500000186264515
