0 0.9664062261581421 0.669140636920929 0.05937499925494194 0.09140624850988388
0 0.16171875596046448 0.549609363079071 0.05624999850988388 0.08359374850988388
0 0.47734373807907104 0.39726561307907104 0.010937499813735485 0.01796874962747097
0 0.4609375 0.3949218690395355 0.010937499813735485 0.01953125
0 0.651562511920929 0.42304688692092896 0.01406249962747097 0.01953125
0 0.5 0.3843750059604645 0.0078125 0.012500000186264515
0 0.4898437559604645 0.3828125 0.0078125 0.015625
0 0.6246093511581421 0.4039062559604645 0.008593750186264515 0.015625
0 0.36601561307907104 0.37187498807907104 0.008593750186264515 0.01406249962747097
0 0.44921875 0.37031251192092896 0.0078125 0.010937499813735485
0 0.2925781309604645 0.380859375 0.01171875 0.01796874962747097
0 0.6171875 0.38984376192092896 0.0078125 0.0078125
0 0.5210937261581421 0.3734374940395355 0.0078125 0.0078125
0 0.65234375 0.390625 0.0078125 0.0078125
