0 0.67529296875 0.509033203125 0.03515625 0.04541015625
0 0.4306640625 0.44482421875 0.01953125 0.0263671875
0 0.2890625 0.47412109375 0.0205078125 0.0263671875
0 0.591064453125 0.461181640625 0.02001953125 0.02978515625
0 0.276611328125 0.52587890625 0.03076171875 0.0498046875
0 0.568115234375 0.445068359375 0.00927734375 0.01318359375
0 0.4638671875 0.435302734375 0.0078125 0.01025390625
0 0.555419921875 0.439208984375 0.00927734375 0.01025390625
0 0.378662109375 0.43212890625 0.00537109375 0.0087890625
0 0.474609375 0.432861328125 0.0048828125 0.00830078125
0 0.543212890625 0.43359375 0.00537109375 0.0087890625
0 0.3017578125 0.43603515625 0.005859375 0.009765625
