0 0.710693359375 0.52587890625 0.03662109375 0.048828125
0 0.60009765625 0.474853515625 0.0185546875 0.02783203125
0 0.550537109375 0.449951171875 0.01611328125 0.02197265625
0 0.295166015625 0.533935546875 0.03271484375 0.04443359375
0 0.35498046875 0.48095703125 0.0244140625 0.0283203125
0 0.5234375 0.43896484375 0.0087890625 0.0126953125
0 0.3828125 0.45703125 0.0146484375 0.017578125
0 0.401611328125 0.4443359375 0.00927734375 0.0107421875
0 0.501953125 0.435546875 0.0068359375 0.009765625
0 0.494384765625 0.433837890625 0.00732421875 0.00830078125
0 0.48046875 0.4326171875 0.005859375 0.005859375
0 0.41845703125 0.43505859375 0.0048828125 0.0068359375
0 0.4873046875 0.433349609375 0.0048828125 0.00732421875
0 0.47705078125 0.4306640625 0.0048828125 0.0068359375
0 0.41162109375 0.4375 0.0048828125 0.0078125
