0 0.5318750143051147 0.565625011920929 0.07125000655651093 0.09375
0 0.34062498807907104 0.5412500500679016 0.0637500062584877 0.08250002562999725
0 0.203125 0.5037500262260437 0.048750005662441254 0.0650000125169754
0 0.1443749964237213 0.47437500953674316 0.03624999523162842 0.05124998092651367
0 0.4881250262260437 0.4231249690055847 0.028749991208314896 0.041249990463256836
0 0.10375000536441803 0.4606249928474426 0.02500000037252903 0.04874997213482857
0 0.25312501192092896 0.43562498688697815 0.026250004768371582 0.041249990463256836
0 0.38625001907348633 0.4206250309944153 0.022500013932585716 0.03874998167157173
0 0.5725000500679016 0.4050000309944153 0.020000029355287552 0.030000019818544388
0 0.18187500536441803 0.40437498688697815 0.021250009536743164 0.028749991208314896
0 0.34437501430511475 0.40312498807907104 0.01875000074505806 0.03125
0 0.6337500214576721 0.4156250059604645 0.019999980926513672 0.033750034868717194
0 0.030000001192092896 0.40812501311302185 0.02500000037252903 0.03625001758337021
0 0.46812501549720764 0.40312498807907104 0.01875000074505806 0.028750013560056686
0 0.30687499046325684 0.4012499749660492 0.021249985322356224 0.03499998897314072
