0 0.8492187261581421 0.545703113079071 0.03593749925494194 0.06171875074505806
0 0.28984373807907104 0.43476563692092896 0.02187499962747097 0.02890625037252903
0 0.27460938692092896 0.4144531190395355 0.01171875 0.01796874962747097
0 0.551562488079071 0.423828125 0.01406249962747097 0.01796874962747097
0 0.11679687350988388 0.5289062261581421 0.05078125 0.06562499701976776
0 0.19804687798023224 0.4058593809604645 0.01015624962747097 0.01171875
0 0.43437498807907104 0.4019531309604645 0.010937499813735485 0.01171875
0 0.09843750298023224 0.4066406190395355 0.0078125 0.01015624962747097
0 0.171875 0.39375001192092896 0.0078125 0.0078125
0 0.04843749850988388 0.40312498807907104 0.0078125 0.0078125
0 0.322265625 0.3929687440395355 0.01015624962747097 0.012500000186264515
