0 0.08937500417232513 0.5131250619888306 0.048750001937150955 0.046250008046627045
0 0.7506250143051147 0.48000001907348633 0.03125 0.040000010281801224
0 0.21250000596046448 0.46687498688697815 0.02749999798834324 0.023749971762299538
0 0.2775000035762787 0.46000003814697266 0.022499989718198776 0.027500009164214134
0 0.574999988079071 0.4243749976158142 0.009999990463256836 0.01875000074505806
0 0.7200000286102295 0.4581250250339508 0.02500000037252903 0.033750008791685104
0 0.3893750309944153 0.4412500262260437 0.016250014305114746 0.022499989718198776
0 0.71875 0.4412500262260437 0.0175000187009573 0.020000029355287552
0 0.6012499928474426 0.421875 0.009999990463256836 0.016249990090727806
0 0.7418749928474426 0.4243749976158142 0.00875000935047865 0.01875000074505806
0 0.45500001311302185 0.43312501907348633 0.009999990463256836 0.016249990090727806
