0 0.44453126192092896 0.4164062440395355 0.01875000074505806 0.02500000037252903
0 0.14296874403953552 0.4183593690395355 0.03125 0.03359375149011612
0 0.670703113079071 0.4488281309604645 0.01796874962747097 0.02578124962747097
0 0.38593751192092896 0.3804687559604645 0.0078125 0.015625
0 0.2562499940395355 0.3882812559604645 0.01406249962747097 0.0234375
0 0.4921875 0.38203126192092896 0.0078125 0.0078125
0 0.547656238079071 0.4027343690395355 0.0078125 0.01328125037252903
0 0.5082031488418579 0.3871093690395355 0.008593750186264515 0.01015624962747097
0 0.4203124940395355 0.3812499940395355 0.0078125 0.012500000186264515
0 0.3968749940395355 0.369140625 0.0078125 0.008593750186264515
0 0.4546875059604645 0.3734374940395355 0.0078125 0.0078125
0 0.34453123807907104 0.36015623807907104 0.0078125 0.0078125
0 0.37421876192092896 0.3609375059604645 0.0078125 0.0078125
0 0.27265626192092896 0.3515625 0.0078125 0.0078125
0 0.3101562559604645 0.35234373807907104 0.0078125 0.0078125
0 0.41484373807907104 0.3734374940395355 0.0078125 0.010937499813735485
