0 0.8017578125 0.55908203125 0.044921875 0.05859375
0 0.242919921875 0.56689453125 0.04736328125 0.0615234375
0 0.39208984375 0.49072265625 0.0224609375 0.02734375
0 0.43896484375 0.46337890625 0.015625 0.0185546875
0 0.669677734375 0.48876953125 0.01904296875 0.025390625
0 0.61962890625 0.4638671875 0.013671875 0.0166015625
0 0.57568359375 0.444580078125 0.0078125 0.01318359375
0 0.456787109375 0.452392578125 0.00830078125 0.01318359375
0 0.588623046875 0.451904296875 0.01220703125 0.01220703125
0 0.46923828125 0.445068359375 0.0078125 0.01123046875
0 0.4873046875 0.436767578125 0.0048828125 0.00732421875
0 0.55224609375 0.43505859375 0.0048828125 0.0087890625
0 0.480712890625 0.440673828125 0.00732421875 0.00927734375
0 0.560546875 0.4384765625 0.005859375 0.0078125
0 0.548095703125 0.431640625 0.00537109375 0.005859375
0 0.660400390625 0.435302734375 0.00634765625 0.00732421875
0 0.585205078125 0.430908203125 0.00537109375 0.00634765625
0 0.4912109375 0.43310546875 0.0048828125 0.005859375
0 0.572265625 0.42919921875 0.0048828125 0.0068359375
0 0.677001953125 0.43310546875 0.00537109375 0.0068359375
0 0.699951171875 0.433837890625 0.00537109375 0.00634765625
0 0.72021484375 0.43701171875 0.005859375 0.0078125
0 0.78759765625 0.439208984375 0.005859375 0.00732421875
0 0.63818359375 0.431396484375 0.005859375 0.00732421875
0 0.564453125 0.426513671875 0.0048828125 0.00634765625
0 0.4990234375 0.427734375 0.0048828125 0.0048828125
0 0.49462890625 0.430908203125 0.0048828125 0.00537109375
0 0.54638671875 0.429443359375 0.0048828125 0.00634765625
0 0.5615234375 0.42431640625 0.0048828125 0.0048828125
0 0.76025390625 0.43408203125 0.0048828125 0.0048828125
