0 0.337158203125 0.536376953125 0.03759765625 0.05322265625
0 0.884521484375 0.5625 0.05419921875 0.0595703125
0 0.70556640625 0.482177734375 0.021484375 0.02783203125
0 0.84814453125 0.484619140625 0.0224609375 0.02880859375
0 0.752197265625 0.46240234375 0.01611328125 0.0205078125
0 0.41015625 0.47705078125 0.0234375 0.0283203125
0 0.6630859375 0.46142578125 0.015625 0.01953125
0 0.499267578125 0.445556640625 0.01123046875 0.01416015625
0 0.4365234375 0.45703125 0.0146484375 0.0185546875
0 0.60009765625 0.441650390625 0.009765625 0.01318359375
0 0.68994140625 0.456298828125 0.01171875 0.01611328125
0 0.7177734375 0.4453125 0.0087890625 0.01171875
0 0.855224609375 0.456787109375 0.01318359375 0.01416015625
