0 0.397216796875 0.476318359375 0.01318359375 0.02294921875
0 0.716796875 0.53515625 0.033203125 0.0478515625
0 0.2763671875 0.530517578125 0.025390625 0.04248046875
0 0.62646484375 0.4716796875 0.015625 0.021484375
0 0.4521484375 0.454345703125 0.0087890625 0.01318359375
0 0.5908203125 0.453125 0.009765625 0.0146484375
0 0.578369140625 0.4462890625 0.00732421875 0.0107421875
0 0.476318359375 0.4453125 0.01025390625 0.015625
0 0.4912109375 0.440185546875 0.0048828125 0.00732421875
0 0.570556640625 0.441650390625 0.00634765625 0.00927734375
0 0.49853515625 0.437255859375 0.0048828125 0.00634765625
