0 0.903515636920929 0.551562488079071 0.05390625074505806 0.078125
0 0.764453113079071 0.50390625 0.01328125037252903 0.0234375
0 0.693359375 0.533203125 0.02578124962747097 0.03359375149011612
0 0.921875 0.46601563692092896 0.01406249962747097 0.02109375037252903
0 0.598437488079071 0.5257812738418579 0.00937500037252903 0.01406249962747097
0 0.774609386920929 0.48828125 0.008593750186264515 0.015625
0 0.8628906011581421 0.46210938692092896 0.008593750186264515 0.01171875
0 0.931640625 0.45429688692092896 0.01171875 0.01640624925494194
0 0.49726563692092896 0.5472656488418579 0.01015624962747097 0.014843749813735485
0 0.6937500238418579 0.504687488079071 0.00937500037252903 0.015625
0 0.871874988079071 0.4625000059604645 0.0078125 0.0078125
