0 0.7087500095367432 0.543749988079071 0.10500001907348633 0.13499999046325684
0 0.5056250095367432 0.5225000381469727 0.053750038146972656 0.07999996840953827
0 0.16312500834465027 0.5256250500679016 0.028749991208314896 0.041249990463256836
0 0.38625001907348633 0.5224999785423279 0.039999984204769135 0.0625
0 0.2862500250339508 0.5206249952316284 0.0325000062584877 0.04875002056360245
0 0.2593750059604645 0.5143750309944153 0.016249990090727806 0.026249980553984642
0 0.11437499523162842 0.5256250500679016 0.023750007152557373 0.03624997287988663
0 0.5756250619888306 0.49687498807907104 0.013750028796494007 0.021250009536743164
0 0.43812504410743713 0.5049999952316284 0.013750028796494007 0.022499989718198776
0 0.34937500953674316 0.5081250071525574 0.013750004582107067 0.02375001832842827
0 0.18062500655651093 0.5193750262260437 0.01625000312924385 0.028749991208314896
0 0.0924999937415123 0.5243750214576721 0.019999999552965164 0.028750037774443626
0 0.06062500551342964 0.5162500143051147 0.008750003762543201 0.009999990463256836
0 0.46437501907348633 0.49687498807907104 0.013749981299042702 0.02375001832842827
0 0.5387499928474426 0.4925000071525574 0.009999990463256836 0.015000009909272194
0 0.33375000953674316 0.5037500262260437 0.009999990463256836 0.020000029355287552
0 0.6081250309944153 0.4931250214576721 0.00875000935047865 0.01875000074505806
0 0.4099999964237213 0.49687498807907104 0.012500000186264515 0.013749981299042702
