0 0.8122396469116211 0.49817711114883423 0.022395800799131393 0.03593749925494194
0 0.82708340883255 0.448697954416275 0.012500000186264515 0.018229151144623756
0 0.45494794845581055 0.44609373807907104 0.021354150027036667 0.02968749962747097
0 0.6546875238418579 0.41822919249534607 0.011458349414169788 0.013541650958359241
0 0.7320312261581421 0.4153645932674408 0.0057291509583592415 0.010937499813735485
0 0.869270920753479 0.4398437440395355 0.008333301171660423 0.009895849041640759
0 0.9033854603767395 0.43671876192092896 0.0078125 0.009895849041640759
0 0.890625 0.43828123807907104 0.007291698362678289 0.009895849041640759
0 0.801562488079071 0.4192708432674408 0.008333349600434303 0.00937500037252903
0 0.9263021349906921 0.4403645992279053 0.009895801544189453 0.013020801357924938
0 0.8671875 0.4255208373069763 0.007291698362678289 0.00937500037252903
