0 0.8511718511581421 0.5855468511581421 0.03828125074505806 0.05546874925494194
0 0.119140625 0.4921875 0.03828125074505806 0.05624999850988388
0 0.44218748807907104 0.39531248807907104 0.00937500037252903 0.012500000186264515
0 0.6875 0.4429687559604645 0.012500000186264515 0.01875000074505806
0 0.7035156488418579 0.4292968809604645 0.008593750186264515 0.01328125037252903
0 0.578125 0.4000000059604645 0.0078125 0.010937499813735485
0 0.753125011920929 0.43476563692092896 0.00937500037252903 0.01171875
0 0.7890625 0.43437498807907104 0.0078125 0.0078125
0 0.667187511920929 0.41132813692092896 0.0078125 0.008593750186264515
0 0.15390625596046448 0.35468751192092896 0.0078125 0.0078125
0 0.859375 0.45703125 0.0078125 0.0078125
0 0.8257812261581421 0.45039063692092896 0.0078125 0.008593750186264515
