0 0.518798828125 0.472412109375 0.02392578125 0.02880859375
0 0.42919921875 0.487060546875 0.025390625 0.03369140625
0 0.883056640625 0.4892578125 0.02001953125 0.025390625
0 0.2763671875 0.52783203125 0.0380859375 0.0458984375
0 0.953369140625 0.58837890625 0.06103515625 0.06640625
0 0.641845703125 0.45703125 0.01318359375 0.017578125
0 0.762939453125 0.448974609375 0.01123046875 0.01318359375
0 0.6962890625 0.44921875 0.0107421875 0.0166015625
0 0.88525390625 0.45263671875 0.0078125 0.0107421875
0 0.887451171875 0.469970703125 0.01123046875 0.01416015625
0 0.86572265625 0.443115234375 0.0068359375 0.00830078125
0 0.873046875 0.447509765625 0.0078125 0.00830078125
0 0.787353515625 0.443359375 0.00927734375 0.0146484375
0 0.859619140625 0.438720703125 0.00537109375 0.00830078125
0 0.889404296875 0.460205078125 0.01025390625 0.01123046875
