0 0.2880859375 0.527587890625 0.0322265625 0.04443359375
0 0.394775390625 0.463623046875 0.01513671875 0.02197265625
0 0.561279296875 0.4609375 0.01318359375 0.0185546875
0 0.074951171875 0.489013671875 0.02001953125 0.02587890625
0 0.54296875 0.446044921875 0.0087890625 0.01318359375
0 0.431640625 0.447021484375 0.0087890625 0.01318359375
0 0.455078125 0.43896484375 0.0048828125 0.009765625
0 0.53515625 0.44189453125 0.005859375 0.0107421875
0 0.528564453125 0.439208984375 0.00537109375 0.00927734375
0 0.46533203125 0.4375 0.0048828125 0.0078125
0 0.36181640625 0.442626953125 0.0078125 0.01220703125
0 0.04443359375 0.44921875 0.005859375 0.0087890625
0 0.056396484375 0.452880859375 0.00830078125 0.01123046875
0 0.08203125 0.461669921875 0.0126953125 0.01708984375
0 0.19775390625 0.44189453125 0.0048828125 0.0078125
0 0.40771484375 0.43701171875 0.0048828125 0.0078125
0 0.33837890625 0.439453125 0.005859375 0.0087890625
0 0.181884765625 0.439697265625 0.00537109375 0.00732421875
0 0.126220703125 0.44384765625 0.00537109375 0.0087890625
0 0.22998046875 0.43994140625 0.0048828125 0.0078125
0 0.25244140625 0.43359375 0.0048828125 0.005859375
0 0.29296875 0.4375 0.0048828125 0.0068359375
0 0.478515625 0.435546875 0.0048828125 0.005859375
0 0.52197265625 0.43603515625 0.0048828125 0.0068359375
0 0.21826171875 0.436767578125 0.0048828125 0.00634765625
