0 0.625 0.4650000035762787 0.02500000037252903 0.03750000149011612
0 0.37062501907348633 0.47187501192092896 0.023749995976686478 0.033750008791685104
0 0.9262501001358032 0.6200000047683716 0.0849999412894249 0.10999999195337296
0 0.1081249937415123 0.6287500262260437 0.08874999731779099 0.09749998897314072
0 0.24812500178813934 0.4475000500679016 0.021250009536743164 0.017499972134828568
0 0.9418751001358032 0.47437500953674316 0.03874998167157173 0.03125
0 0.5981249809265137 0.4399999976158142 0.016249990090727806 0.022500038146972656
0 0.4312500059604645 0.4324999749660492 0.012500000186264515 0.020000029355287552
0 0.5575000047683716 0.42624998092651367 0.015000009909272194 0.020000029355287552
0 0.5362499952316284 0.4143750071525574 0.009999990463256836 0.013749981299042702
0 0.4375 0.42250004410743713 0.012500000186264515 0.015000009909272194
0 0.3037499785423279 0.421875 0.010000014677643776 0.016249990090727806
0 0.5637499690055847 0.4181250035762787 0.00750002870336175 0.011250019073486328
0 0.5081250071525574 0.4087499976158142 0.00875000935047865 0.012500000186264515
0 0.4768750071525574 0.4074999690055847 0.00875000935047865 0.009999990463256836
0 0.33812499046325684 0.40937501192092896 0.008749986067414284 0.011250019073486328
0 0.38875001668930054 0.4087499976158142 0.007499980740249157 0.010000037960708141
0 0.44187498092651367 0.4143750071525574 0.00875000935047865 0.011250019073486328
