0 0.19921875 0.5888671875 0.072265625 0.123046875
0 0.848388671875 0.59814453125 0.08544921875 0.126953125
0 0.689208984375 0.510009765625 0.03076171875 0.04052734375
0 0.60888671875 0.4716796875 0.0205078125 0.02734375
0 0.316162109375 0.525390625 0.03369140625 0.0458984375
0 0.38916015625 0.471435546875 0.0185546875 0.02490234375
0 0.56005859375 0.445556640625 0.0107421875 0.01416015625
0 0.427001953125 0.4443359375 0.01123046875 0.013671875
0 0.544677734375 0.43603515625 0.00830078125 0.0107421875
0 0.047119140625 0.75439453125 0.09326171875 0.1875
0 0.533447265625 0.430419921875 0.00634765625 0.00927734375
0 0.44140625 0.43408203125 0.0068359375 0.009765625
0 0.445556640625 0.4296875 0.00634765625 0.0087890625
0 0.525146484375 0.426025390625 0.00537109375 0.00830078125
0 0.451904296875 0.426025390625 0.00537109375 0.00927734375
0 0.970703125 0.725341796875 0.05859375 0.11376953125
