0 0.165283203125 0.6181640625 0.06396484375 0.083984375
0 0.869140625 0.52783203125 0.033203125 0.0390625
0 0.74951171875 0.474853515625 0.0146484375 0.02001953125
0 0.44189453125 0.4873046875 0.021484375 0.0283203125
0 0.50830078125 0.4619140625 0.013671875 0.017578125
0 0.68017578125 0.44775390625 0.009765625 0.01171875
0 0.713623046875 0.459228515625 0.01123046875 0.01513671875
0 0.5810546875 0.4443359375 0.0078125 0.0107421875
0 0.657470703125 0.44091796875 0.00732421875 0.0087890625
0 0.641357421875 0.435791015625 0.00634765625 0.00927734375
0 0.628173828125 0.43115234375 0.00537109375 0.0078125
0 0.571533203125 0.452392578125 0.01123046875 0.01708984375
0 0.6142578125 0.427978515625 0.0048828125 0.00634765625
0 0.5703125 0.43798828125 0.0078125 0.0087890625
0 0.56396484375 0.434326171875 0.0068359375 0.00830078125
0 0.60400390625 0.427001953125 0.0048828125 0.00537109375
0 0.5986328125 0.42626953125 0.0048828125 0.0048828125
0 0.5595703125 0.4306640625 0.0048828125 0.0078125
0 0.5927734375 0.42626953125 0.0048828125 0.005859375
