0 0.68798828125 0.48583984375 0.0205078125 0.0283203125
0 0.36865234375 0.47265625 0.0166015625 0.025390625
0 0.516845703125 0.44873046875 0.01025390625 0.0166015625
0 0.957763671875 0.75732421875 0.08154296875 0.134765625
0 0.706787109375 0.46240234375 0.01318359375 0.017578125
0 0.612060546875 0.44482421875 0.00830078125 0.01171875
0 0.2412109375 0.441650390625 0.01171875 0.01513671875
0 0.76708984375 0.45849609375 0.009765625 0.013671875
0 0.69677734375 0.442626953125 0.0048828125 0.00830078125
0 0.782958984375 0.444580078125 0.00537109375 0.00927734375
0 0.678955078125 0.4443359375 0.00732421875 0.009765625
0 0.822998046875 0.45654296875 0.00830078125 0.0107421875
0 0.73974609375 0.43994140625 0.0068359375 0.0078125
0 0.3134765625 0.428955078125 0.009765625 0.01318359375
0 0.693603515625 0.439208984375 0.00732421875 0.00830078125
0 0.701171875 0.43603515625 0.0048828125 0.0078125
0 0.60595703125 0.4287109375 0.0048828125 0.0068359375
0 0.5986328125 0.43115234375 0.0048828125 0.0068359375
0 0.544189453125 0.4267578125 0.00537109375 0.005859375
0 0.656494140625 0.4345703125 0.00634765625 0.0107421875
0 0.817138671875 0.449462890625 0.00732421875 0.00927734375
0 0.2958984375 0.42626953125 0.0068359375 0.0087890625
0 0.57861328125 0.427734375 0.0048828125 0.0068359375
0 0.59228515625 0.4267578125 0.0048828125 0.005859375
0 0.660400390625 0.427490234375 0.00537109375 0.00634765625
0 0.552734375 0.42333984375 0.0048828125 0.0048828125
0 0.51171875 0.42333984375 0.0048828125 0.0048828125
0 0.5185546875 0.42431640625 0.0048828125 0.0048828125
0 0.52197265625 0.4228515625 0.0048828125 0.0048828125
0 0.61328125 0.42626953125 0.0048828125 0.005859375
0 0.30224609375 0.42529296875 0.005859375 0.0107421875
