0 0.18212890625 0.63134765625 0.0712890625 0.0869140625
0 0.39013671875 0.4853515625 0.0244140625 0.0341796875
0 0.66845703125 0.48193359375 0.0224609375 0.029296875
0 0.446044921875 0.451416015625 0.01318359375 0.01708984375
0 0.809326171875 0.504638671875 0.02587890625 0.03662109375
0 0.61962890625 0.45751953125 0.0126953125 0.017578125
0 0.456787109375 0.44384765625 0.00830078125 0.0126953125
0 0.461669921875 0.439697265625 0.00732421875 0.01220703125
0 0.488037109375 0.43505859375 0.00830078125 0.0107421875
0 0.615966796875 0.42724609375 0.00634765625 0.0078125
0 0.588134765625 0.443603515625 0.00927734375 0.01220703125
0 0.921875 0.60986328125 0.0546875 0.0791015625
0 0.667236328125 0.431640625 0.00732421875 0.009765625
0 0.52685546875 0.430908203125 0.005859375 0.00927734375
0 0.564697265625 0.428955078125 0.00537109375 0.00830078125
0 0.853515625 0.4345703125 0.0087890625 0.0107421875
0 0.917724609375 0.4541015625 0.01318359375 0.015625
0 0.6708984375 0.42626953125 0.0048828125 0.0078125
0 0.9697265625 0.440673828125 0.009765625 0.01123046875
0 0.762451171875 0.431884765625 0.00830078125 0.01025390625
0 0.726318359375 0.42626953125 0.00732421875 0.0087890625
0 0.81005859375 0.427490234375 0.005859375 0.00830078125
