0 0.9306249618530273 0.5225000381469727 0.06374998390674591 0.09249997138977051
0 0.9681249856948853 0.45875000953674316 0.046250056475400925 0.06499996036291122
0 0.24062499403953552 0.5062500238418579 0.053749989718198776 0.08000002056360245
0 0.4300000071525574 0.4650000035762787 0.040000010281801224 0.060000039637088776
0 0.5300000309944153 0.43687501549720764 0.03249998018145561 0.04624996334314346
0 0.9006250500679016 0.43312501907348633 0.03874998167157173 0.04875002056360245
0 0.9356249570846558 0.4156250059604645 0.03125 0.04374999925494194
0 0.4925000071525574 0.4193750023841858 0.027500009164214134 0.04125001281499863
0 0.4412500262260437 0.40687504410743713 0.022499989718198776 0.033750008791685104
0 0.0325000025331974 0.4256250262260437 0.02500000037252903 0.03624997287988663
0 0.061875004321336746 0.41062498092651367 0.01875000074505806 0.033750008791685104
0 0.22812500596046448 0.40187501907348633 0.013750004582107067 0.026250004768371582
0 0.2743750214576721 0.41312503814697266 0.026250004768371582 0.033750008791685104
0 0.3475000262260437 0.38749998807907104 0.012500000186264515 0.022499989718198776
0 0.4293749928474426 0.3774999976158142 0.011249971576035023 0.01749999448657036
0 0.8768750429153442 0.40687504410743713 0.028750037774443626 0.03875003010034561
0 0.8506250381469727 0.390625 0.01875000074505806 0.028750013560056686
0 0.5181249976158142 0.38625001907348633 0.013749981299042702 0.022500013932585716
0 0.4906249940395355 0.3943749964237213 0.016249990090727806 0.028750013560056686
0 0.47562503814697266 0.37937501072883606 0.011249971576035023 0.021250009536743164
0 0.7387500405311584 0.37187498807907104 0.012500000186264515 0.021250009536743164
0 0.9362500309944153 0.375 0.014999961480498314 0.01749999448657036
0 0.6131250262260437 0.3843750059604645 0.021250009536743164 0.013750004582107067
0 0.3231250047683716 0.39500004053115845 0.013749981299042702 0.02500002458691597
0 0.2524999976158142 0.37937501072883606 0.009999990463256836 0.01875000074505806
0 0.27937501668930054 0.3824999928474426 0.011250019073486328 0.0175000187009573
0 0.4025000035762787 0.37562498450279236 0.007500004954636097 0.016250014305114746
0 0.5068750381469727 0.37187498807907104 0.011249971576035023 0.016249990090727806
0 0.31562501192092896 0.38187500834465027 0.011249994859099388 0.01875000074505806
0 0.4975000023841858 0.3737500309944153 0.012500000186264515 0.01749999448657036
0 0.6068750619888306 0.3693750202655792 0.013750028796494007 0.01875000074505806
0 0.9262499809265137 0.3687500059604645 0.012500000186264515 0.020000005140900612
0 0.65625 0.3687500059604645 0.012500000186264515 0.01749999448657036
0 0.7487500309944153 0.3693750202655792 0.009999990463256836 0.01875000074505806
0 0.4137499928474426 0.3725000023841858 0.009999990463256836 0.020000005140900612
0 0.8537500500679016 0.3681250214576721 0.014999961480498314 0.01875000074505806
0 0.2606250047683716 0.37687501311302185 0.011250019073486328 0.023749995976686478
