0 0.27656251192092896 0.41523438692092896 0.01718750037252903 0.02578124962747097
0 0.6722656488418579 0.5015624761581421 0.02578124962747097 0.04531250149011612
0 0.733203113079071 0.46796876192092896 0.014843749813735485 0.02656250074505806
0 0.77734375 0.4507812559604645 0.010937499813735485 0.01718750037252903
0 0.503125011920929 0.412109375 0.010937499813735485 0.01796874962747097
0 0.7386718988418579 0.4351562559604645 0.008593750186264515 0.012500000186264515
0 0.5406249761581421 0.3988281190395355 0.0078125 0.01328125037252903
0 0.567578136920929 0.40898436307907104 0.008593750186264515 0.01640624925494194
0 0.5874999761581421 0.39726561307907104 0.0078125 0.01015624962747097
0 0.66015625 0.4140625 0.0078125 0.010937499813735485
