0 0.13723959028720856 0.5403646230697632 0.049479175359010696 0.07343749701976776
0 0.6127604246139526 0.43958336114883423 0.019270848482847214 0.026041697710752487
0 0.4007812440395355 0.47343748807907104 0.036979176104068756 0.04166664928197861
0 0.8986979722976685 0.5489583611488342 0.034895896911621094 0.04583330079913139
0 0.7007812261581421 0.4348958432674408 0.016145849600434303 0.022916698828339577
0 0.9216146469116211 0.48359376192092896 0.016145801171660423 0.021354150027036667
0 0.43281251192092896 0.4088541865348816 0.013541650958359241 0.019791651517152786
0 0.12994793057441711 0.42395836114883423 0.022395838052034378 0.027083301916718483
0 0.8307291865348816 0.4440104365348816 0.013541603460907936 0.016145849600434303
0 0.922656238079071 0.47057294845581055 0.01406249962747097 0.01718750037252903
0 0.22161459922790527 0.4033854603767395 0.01406249962747097 0.02031252346932888
