0 0.7287500500679016 0.5562499761581421 0.05750002712011337 0.06750001758337021
0 0.31687501072883606 0.512499988079071 0.03625001758337021 0.052500009536743164
0 0.6481249928474426 0.4818750321865082 0.028749991208314896 0.041249990463256836
0 0.5956250429153442 0.42875003814697266 0.016249990090727806 0.022499989718198776
0 0.6287499666213989 0.453125 0.02500000037252903 0.021250009536743164
0 0.5625 0.41750001907348633 0.012500000186264515 0.015000009909272194
0 0.4462500214576721 0.4425000250339508 0.0175000187009573 0.022499989718198776
0 0.4612500071525574 0.42875003814697266 0.012500000186264515 0.020000029355287552
0 0.453125 0.40812501311302185 0.011250019073486328 0.013749981299042702
0 0.4375 0.4231250286102295 0.012500000186264515 0.01875000074505806
0 0.5162500143051147 0.41062498092651367 0.009999990463256836 0.013750028796494007
