0 0.554443359375 0.48486328125 0.01904296875 0.02734375
0 0.69287109375 0.467529296875 0.013671875 0.02001953125
0 0.978759765625 0.544677734375 0.03955078125 0.04638671875
0 0.918212890625 0.489990234375 0.01904296875 0.02490234375
0 0.389404296875 0.5146484375 0.03271484375 0.041015625
0 0.731689453125 0.457275390625 0.00927734375 0.01416015625
0 0.74853515625 0.452880859375 0.0078125 0.01220703125
0 0.921142578125 0.466552734375 0.00830078125 0.01220703125
0 0.865966796875 0.463134765625 0.00927734375 0.01220703125
0 0.88134765625 0.4716796875 0.0126953125 0.017578125
0 0.993408203125 0.48486328125 0.01318359375 0.01953125
0 0.82568359375 0.45458984375 0.0078125 0.009765625
0 0.845947265625 0.45849609375 0.00830078125 0.0107421875
0 0.94775390625 0.47216796875 0.0126953125 0.015625
0 0.897705078125 0.4619140625 0.00634765625 0.0107421875
0 0.679931640625 0.444580078125 0.00537109375 0.00830078125
0 0.564208984375 0.4375 0.00537109375 0.0087890625
0 0.667236328125 0.4423828125 0.00634765625 0.0087890625
0 0.646484375 0.44287109375 0.0048828125 0.0078125
0 0.592529296875 0.4375 0.00537109375 0.0078125
0 0.5283203125 0.435546875 0.0048828125 0.0078125
0 0.73779296875 0.447265625 0.0048828125 0.0068359375
0 0.781982421875 0.450927734375 0.00732421875 0.00927734375
0 0.881591796875 0.457763671875 0.00732421875 0.00830078125
0 0.4951171875 0.435546875 0.0048828125 0.0068359375
0 0.44384765625 0.43408203125 0.0048828125 0.005859375
0 0.416015625 0.431640625 0.0048828125 0.005859375
0 0.85693359375 0.451904296875 0.005859375 0.00732421875
0 0.963623046875 0.463134765625 0.00732421875 0.00927734375
0 0.731689453125 0.45068359375 0.00634765625 0.0126953125
0 0.918701171875 0.455078125 0.00537109375 0.0068359375
0 0.9384765625 0.45849609375 0.0048828125 0.0078125
0 0.867919921875 0.45458984375 0.00537109375 0.0087890625
0 0.8359375 0.4453125 0.0048828125 0.005859375
0 0.900390625 0.45166015625 0.0048828125 0.0048828125
0 0.36181640625 0.4306640625 0.0048828125 0.005859375
0 0.8466796875 0.44921875 0.0048828125 0.0068359375
0 0.291015625 0.4296875 0.0048828125 0.0048828125
0 0.32568359375 0.431396484375 0.0048828125 0.00537109375
