0 0.6399999856948853 0.5112500190734863 0.0350000374019146 0.052500009536743164
0 0.8056250810623169 0.6256250143051147 0.08125004917383194 0.10125003010034561
0 0.4675000309944153 0.4468750059604645 0.0175000187009573 0.026249980553984642
0 0.3231250047683716 0.4975000321865082 0.033750008791685104 0.04500002786517143
0 0.3149999976158142 0.5718749761581421 0.05499999597668648 0.07125000655651093
0 0.6031249761581421 0.4387499690055847 0.01875000074505806 0.020000029355287552
0 0.3525000214576721 0.4662500321865082 0.020000005140900612 0.029999971389770508
0 0.34375 0.44312500953674316 0.01749999448657036 0.02375001832842827
0 0.42250004410743713 0.4293749928474426 0.015000009909272194 0.016249990090727806
0 0.4618750214576721 0.42125001549720764 0.011250019073486328 0.0175000187009573
0 0.6431249976158142 0.4137499928474426 0.021249961107969284 0.027500009164214134
0 0.606249988079071 0.4243749976158142 0.0175000187009573 0.011250019073486328
0 0.59375 0.4156250059604645 0.012500000186264515 0.011250019073486328
0 0.3993750214576721 0.34375 0.016250014305114746 0.022499989718198776
0 0.4925000071525574 0.4168749749660492 0.007499980740249157 0.013750028796494007
0 0.5643750429153442 0.4099999964237213 0.00875000935047865 0.012500000186264515
0 0.5237500071525574 0.41312503814697266 0.007499980740249157 0.013750028796494007
