0 0.27226561307907104 0.5582031011581421 0.03203124925494194 0.04921875149011612
0 0.6714843511581421 0.5316406488418579 0.03046875074505806 0.04609375074505806
0 0.39726561307907104 0.46484375 0.01015624962747097 0.01718750037252903
0 0.56640625 0.44218748807907104 0.0078125 0.01406249962747097
0 0.580078125 0.45429688692092896 0.01328125037252903 0.01796874962747097
0 0.543749988079071 0.43242186307907104 0.0078125 0.01015624962747097
0 0.34453123807907104 0.44609373807907104 0.0078125 0.010937499813735485
0 0.490234375 0.4320312440395355 0.007031249813735485 0.00937500037252903
0 0.427734375 0.447265625 0.008593750186264515 0.014843749813735485
0 0.408203125 0.443359375 0.007031249813735485 0.01328125037252903
0 0.09648437798023224 0.478515625 0.007031249813735485 0.01328125037252903
0 0.21328124403953552 0.46171873807907104 0.0078125 0.01406249962747097
0 0.33125001192092896 0.4390625059604645 0.0078125 0.00937500037252903
0 0.07500000298023224 0.47343748807907104 0.0078125 0.00937500037252903
0 0.01523437537252903 0.48320311307907104 0.007031249813735485 0.008593750186264515
