0 0.7524999976158142 0.5525000095367432 0.05749998241662979 0.07250003516674042
0 0.6349999904632568 0.46875 0.02500000037252903 0.03499998897314072
0 0.7668749690055847 0.45749998092651367 0.026250028982758522 0.03499998897314072
0 0.8475000262260437 0.4987500309944153 0.04499997943639755 0.05000000074505806
0 0.11874999850988388 0.6525000333786011 0.09750001132488251 0.09250001609325409
0 0.3956250250339508 0.47437500953674316 0.026250004768371582 0.03625001758337021
0 0.45875000953674316 0.4399999976158142 0.014999961480498314 0.022500038146972656
0 0.4937500059604645 0.421875 0.009999990463256836 0.016249990090727806
0 0.7481250166893005 0.44437503814697266 0.01875000074505806 0.028749991208314896
0 0.5843750238418579 0.4324999749660492 0.013749981299042702 0.020000029355287552
0 0.19062499701976776 0.4906249940395355 0.03875001519918442 0.04875002056360245
0 0.27000001072883606 0.46437501907348633 0.02500000037252903 0.03625001758337021
0 0.6399999856948853 0.4281249940395355 0.014999961480498314 0.021250009536743164
0 0.5649999976158142 0.41624999046325684 0.007499980740249157 0.012500000186264515
0 0.7231249809265137 0.43312501907348633 0.016249990090727806 0.02375001832842827
0 0.4256250262260437 0.37562501430511475 0.013750028796494007 0.01875000074505806
0 0.5687500238418579 0.40687504410743713 0.007499980740249157 0.011249971576035023
0 0.59375 0.4206250309944153 0.007499980740249157 0.011250019073486328
0 0.5199999809265137 0.4150000214576721 0.00750002870336175 0.012500000186264515
0 0.5850000381469727 0.4087499976158142 0.00750002870336175 0.010000037960708141
0 0.5562499761581421 0.4050000309944153 0.007499980740249157 0.007499980740249157
0 0.5262500047683716 0.4124999940395355 0.00750002870336175 0.015000009909272194
