0 0.72314453125 0.490478515625 0.0263671875 0.03466796875
0 0.197998046875 0.5205078125 0.03466796875 0.0439453125
0 0.6337890625 0.461181640625 0.0185546875 0.02392578125
0 0.567138671875 0.44580078125 0.01318359375 0.015625
0 0.315673828125 0.46923828125 0.01708984375 0.0234375
0 0.235595703125 0.4521484375 0.01123046875 0.0166015625
0 0.403564453125 0.436279296875 0.00830078125 0.01220703125
0 0.161865234375 0.44287109375 0.00732421875 0.0107421875
0 0.11474609375 0.4541015625 0.009765625 0.0146484375
0 0.253173828125 0.43896484375 0.00732421875 0.0126953125
0 0.312744140625 0.453857421875 0.01220703125 0.01708984375
0 0.3271484375 0.435302734375 0.0078125 0.01123046875
0 0.00439453125 0.455810546875 0.0087890625 0.01318359375
0 0.50244140625 0.439208984375 0.009765625 0.01513671875
0 0.197265625 0.431396484375 0.005859375 0.00732421875
0 0.112548828125 0.443115234375 0.00830078125 0.01025390625
0 0.27490234375 0.424560546875 0.0048828125 0.00732421875
0 0.15673828125 0.4365234375 0.0068359375 0.009765625
0 0.089599609375 0.437744140625 0.00732421875 0.00830078125
0 0.17138671875 0.430419921875 0.0048828125 0.00634765625
0 0.1884765625 0.423095703125 0.0048828125 0.00634765625
0 0.3466796875 0.41943359375 0.0048828125 0.0068359375
0 0.3369140625 0.416748046875 0.0048828125 0.00634765625
0 0.263671875 0.421875 0.0048828125 0.005859375
0 0.38134765625 0.4140625 0.0048828125 0.0048828125
0 0.411865234375 0.4150390625 0.00537109375 0.005859375
0 0.01318359375 0.44482421875 0.0087890625 0.009765625
0 0.51318359375 0.407958984375 0.0048828125 0.00732421875
0 0.4736328125 0.411865234375 0.0048828125 0.00537109375
0 0.505859375 0.407958984375 0.0048828125 0.00830078125
0 0.535400390625 0.40869140625 0.00537109375 0.0078125
0 0.4462890625 0.4072265625 0.0048828125 0.0087890625
0 0.44140625 0.41162109375 0.0048828125 0.0048828125
