0 0.7674479484558105 0.48880210518836975 0.028645848855376244 0.04114580154418945
0 0.3541666865348816 0.4307292103767395 0.023958349600434303 0.022916650399565697
0 0.702343761920929 0.4231770932674408 0.009895849041640759 0.013020801357924938
0 0.5380208492279053 0.4164062440395355 0.015625 0.018229151144623756
0 0.8838542103767395 0.48906248807907104 0.02500000037252903 0.030208349227905273
0 0.86328125 0.4401041865348816 0.009895801544189453 0.012500000186264515
0 0.9744791984558105 0.47083336114883423 0.010416602715849876 0.015625
0 0.09140624850988388 0.4296875 0.01718750037252903 0.017708349972963333
0 0.23749999701976776 0.40234375 0.008333325386047363 0.010937499813735485
0 0.6742187738418579 0.40677085518836975 0.008854150772094727 0.014583325013518333
0 0.01692708395421505 0.42604169249534607 0.011979167349636555 0.016666650772094727
0 0.15781250596046448 0.4036458432674408 0.012500000186264515 0.014583325013518333
