0 0.8455729484558105 0.5591145753860474 0.061979103833436966 0.06927080452442169
0 0.7015625238418579 0.46406251192092896 0.029166650027036667 0.035416651517152786
0 0.2710937559604645 0.515625 0.04218750074505806 0.05000000074505806
0 0.35494792461395264 0.4763020873069763 0.030729150399565697 0.03593749925494194
0 0.2942708432674408 0.44218748807907104 0.016666674986481667 0.02500000037252903
0 0.3447916805744171 0.4507812559604645 0.02187499962747097 0.028645848855376244
0 0.6158854365348816 0.4244791865348816 0.018229151144623756 0.022916650399565697
0 0.24140624701976776 0.43802085518836975 0.01406249962747097 0.019791698083281517
0 0.5044270753860474 0.4117187559604645 0.013020801357924938 0.01718750037252903
0 0.3356770873069763 0.40625 0.010937499813735485 0.012500000186264515
