0 0.20911459624767303 0.5963541865348816 0.054687511175870895 0.07500000298023224
0 0.2757812440395355 0.5015624761581421 0.03281249850988388 0.04166664928197861
0 0.27005210518836975 0.4385417103767395 0.01406249962747097 0.019791651517152786
0 0.598437488079071 0.43411460518836975 0.016666650772094727 0.022395800799131393
0 0.4229167103767395 0.4151042103767395 0.012500000186264515 0.015625
0 0.22812500596046448 0.4231770932674408 0.011458325199782848 0.015104198828339577
0 0.3375000059604645 0.40442711114883423 0.010416674427688122 0.01406249962747097
0 0.14348958432674408 0.4208333492279053 0.006770825479179621 0.011458301916718483
0 0.24843749403953552 0.40442711114883423 0.005208325572311878 0.010937499813735485
0 0.17864583432674408 0.405729204416275 0.005208325572311878 0.008333349600434303
