0 0.4283854365348816 0.4463542103767395 0.0234375 0.03125
0 0.7593749761581421 0.4739583432674408 0.01875000074505806 0.02812499925494194
0 0.7260416746139526 0.4453125 0.013541650958359241 0.01875000074505806
0 0.7111979722976685 0.4333333373069763 0.010937499813735485 0.015625
0 0.5401042103767395 0.4177083373069763 0.010416651144623756 0.017708301544189453
0 0.6018229722976685 0.4130208492279053 0.0078125 0.012500000186264515
0 0.6166666746139526 0.41197919845581055 0.007291650865226984 0.010416651144623756
0 0.06744791567325592 0.6322916746139526 0.05677083879709244 0.08958335220813751
0 0.71484375 0.425260454416275 0.0067708492279052734 0.011979150585830212
0 0.7252604365348816 0.4203124940395355 0.0057291509583592415 0.00937500037252903
0 0.6770833730697632 0.41067710518836975 0.005208301357924938 0.0078125
0 0.5768229365348816 0.4036458432674408 0.0057291509583592415 0.008333325386047363
