0 0.31523436307907104 0.591015636920929 0.03828125074505806 0.06484375149011612
0 0.2828125059604645 0.586718738079071 0.03281249850988388 0.05937499925494194
0 0.4613281190395355 0.47734373807907104 0.01171875 0.01875000074505806
0 0.905468761920929 0.5523437261581421 0.04374999925494194 0.05781250074505806
0 0.29414063692092896 0.48710936307907104 0.01171875 0.01796874962747097
0 0.44609373807907104 0.47734373807907104 0.01406249962747097 0.02031249925494194
0 0.03007812425494194 0.5718749761581421 0.02109375037252903 0.03593749925494194
0 0.667187511920929 0.466796875 0.01406249962747097 0.02109375037252903
0 0.6148437261581421 0.4453125 0.0078125 0.015625
0 0.48906248807907104 0.4515624940395355 0.0078125 0.012500000186264515
0 0.47929686307907104 0.45195311307907104 0.008593750186264515 0.01328125037252903
