0 0.37687498331069946 0.4612500071525574 0.04374999925494194 0.059999991208314896
0 0.5631250143051147 0.42500001192092896 0.03125 0.04250001907348633
0 0.6256250143051147 0.3993750214576721 0.023749971762299538 0.03625001758337021
0 0.4362500309944153 0.4987500309944153 0.06750001758337021 0.07750000804662704
0 0.518750011920929 0.4150000214576721 0.027500009164214134 0.03750000149011612
0 0.9393750429153442 0.4131249785423279 0.03624992445111275 0.04374997690320015
0 0.8687499761581421 0.38749998807907104 0.027499962598085403 0.035000015050172806
0 0.8381250500679016 0.37437501549720764 0.021249961107969284 0.028749991208314896
0 0.675000011920929 0.3824999928474426 0.0175000187009573 0.02500000037252903
0 0.8850000500679016 0.3812499940395355 0.022500038146972656 0.029999995604157448
0 0.8506250381469727 0.3656249940395355 0.01875000074505806 0.026250004768371582
0 0.5324999690055847 0.3981249928474426 0.020000029355287552 0.033750008791685104
0 0.6993750333786011 0.3606249988079071 0.011250019073486328 0.01875000074505806
0 0.6606249809265137 0.37437501549720764 0.013750028796494007 0.023749995976686478
0 0.684374988079071 0.3656249940395355 0.013749981299042702 0.021250009536743164
0 0.7975000143051147 0.35374999046325684 0.010000037960708141 0.01749999448657036
0 0.8131250143051147 0.3618749976158142 0.013749981299042702 0.021250009536743164
0 0.9350000619888306 0.3993750214576721 0.02500000037252903 0.03875000402331352
