0 0.8350000381469727 0.5306249856948853 0.07250003516674042 0.04624996334314346
0 0.33375000953674316 0.4893750250339508 0.03750000149011612 0.046250008046627045
0 0.7150000333786011 0.4650000035762787 0.027499962598085403 0.03750000149011612
0 0.4699999690055847 0.4518750309944153 0.017499972134828568 0.028749991208314896
0 0.6556249856948853 0.4375 0.016250038519501686 0.02500000037252903
0 0.15000000596046448 0.46437501907348633 0.0325000062584877 0.03625001758337021
0 0.453125 0.4337500035762787 0.011250019073486328 0.0175000187009573
0 0.38875001668930054 0.4281249940395355 0.009999990463256836 0.016249990090727806
0 0.27937501668930054 0.4456250071525574 0.01875000074505806 0.02375001832842827
0 0.5718749761581421 0.41624999046325684 0.00875000935047865 0.012500000186264515
0 0.22062501311302185 0.43312501907348633 0.016250014305114746 0.01875000074505806
0 0.04437500238418579 0.4506250321865082 0.01875000260770321 0.023749971762299538
0 0.020000001415610313 0.4375 0.01250000111758709 0.0175000187009573
0 0.15625 0.4256250262260437 0.014999997802078724 0.016249990090727806
0 0.5149999856948853 0.41187500953674316 0.007499980740249157 0.013749981299042702
0 0.5856249928474426 0.4193750321865082 0.00875000935047865 0.016249990090727806
0 0.06937500089406967 0.42624998092651367 0.01125000137835741 0.017499972134828568
0 0.26624998450279236 0.41999998688697815 0.010000014677643776 0.015000009909272194
0 0.621874988079071 0.42875003814697266 0.013749981299042702 0.015000009909272194
0 0.33125001192092896 0.4168749749660492 0.009999990463256836 0.013750028796494007
0 0.3125 0.40687504410743713 0.007500004954636097 0.011249971576035023
0 0.3981249928474426 0.4112500250339508 0.00875000935047865 0.009999990463256836
0 0.8450000882148743 0.32499998807907104 0.040000058710575104 0.03750000149011612
0 0.559374988079071 0.40625 0.00875000935047865 0.01500003319233656
0 0.2731249928474426 0.40812501311302185 0.00875000935047865 0.011250019073486328
0 0.30250000953674316 0.40437501668930054 0.007500004954636097 0.013750004582107067
0 0.5400000214576721 0.40625 0.007499980740249157 0.01500003319233656
0 0.2318749874830246 0.40937501192092896 0.008749986067414284 0.011250019073486328
0 0.38875001668930054 0.41750001907348633 0.007499980740249157 0.015000009909272194
0 0.42375001311302185 0.4037500023841858 0.007499980740249157 0.010000014677643776
0 0.48124998807907104 0.4025000035762787 0.007499980740249157 0.007500004954636097
0 0.9575001001358032 0.3293749988079071 0.030000019818544388 0.03625001758337021
0 0.19312500953674316 0.40812501311302185 0.011250006966292858 0.011250019073486328
0 0.26375001668930054 0.40812501311302185 0.009999990463256836 0.011250019073486328
0 0.3349999785423279 0.40562501549720764 0.007500004954636097 0.011250019073486328
0 0.3837500214576721 0.4025000035762787 0.007500004954636097 0.007500004954636097
0 0.4074999690055847 0.4037500321865082 0.00750002870336175 0.00750002870336175
0 0.1731249988079071 0.40625 0.00874999724328518 0.012500000186264515
0 0.35624998807907104 0.4050000309944153 0.009999990463256836 0.009999990463256836
