0 0.09375 0.5237500071525574 0.0950000062584877 0.11500000953674316
0 0.6956250071525574 0.5118750333786011 0.05124998092651367 0.07124996185302734
0 0.5193750262260437 0.49937501549720764 0.03875003010034561 0.053750038146972656
0 0.4243749976158142 0.4925000071525574 0.03125 0.04250001907348633
0 0.34812501072883606 0.48750001192092896 0.026249980553984642 0.03750000149011612
0 0.24812500178813934 0.48249998688697815 0.02375001832842827 0.03499998897314072
0 0.5887500047683716 0.4881250262260437 0.022499989718198776 0.033750008791685104
0 0.5668749809265137 0.4543749690055847 0.021250009536743164 0.028749991208314896
0 0.5625 0.4881249964237213 0.02500000037252903 0.03125
0 0.1381250023841858 0.4768750071525574 0.023749995976686478 0.033750008791685104
0 0.04312499985098839 0.4925000071525574 0.051249999552965164 0.059999991208314896
0 0.9793750643730164 0.5512499809265137 0.03625001758337021 0.09749998897314072
