0 0.80322265625 0.591064453125 0.072265625 0.11181640625
0 0.150634765625 0.6142578125 0.07861328125 0.123046875
0 0.6337890625 0.499267578125 0.0185546875 0.02685546875
0 0.572021484375 0.478271484375 0.01123046875 0.01708984375
0 0.424560546875 0.48095703125 0.01025390625 0.017578125
0 0.339599609375 0.5322265625 0.02783203125 0.0390625
0 0.5087890625 0.46875 0.0087890625 0.0126953125
0 0.442626953125 0.467529296875 0.00732421875 0.01025390625
0 0.386474609375 0.47265625 0.00830078125 0.0107421875
0 0.39990234375 0.4658203125 0.0068359375 0.009765625
