0 0.48681640625 0.5009765625 0.0224609375 0.03515625
0 0.711181640625 0.473388671875 0.01708984375 0.02685546875
0 0.125 0.67919921875 0.0712890625 0.1123046875
0 0.514892578125 0.46533203125 0.02001953125 0.017578125
0 0.8310546875 0.516357421875 0.0302734375 0.03173828125
0 0.52490234375 0.4541015625 0.009765625 0.0166015625
0 0.619140625 0.449951171875 0.0126953125 0.01318359375
0 0.838134765625 0.48486328125 0.02197265625 0.0302734375
0 0.803955078125 0.45849609375 0.01318359375 0.017578125
0 0.658447265625 0.456787109375 0.01416015625 0.01806640625
0 0.885498046875 0.4697265625 0.01318359375 0.0185546875
0 0.75244140625 0.464111328125 0.0126953125 0.02001953125
0 0.4169921875 0.44140625 0.009765625 0.013671875
0 0.494384765625 0.446044921875 0.01025390625 0.01220703125
0 0.703125 0.45654296875 0.0146484375 0.0146484375
0 0.66796875 0.44970703125 0.009765625 0.015625
0 0.642578125 0.445068359375 0.009765625 0.01416015625
0 0.4326171875 0.446533203125 0.009765625 0.01220703125
0 0.32861328125 0.4423828125 0.009765625 0.0126953125
0 0.292724609375 0.4453125 0.01025390625 0.01171875
0 0.20556640625 0.447021484375 0.01171875 0.01513671875
0 0.393310546875 0.443603515625 0.01025390625 0.01318359375
0 0.517578125 0.44970703125 0.009765625 0.0126953125
