0 0.6468750238418579 0.498046875 0.015625 0.02578124962747097
0 0.22929687798023224 0.6792968511581421 0.06015624850988388 0.08984375
0 0.3988281190395355 0.5054687261581421 0.01640624925494194 0.02656250074505806
0 0.6714843511581421 0.46601563692092896 0.01015624962747097 0.01171875
0 0.4925781190395355 0.4765625 0.014843749813735485 0.01718750037252903
0 0.557812511920929 0.46601563692092896 0.0078125 0.01171875
0 0.645703136920929 0.47539061307907104 0.01015624962747097 0.014843749813735485
0 0.7085937261581421 0.4574218690395355 0.0078125 0.008593750186264515
0 0.609375 0.45820313692092896 0.0078125 0.01015624962747097
0 0.6468750238418579 0.453125 0.0078125 0.0078125
0 0.729687511920929 0.45390623807907104 0.0078125 0.0078125
