0 0.68115234375 0.502197265625 0.029296875 0.03759765625
0 0.322509765625 0.509765625 0.03271484375 0.037109375
0 0.4033203125 0.46435546875 0.015625 0.01953125
0 0.5986328125 0.461181640625 0.015625 0.02001953125
0 0.561279296875 0.450927734375 0.00927734375 0.01416015625
0 0.4482421875 0.44384765625 0.0048828125 0.0107421875
0 0.41943359375 0.453125 0.009765625 0.0146484375
0 0.43701171875 0.447509765625 0.0087890625 0.01220703125
0 0.548828125 0.446533203125 0.0078125 0.01123046875
0 0.4541015625 0.441162109375 0.0048828125 0.00830078125
0 0.539306640625 0.443603515625 0.00634765625 0.00927734375
0 0.52978515625 0.442138671875 0.005859375 0.00634765625
0 0.525390625 0.4384765625 0.0048828125 0.0068359375
0 0.51806640625 0.4365234375 0.0048828125 0.0048828125
0 0.45849609375 0.43994140625 0.0048828125 0.0068359375
0 0.513671875 0.434814453125 0.0048828125 0.00634765625
0 0.4638671875 0.43798828125 0.0048828125 0.0068359375
