0 0.21171875298023224 0.645312488079071 0.04531250149011612 0.0703125
0 0.30390626192092896 0.559765636920929 0.0234375 0.04296875
0 0.302734375 0.516796886920929 0.014843749813735485 0.02421874925494194
0 0.533203125 0.48945313692092896 0.01796874962747097 0.02421874925494194
0 0.7757812738418579 0.5824218988418579 0.04531250149011612 0.06484375149011612
0 0.4136718809604645 0.47734373807907104 0.01171875 0.01718750037252903
0 0.37109375 0.474609375 0.00937500037252903 0.01171875
0 0.27851563692092896 0.4984374940395355 0.01171875 0.01875000074505806
0 0.21757812798023224 0.501953125 0.008593750186264515 0.01640624925494194
0 0.34375 0.47265625 0.0078125 0.00937500037252903
0 0.15781250596046448 0.498046875 0.0078125 0.01015624962747097
0 0.16640624403953552 0.5035156011581421 0.00937500037252903 0.014843749813735485
0 0.2593750059604645 0.48320311307907104 0.0078125 0.01015624962747097
0 0.32499998807907104 0.470703125 0.0078125 0.01015624962747097
0 0.24921874701976776 0.47734373807907104 0.0078125 0.0078125
0 0.3046875 0.4703125059604645 0.0078125 0.0078125
0 0.19921875 0.48046875 0.0078125 0.0078125
