0 0.28564453125 0.537353515625 0.044921875 0.05224609375
0 0.868896484375 0.59765625 0.06884765625 0.076171875
0 0.44873046875 0.48779296875 0.02734375 0.033203125
0 0.551025390625 0.47119140625 0.02099609375 0.025390625
0 0.664306640625 0.462158203125 0.01806640625 0.02099609375
0 0.773193359375 0.458251953125 0.01318359375 0.01904296875
0 0.907958984375 0.496337890625 0.02587890625 0.03076171875
0 0.472412109375 0.43408203125 0.00634765625 0.009765625
0 0.87451171875 0.457763671875 0.013671875 0.01904296875
0 0.215087890625 0.453125 0.01123046875 0.009765625
