0 0.107177734375 0.619873046875 0.06201171875 0.07666015625
0 0.865966796875 0.523193359375 0.03662109375 0.04541015625
0 0.618408203125 0.47705078125 0.01904296875 0.0283203125
0 0.47900390625 0.465576171875 0.0224609375 0.01513671875
0 0.3515625 0.45947265625 0.0146484375 0.01953125
0 0.134033203125 0.521240234375 0.02978515625 0.04052734375
0 0.234619140625 0.45703125 0.01220703125 0.0166015625
0 0.294921875 0.441650390625 0.01171875 0.00830078125
0 0.2138671875 0.451416015625 0.01171875 0.01318359375
0 0.158203125 0.44677734375 0.0087890625 0.01171875
0 0.048828125 0.490966796875 0.0205078125 0.02490234375
0 0.044189453125 0.462158203125 0.01318359375 0.01416015625
0 0.097900390625 0.452880859375 0.01025390625 0.01220703125
0 0.251708984375 0.438232421875 0.00732421875 0.00927734375
0 0.0224609375 0.475341796875 0.01953125 0.01611328125
0 0.365234375 0.433837890625 0.0087890625 0.01123046875
0 0.47021484375 0.427001953125 0.0068359375 0.00927734375
0 0.574462890625 0.4228515625 0.00537109375 0.0087890625
0 0.349609375 0.43115234375 0.0087890625 0.005859375
0 0.41162109375 0.420166015625 0.0048828125 0.00732421875
0 0.798828125 0.414794921875 0.0068359375 0.00927734375
0 0.70263671875 0.4150390625 0.0048828125 0.0087890625
0 0.5615234375 0.41845703125 0.0048828125 0.0068359375
0 0.62158203125 0.417236328125 0.0048828125 0.00634765625
0 0.658935546875 0.420654296875 0.00830078125 0.00634765625
0 0.8330078125 0.4169921875 0.0068359375 0.009765625
0 0.46826171875 0.4228515625 0.0048828125 0.0068359375
0 0.7890625 0.414794921875 0.005859375 0.00927734375
