0 0.6175000071525574 0.43812498450279236 0.047499991953372955 0.06875000149011612
0 0.7262499928474426 0.38749998807907104 0.04500002786517143 0.035000015050172806
0 0.3850000202655792 0.3981249928474426 0.03250002861022949 0.041249990463256836
0 0.6225000619888306 0.35374999046325684 0.03250002861022949 0.022500013932585716
0 0.9581249952316284 0.6037500500679016 0.08124999701976776 0.14500002562999725
0 0.11687500774860382 0.41624999046325684 0.036250002682209015 0.04999997466802597
0 0.036250002682209015 0.5143750309944153 0.07250000536441803 0.09375
0 0.10000000149011612 0.3837500214576721 0.027500003576278687 0.035000015050172806
0 0.25437501072883606 0.3675000071525574 0.02375001832842827 0.0325000062584877
0 0.13875000178813934 0.34937500953674316 0.01749999448657036 0.026250004768371582
0 0.026249999180436134 0.34187501668930054 0.015000000596046448 0.021250009536743164
0 0.13437500596046448 0.3087500035762787 0.01625000312924385 0.01749999448657036
0 0.015000000596046448 0.3606249988079071 0.019999999552965164 0.028749991208314896
