0 0.2109375 0.5346354246139526 0.046875 0.058854151517152786
0 0.953125 0.6976562738418579 0.08333329856395721 0.08802084624767303
0 0.476041704416275 0.4502604603767395 0.02500000037252903 0.031770847737789154
0 0.8135417103767395 0.6924479603767395 0.0739583969116211 0.1171875
0 0.6244791746139526 0.4351562559604645 0.012500000186264515 0.021354150027036667
0 0.8486979603767395 0.4609375 0.01406249962747097 0.019791651517152786
0 0.6380208730697632 0.4309895932674408 0.011458301916718483 0.018229197710752487
0 0.7825521230697632 0.4281249940395355 0.0078125 0.013541650958359241
0 0.6494792103767395 0.4130208492279053 0.00937500037252903 0.011458301916718483
0 0.6315104365348816 0.39531248807907104 0.008854150772094727 0.008333325386047363
