0 0.84521484375 0.57666015625 0.05078125 0.0703125
0 0.302001953125 0.505859375 0.03173828125 0.0400390625
0 0.393798828125 0.460205078125 0.01513671875 0.02197265625
0 0.612548828125 0.464599609375 0.01904296875 0.02392578125
0 0.58740234375 0.440673828125 0.0107421875 0.01416015625
0 0.447509765625 0.44140625 0.00830078125 0.013671875
0 0.470947265625 0.432861328125 0.00732421875 0.00927734375
0 0.51611328125 0.428955078125 0.005859375 0.00830078125
0 0.58935546875 0.43408203125 0.0078125 0.0107421875
0 0.577880859375 0.42724609375 0.00634765625 0.0078125
0 0.633544921875 0.43115234375 0.00634765625 0.0087890625
0 0.6513671875 0.42822265625 0.0048828125 0.0087890625
0 0.708984375 0.43212890625 0.0068359375 0.009765625
0 0.6923828125 0.427978515625 0.0048828125 0.00732421875
0 0.820556640625 0.435302734375 0.00732421875 0.01025390625
0 0.726318359375 0.42919921875 0.00537109375 0.005859375
