0 0.277587890625 0.613525390625 0.06494140625 0.08154296875
0 0.788330078125 0.56884765625 0.05126953125 0.0615234375
0 0.6396484375 0.485595703125 0.01953125 0.02490234375
0 0.42333984375 0.489501953125 0.0205078125 0.02978515625
0 0.5869140625 0.461669921875 0.0126953125 0.01708984375
0 0.469482421875 0.452880859375 0.01025390625 0.01220703125
0 0.568603515625 0.45166015625 0.00830078125 0.01171875
0 0.8017578125 0.4736328125 0.0126953125 0.017578125
0 0.639892578125 0.450927734375 0.00732421875 0.00927734375
0 0.477783203125 0.447509765625 0.00634765625 0.01025390625
0 0.490234375 0.440673828125 0.0048828125 0.00634765625
0 0.592041015625 0.440185546875 0.00537109375 0.00732421875
0 0.759033203125 0.448486328125 0.00634765625 0.00927734375
0 0.92919921875 0.469970703125 0.01171875 0.01416015625
0 0.849853515625 0.458251953125 0.00732421875 0.00927734375
0 0.7919921875 0.445556640625 0.0048828125 0.00830078125
0 0.716796875 0.444580078125 0.005859375 0.00732421875
0 0.6826171875 0.438720703125 0.0048828125 0.00732421875
0 0.724853515625 0.440673828125 0.00537109375 0.00732421875
0 0.484375 0.443603515625 0.0048828125 0.00830078125
