0 0.49531251192092896 0.435546875 0.00937500037252903 0.014843749813735485
0 0.930468738079071 0.5152343511581421 0.02187499962747097 0.03828125074505806
0 0.4312500059604645 0.46406251192092896 0.012500000186264515 0.0234375
0 0.390625 0.50390625 0.02656250074505806 0.04531250149011612
0 0.68359375 0.4488281309604645 0.01406249962747097 0.02109375037252903
0 0.36406248807907104 0.435546875 0.0078125 0.014843749813735485
0 0.33515626192092896 0.451171875 0.0078125 0.014843749813735485
0 0.228515625 0.44999998807907104 0.01015624962747097 0.01406249962747097
0 0.17695312201976776 0.44140625 0.008593750186264515 0.010937499813735485
0 0.11992187798023224 0.453125 0.008593750186264515 0.01406249962747097
