0 0.8200521469116211 0.48750001192092896 0.019270801916718483 0.02812499925494194
0 0.6304687261581421 0.43359375 0.011979150585830212 0.01718750037252903
0 0.37317711114883423 0.47187501192092896 0.028645824640989304 0.04166664928197861
0 0.5005208253860474 0.4442708492279053 0.01875000074505806 0.02500000037252903
0 0.6572917103767395 0.42604169249534607 0.008333349600434303 0.013541650958359241
0 0.772656261920929 0.44140625 0.0078125 0.01406249962747097
0 0.09947916865348816 0.4546875059604645 0.02291666343808174 0.030208349227905273
0 0.7809895873069763 0.45520836114883423 0.010937499813735485 0.015625
0 0.7679687738418579 0.433072954416275 0.0057291509583592415 0.0078125
0 0.7567708492279053 0.4268229603767395 0.005208301357924938 0.0057291509583592415
0 0.6703125238418579 0.4216145873069763 0.005208349321037531 0.0078125
