0 0.12812499701976776 0.5190104246139526 0.04895833879709244 0.05364584922790527
0 0.35859376192092896 0.464322954416275 0.02968749962747097 0.03802084922790527
0 0.6734374761581421 0.4294270873069763 0.011458349414169788 0.016145801171660423
0 0.592968761920929 0.42994794249534607 0.01406249962747097 0.019270848482847214
0 0.828125 0.5268229246139526 0.035416699945926666 0.04427085071802139
0 0.4114583432674408 0.41041669249534607 0.011458301916718483 0.014583349227905273
0 0.7791666984558105 0.43671876192092896 0.00937500037252903 0.013020848855376244
0 0.12786458432674408 0.43151044845581055 0.015104174613952637 0.018229151144623756
0 0.8903646469116211 0.47343748807907104 0.010937499813735485 0.016666650772094727
0 0.8994792103767395 0.46119794249534607 0.00937500037252903 0.011979150585830212
0 0.21302084624767303 0.4075520932674408 0.010416674427688122 0.01406249962747097
0 0.02838541939854622 0.4296875 0.01302083395421505 0.01875000074505806
0 0.814583420753479 0.4351562559604645 0.007291698362678289 0.008854150772094727
0 0.917187511920929 0.4557291865348816 0.007291698362678289 0.010416651144623756
0 0.8359375 0.4322916865348816 0.00937500037252903 0.012500000186264515
0 0.8833333849906921 0.7447916865348816 0.09270830452442169 0.06979165226221085
0 0.8182291984558105 0.42500001192092896 0.005208396818488836 0.005208349321037531
0 0.8989583849906921 0.436979204416275 0.005208301357924938 0.005208349321037531
0 0.13906249403953552 0.4098958373069763 0.010416662320494652 0.011458301916718483
