0 0.16119793057441711 0.7124999761581421 0.07343749701976776 0.12187500298023224
0 0.33151042461395264 0.5414062738418579 0.03697915002703667 0.05989585071802139
0 0.31328123807907104 0.4921875 0.025520825758576393 0.03750000149011612
0 0.2854166626930237 0.46484375 0.017708349972963333 0.02656250074505806
0 0.9205729365348816 0.5338541865348816 0.03802089765667915 0.054166652262210846
0 0.69921875 0.4609375 0.02656250074505806 0.03229165077209473
0 0.4703125059604645 0.41979169845581055 0.014583349227905273 0.017708349972963333
0 0.3229166865348816 0.41796875 0.010416651144623756 0.015104150399565697
0 0.21302084624767303 0.4401041865348816 0.012500000186264515 0.016666650772094727
0 0.14661458134651184 0.43437498807907104 0.009895825758576393 0.015625
0 0.04010416939854622 0.43958336114883423 0.00937500037252903 0.013541698455810547
0 0.23281249403953552 0.41458335518836975 0.008333325386047363 0.011458301916718483
