0 0.19062499701976776 0.4856249690055847 0.06125000864267349 0.07874999195337296
0 0.484375 0.4437499940395355 0.04374999925494194 0.059999991208314896
0 0.7137500047683716 0.4181250035762787 0.03750000149011612 0.05125000327825546
0 0.9381250143051147 0.5568750500679016 0.09624996036291122 0.11375002562999725
0 0.05249999836087227 0.37187498807907104 0.017500001937150955 0.028749991208314896
0 0.1887499988079071 0.37937501072883606 0.01749999448657036 0.028749991208314896
0 0.33000001311302185 0.3725000023841858 0.020000005140900612 0.029999995604157448
0 0.390625 0.36625000834465027 0.016249990090727806 0.02500000037252903
0 0.7762500047683716 0.3843750059604645 0.03250002861022949 0.023749995976686478
0 0.9243749380111694 0.4006250500679016 0.028749942779541016 0.03875003010034561
0 0.8837499618530273 0.3631249964237213 0.0150000574067235 0.021249985322356224
0 0.8537500500679016 0.3700000047683716 0.0175000187009573 0.02500000037252903
0 0.659375011920929 0.3656249940395355 0.013749981299042702 0.023749995976686478
0 0.5049999952316284 0.36250001192092896 0.015000009909272194 0.022499989718198776
0 0.14249999821186066 0.3675000071525574 0.017500007525086403 0.027499984949827194
0 0.2562499940395355 0.35999998450279236 0.015000009909272194 0.022500013932585716
0 0.5300000309944153 0.35624998807907104 0.012500000186264515 0.020000005140900612
0 0.3700000047683716 0.35624998807907104 0.0175000187009573 0.022499989718198776
0 0.6312500238418579 0.3581250309944153 0.019999980926513672 0.023749995976686478
0 0.19374999403953552 0.3618749976158142 0.014999997802078724 0.023749995976686478
0 0.7331250309944153 0.36125001311302185 0.016249990090727806 0.022500013932585716
0 0.7287500500679016 0.32999998331069946 0.015000009909272194 0.02500000037252903
