0 0.22874999046325684 0.4949999749660492 0.035000015050172806 0.040000010281801224
0 0.6662500500679016 0.5112500190734863 0.03250002861022949 0.04499997943639755
0 0.6393750309944153 0.46437501907348633 0.01875000074505806 0.03125
0 0.9543750882148743 0.612500011920929 0.058750055730342865 0.027500009164214134
0 0.4268750250339508 0.4462500214576721 0.011250019073486328 0.022500038146972656
0 0.2887499928474426 0.4593749940395355 0.019999980926513672 0.021250009536743164
0 0.5693750381469727 0.4324999749660492 0.00875000935047865 0.015000009909272194
0 0.7006250023841858 0.460625022649765 0.03125 0.01875000074505806
0 0.6243749856948853 0.43687501549720764 0.011250019073486328 0.016250038519501686
0 0.49937501549720764 0.4268750250339508 0.008749961853027344 0.013749981299042702
0 0.4543749690055847 0.4350000023841858 0.011249971576035023 0.012500000186264515
0 0.5350000262260437 0.4256250262260437 0.00750002870336175 0.013750028796494007
0 0.3824999928474426 0.4375 0.022499989718198776 0.015000009909272194
0 0.512499988079071 0.3974999785423279 0.007499980740249157 0.010000014677643776
0 0.543749988079071 0.4231249690055847 0.009999990463256836 0.00875000935047865
0 0.5900000333786011 0.42500001192092896 0.007499980740249157 0.012500000186264515
