0 0.24500000476837158 0.48500004410743713 0.03249998018145561 0.04249997064471245
0 0.3062500059604645 0.4518750309944153 0.020000005140900612 0.028749991208314896
0 0.6956250071525574 0.4712499976158142 0.028749991208314896 0.039999961853027344
0 0.14874999225139618 0.5493749976158142 0.06499999761581421 0.07124996185302734
0 0.32874998450279236 0.4300000071525574 0.014999985694885254 0.019999980926513672
0 0.6181250214576721 0.4412499964237213 0.01875000074505806 0.02500000037252903
0 0.8687499761581421 0.5318750143051147 0.04250001907348633 0.06375002861022949
0 0.3543750047683716 0.4087499976158142 0.00875000935047865 0.014999961480498314
0 0.34687501192092896 0.41874998807907104 0.011249994859099388 0.0175000187009573
0 0.5693750381469727 0.4256250262260437 0.013750028796494007 0.021250009536743164
0 0.5325000286102295 0.4162500500679016 0.012500000186264515 0.017499972134828568
0 0.512499988079071 0.4100000262260437 0.009999990463256836 0.015000009909272194
