0 0.7087500095367432 0.4156250059604645 0.07250003516674042 0.10124997794628143
0 0.6050000190734863 0.42500001192092896 0.07500000298023224 0.09499998390674591
0 0.6518750190734863 0.5818749666213989 0.07874999195337296 0.10625000298023224
0 0.4662500023841858 0.559374988079071 0.07500000298023224 0.0912499874830246
0 0.4650000035762787 0.4050000309944153 0.052499961107969284 0.07500002533197403
0 0.413750022649765 0.5218750238418579 0.06250002235174179 0.07125000655651093
0 0.19062499701976776 0.6537500619888306 0.10374999046325684 0.09000001102685928
0 0.30937498807907104 0.3981249928474426 0.04374999925494194 0.0612499937415123
0 0.026250001043081284 0.675000011920929 0.05250000208616257 0.047499991953372955
0 0.5 0.5462499856948853 0.052500009536743164 0.060000039637088776
