0 0.8502604365348816 0.7192708253860474 0.08697910606861115 0.09583330154418945
0 0.785937488079071 0.5151041746139526 0.03125 0.042708348482847214
0 0.3869791626930237 0.4609375 0.026041651144623756 0.03229165077209473
0 0.5489583611488342 0.41197919845581055 0.00937500037252903 0.012500000186264515
0 0.71875 0.42630210518836975 0.010416651144623756 0.01406249962747097
0 0.6294270753860474 0.4046874940395355 0.008854198269546032 0.0062500000931322575
0 0.6776041984558105 0.4088541865348816 0.00937500037252903 0.0062500000931322575
0 0.6559895873069763 0.40703123807907104 0.008854198269546032 0.0067708492279052734
0 0.542187511920929 0.4091145992279053 0.008333349600434303 0.011979198083281517
0 0.614062488079071 0.40260419249534607 0.0062500000931322575 0.008333349600434303
0 0.5328124761581421 0.39661461114883423 0.005208349321037531 0.008854198269546032
0 0.6052083373069763 0.39505210518836975 0.005208301357924938 0.006770825479179621
0 0.6109374761581421 0.39453125 0.005208349321037531 0.006770825479179621
