0 0.963671863079071 0.698046863079071 0.06953124701976776 0.11015625298023224
0 0.271484375 0.49492186307907104 0.03984374925494194 0.06171875074505806
0 0.31718748807907104 0.4253906309604645 0.02187499962747097 0.03046875074505806
0 0.596875011920929 0.43046873807907104 0.01875000074505806 0.02812499925494194
0 0.4664062559604645 0.3949218690395355 0.00937500037252903 0.01640624925494194
0 0.19374999403953552 0.3968749940395355 0.00937500037252903 0.012500000186264515
0 0.30781251192092896 0.39960938692092896 0.00937500037252903 0.01796874962747097
0 0.24531249701976776 0.3968749940395355 0.00937500037252903 0.015625
0 0.39765626192092896 0.37890625 0.0078125 0.00937500037252903
0 0.30390626192092896 0.3824218809604645 0.0078125 0.01015624962747097
0 0.4242187440395355 0.384765625 0.0078125 0.01328125037252903
0 0.02187499962747097 0.40507811307907104 0.0078125 0.01328125037252903
0 0.02695312537252903 0.4046874940395355 0.008593750186264515 0.012500000186264515
0 0.19218750298023224 0.3890624940395355 0.0078125 0.010937499813735485
