0 0.078125 0.63232421875 0.0693359375 0.080078125
0 0.3154296875 0.492431640625 0.021484375 0.03173828125
0 0.71435546875 0.4716796875 0.015625 0.021484375
0 0.77099609375 0.51220703125 0.0302734375 0.0380859375
0 0.468994140625 0.454345703125 0.01220703125 0.01708984375
0 0.70849609375 0.4501953125 0.0107421875 0.0146484375
0 0.563720703125 0.4375 0.00732421875 0.0126953125
0 0.71533203125 0.441162109375 0.0087890625 0.01318359375
0 0.735595703125 0.43408203125 0.00732421875 0.0107421875
0 0.625 0.4287109375 0.005859375 0.0087890625
0 0.689208984375 0.425048828125 0.00537109375 0.00732421875
0 0.763671875 0.430419921875 0.0068359375 0.00830078125
0 0.729248046875 0.423828125 0.00537109375 0.005859375
0 0.8349609375 0.427001953125 0.0048828125 0.00732421875
0 0.830322265625 0.4248046875 0.00537109375 0.0068359375
0 0.79638671875 0.427490234375 0.0068359375 0.00732421875
0 0.856201171875 0.42333984375 0.00537109375 0.0068359375
0 0.705322265625 0.421142578125 0.01025390625 0.00634765625
