0 0.9231250882148743 0.6325000524520874 0.08874998241662979 0.10000000149011612
0 0.6762499809265137 0.49687498807907104 0.04249997064471245 0.053749989718198776
0 0.5818750262260437 0.45625001192092896 0.028749991208314896 0.03750000149011612
0 0.3812499940395355 0.5100000500679016 0.04249999672174454 0.059999991208314896
0 0.5643750429153442 0.4025000035762787 0.02375001832842827 0.035000015050172806
0 0.3499999940395355 0.4456250071525574 0.020000005140900612 0.033750008791685104
0 0.37812501192092896 0.46812501549720764 0.023749995976686478 0.03874998167157173
0 0.49687498807907104 0.36937499046325684 0.013749981299042702 0.026250004768371582
0 0.606249988079071 0.3881250023841858 0.0175000187009573 0.03124997578561306
0 0.3475000262260437 0.4150000214576721 0.012500000186264515 0.02500000037252903
