0 0.7734375 0.544189453125 0.0400390625 0.05322265625
0 0.6630859375 0.485107421875 0.0234375 0.02880859375
0 0.232177734375 0.585205078125 0.05419921875 0.06884765625
0 0.392822265625 0.474853515625 0.01904296875 0.02685546875
0 0.72802734375 0.462158203125 0.0146484375 0.01904296875
0 0.43115234375 0.451171875 0.0107421875 0.0166015625
0 0.580078125 0.447509765625 0.0087890625 0.01513671875
0 0.56298828125 0.4384765625 0.0078125 0.0126953125
0 0.4501953125 0.43798828125 0.0087890625 0.0146484375
0 0.459716796875 0.431396484375 0.00634765625 0.01025390625
0 0.582275390625 0.434814453125 0.00634765625 0.01025390625
0 0.548828125 0.43212890625 0.005859375 0.0087890625
0 0.54296875 0.42822265625 0.0048828125 0.0087890625
0 0.46728515625 0.426025390625 0.0048828125 0.00732421875
0 0.69921875 0.44580078125 0.0078125 0.01171875
0 0.69580078125 0.436767578125 0.005859375 0.00927734375
0 0.8203125 0.447265625 0.0068359375 0.01171875
0 0.74365234375 0.42529296875 0.0048828125 0.0068359375
0 0.78955078125 0.4296875 0.005859375 0.0078125
0 0.802490234375 0.4462890625 0.00830078125 0.01171875
0 0.875244140625 0.434814453125 0.00634765625 0.00830078125
0 0.53564453125 0.424560546875 0.0048828125 0.00732421875
0 0.854736328125 0.437255859375 0.00634765625 0.00830078125
0 0.8203125 0.42822265625 0.0048828125 0.0068359375
0 0.68701171875 0.4287109375 0.005859375 0.0078125
0 0.53857421875 0.421875 0.0048828125 0.0068359375
0 0.5869140625 0.4208984375 0.0048828125 0.005859375
0 0.470703125 0.4228515625 0.0048828125 0.0068359375
0 0.4833984375 0.4208984375 0.0048828125 0.005859375
