0 0.231201171875 0.528076171875 0.02685546875 0.04052734375
0 0.657958984375 0.52587890625 0.03173828125 0.0439453125
0 0.3505859375 0.47607421875 0.0146484375 0.021484375
0 0.563232421875 0.463623046875 0.01416015625 0.02001953125
0 0.5400390625 0.448974609375 0.009765625 0.01513671875
0 0.4052734375 0.451171875 0.0087890625 0.013671875
0 0.428466796875 0.439697265625 0.00537109375 0.00927734375
0 0.4384765625 0.435546875 0.0048828125 0.0078125
0 0.5224609375 0.438720703125 0.005859375 0.00927734375
0 0.51806640625 0.43408203125 0.0048828125 0.0078125
0 0.447265625 0.4326171875 0.0048828125 0.005859375
0 0.5126953125 0.43115234375 0.0048828125 0.0068359375
0 0.4541015625 0.430419921875 0.0048828125 0.00537109375
0 0.51953125 0.4267578125 0.0048828125 0.0048828125
0 0.54736328125 0.42431640625 0.0048828125 0.0048828125
