0 0.915283203125 0.62939453125 0.11376953125 0.1494140625
0 0.799072265625 0.56689453125 0.07275390625 0.109375
0 0.12109375 0.65673828125 0.111328125 0.166015625
0 0.241943359375 0.562255859375 0.06396484375 0.10498046875
0 0.334716796875 0.511474609375 0.02783203125 0.04052734375
0 0.67529296875 0.500732421875 0.0263671875 0.03662109375
0 0.604248046875 0.46630859375 0.01806640625 0.0234375
0 0.396728515625 0.4677734375 0.01904296875 0.0234375
0 0.5595703125 0.442138671875 0.0107421875 0.01416015625
0 0.54443359375 0.43359375 0.0078125 0.0107421875
0 0.533935546875 0.428466796875 0.00732421875 0.00927734375
0 0.430419921875 0.441650390625 0.01220703125 0.01416015625
0 0.44384765625 0.4326171875 0.005859375 0.009765625
0 0.4541015625 0.42431640625 0.0048828125 0.0078125
0 0.525390625 0.4248046875 0.0048828125 0.0087890625
0 0.521484375 0.421142578125 0.0048828125 0.00732421875
0 0.5185546875 0.41796875 0.0048828125 0.0068359375
0 0.44775390625 0.42919921875 0.0048828125 0.0107421875
0 0.51416015625 0.41552734375 0.0048828125 0.005859375
0 0.4599609375 0.420654296875 0.0048828125 0.00537109375
