0 0.43046873807907104 0.41289061307907104 0.02031249925494194 0.02890625037252903
0 0.40898436307907104 0.4097656309604645 0.01640624925494194 0.02578124962747097
0 0.3218750059604645 0.37773436307907104 0.00937500037252903 0.01328125037252903
0 0.6734374761581421 0.435546875 0.015625 0.02421874925494194
0 0.43281251192092896 0.3765625059604645 0.010937499813735485 0.015625
0 0.05859375 0.5621093511581421 0.0390625 0.07265625149011612
0 0.5132812261581421 0.37812501192092896 0.0078125 0.010937499813735485
0 0.6312500238418579 0.40117186307907104 0.0078125 0.01171875
0 0.6460937261581421 0.39453125 0.0078125 0.0078125
0 0.10820312798023224 0.5804687738418579 0.04765624925494194 0.07968749850988388
0 0.6265624761581421 0.396484375 0.0078125 0.01171875
0 0.574999988079071 0.3812499940395355 0.0078125 0.0078125
0 0.682812511920929 0.3984375 0.0078125 0.0078125
0 0.7875000238418579 0.41914063692092896 0.0078125 0.01015624962747097
0 0.749218761920929 0.41093748807907104 0.0078125 0.0078125
0 0.717968761920929 0.4046874940395355 0.0078125 0.0078125
0 0.6734374761581421 0.39453125 0.0078125 0.0078125
0 0.6207031011581421 0.38593751192092896 0.008593750186264515 0.00937500037252903
