0 0.6903645992279053 0.472135454416275 0.024479199200868607 0.03281249850988388
0 0.907031238079071 0.5036458373069763 0.03697919845581055 0.027083301916718483
0 0.835156261920929 0.495572954416275 0.03385419771075249 0.024479150772094727
0 0.7445312738418579 0.4820312559604645 0.03281249850988388 0.024479150772094727
0 0.5622395873069763 0.421875 0.01406249962747097 0.016666650772094727
0 0.44843751192092896 0.44453126192092896 0.015625 0.025520849972963333
0 0.6627604365348816 0.41822919249534607 0.008854150772094727 0.012500000186264515
0 0.828125 0.43567711114883423 0.010416698642075062 0.01406249962747097
0 0.8023437261581421 0.41822919249534607 0.0067708492279052734 0.00937500037252903
0 0.6734374761581421 0.417447954416275 0.00937500037252903 0.011979150585830212
0 0.692187488079071 0.40807294845581055 0.0062500000931322575 0.008854150772094727
0 0.7020833492279053 0.40260419249534607 0.005208301357924938 0.008333349600434303
