0 0.273193359375 0.4306640625 0.00634765625 0.0126953125
0 0.26416015625 0.432373046875 0.0068359375 0.01318359375
0 0.216796875 0.432373046875 0.0068359375 0.01318359375
0 0.247314453125 0.43798828125 0.00732421875 0.0087890625
0 0.01416015625 0.45849609375 0.0126953125 0.0166015625
0 0.175048828125 0.439453125 0.01025390625 0.013671875
0 0.2080078125 0.43310546875 0.0068359375 0.01171875
0 0.13623046875 0.4443359375 0.0107421875 0.013671875
0 0.20703125 0.442138671875 0.0078125 0.01025390625
0 0.10595703125 0.456787109375 0.0146484375 0.01806640625
