0 0.25732421875 0.5546875 0.04296875 0.0556640625
0 0.642578125 0.490478515625 0.021484375 0.03076171875
0 0.365234375 0.48876953125 0.0224609375 0.0283203125
0 0.772216796875 0.562255859375 0.04345703125 0.05712890625
0 0.5888671875 0.4580078125 0.013671875 0.01953125
0 0.417724609375 0.458984375 0.01513671875 0.017578125
0 0.44580078125 0.4443359375 0.009765625 0.013671875
0 0.569580078125 0.44482421875 0.01025390625 0.0146484375
0 0.55908203125 0.43701171875 0.0078125 0.0107421875
0 0.54736328125 0.4306640625 0.0068359375 0.009765625
0 0.45556640625 0.438720703125 0.0087890625 0.01025390625
0 0.46337890625 0.432373046875 0.0078125 0.00927734375
0 0.541015625 0.42626953125 0.0048828125 0.0068359375
