0 0.4585937559604645 0.4945312440395355 0.012500000186264515 0.02187499962747097
0 0.44414061307907104 0.494140625 0.01328125037252903 0.02109375037252903
0 0.69921875 0.4789062440395355 0.01718750037252903 0.02187499962747097
0 0.12148437649011612 0.747265636920929 0.06640625 0.06484375149011612
0 0.21171875298023224 0.744921863079071 0.05937499925494194 0.06640625
0 0.26679688692092896 0.5082031488418579 0.01328125037252903 0.01796874962747097
0 0.6195312738418579 0.46015626192092896 0.0078125 0.01406249962747097
0 0.4859375059604645 0.466796875 0.0078125 0.01171875
0 0.3687500059604645 0.474609375 0.0078125 0.01171875
0 0.589062511920929 0.4527343809604645 0.0078125 0.01015624962747097
0 0.47734373807907104 0.4683593809604645 0.0078125 0.01328125037252903
