0 0.7099609375 0.498779296875 0.029296875 0.03369140625
0 0.32958984375 0.527099609375 0.037109375 0.04638671875
0 0.408447265625 0.472412109375 0.02001953125 0.02783203125
0 0.62646484375 0.46044921875 0.0126953125 0.01953125
0 0.445068359375 0.45166015625 0.01318359375 0.017578125
0 0.5830078125 0.442626953125 0.0107421875 0.01416015625
0 0.563232421875 0.4345703125 0.00927734375 0.01171875
0 0.45947265625 0.441650390625 0.0107421875 0.01416015625
0 0.46923828125 0.43310546875 0.0087890625 0.01171875
0 0.4765625 0.42822265625 0.005859375 0.0087890625
0 0.60302734375 0.4267578125 0.0048828125 0.0078125
0 0.552734375 0.428466796875 0.005859375 0.00830078125
0 0.655029296875 0.4306640625 0.00732421875 0.0087890625
0 0.58203125 0.424072265625 0.0048828125 0.00732421875
0 0.546875 0.424072265625 0.0048828125 0.00732421875
0 0.96484375 0.440185546875 0.0087890625 0.01220703125
0 0.883544921875 0.438232421875 0.00634765625 0.00927734375
0 0.71337890625 0.43408203125 0.005859375 0.009765625
0 0.905029296875 0.43505859375 0.00537109375 0.0068359375
0 0.79443359375 0.435546875 0.0068359375 0.009765625
0 0.72509765625 0.428955078125 0.0068359375 0.00927734375
