0 0.2760416865348816 0.4937500059604645 0.03750000149011612 0.04791665077209473
0 0.7692708373069763 0.516406238079071 0.04166669771075249 0.05260415002703667
0 0.6541666984558105 0.44713544845581055 0.02812499925494194 0.034895848482847214
0 0.34427085518836975 0.4585937559604645 0.030208325013518333 0.03593749925494194
0 0.32421875 0.4375 0.019270826131105423 0.027083348482847214
0 0.22057291865348816 0.42994794249534607 0.013020848855376244 0.019270848482847214
0 0.5768229365348816 0.4156250059604645 0.013020848855376244 0.02187499962747097
0 0.27552086114883423 0.4333333373069763 0.016666674986481667 0.022916698828339577
0 0.4700520932674408 0.4033854603767395 0.011979198083281517 0.016145849600434303
0 0.3057291805744171 0.3994791805744171 0.008333349600434303 0.013541650958359241
0 0.1041666716337204 0.43020835518836975 0.011458337306976318 0.015625
0 0.17473958432674408 0.409635454416275 0.0078125 0.010937499813735485
0 0.7229167222976685 0.3921875059604645 0.008333349600434303 0.012500000186264515
0 0.00963541679084301 0.43802085518836975 0.010937499813735485 0.016666699200868607
0 0.86223965883255 0.4255208373069763 0.011979198083281517 0.014583301730453968
0 0.6692708730697632 0.3882812559604645 0.010416698642075062 0.016145825386047363
0 0.828906238079071 0.4098958373069763 0.011979198083281517 0.02500000037252903
0 0.7992187738418579 0.4059895873069763 0.01406249962747097 0.011979198083281517
0 0.7705729603767395 0.3955729603767395 0.0078125 0.01406252384185791
0 0.6825520992279053 0.3942708373069763 0.009895801544189453 0.017708325758576393
0 0.87786465883255 0.4075520932674408 0.006770801730453968 0.010937499813735485
