0 0.3525000214576721 0.4306250214576721 0.047499991953372955 0.033749960362911224
0 0.668749988079071 0.3668749928474426 0.019999980926513672 0.03125
0 0.04374999925494194 0.4637499749660492 0.03999999910593033 0.059999991208314896
0 0.03750000149011612 0.4243749976158142 0.030000001192092896 0.04374999925494194
0 0.2056250125169754 0.38499999046325684 0.021250009536743164 0.029999995604157448
0 0.2487500160932541 0.3737500309944153 0.014999985694885254 0.027499984949827194
0 0.4087499976158142 0.3787499964237213 0.022500013932585716 0.029999995604157448
0 0.5068750381469727 0.3675000071525574 0.016249990090727806 0.027499984949827194
0 0.6506249904632568 0.38624998927116394 0.01875000074505806 0.03499998897314072
0 0.8612500429153442 0.3656249940395355 0.020000075921416283 0.033750008791685104
0 0.5337499976158142 0.3518750071525574 0.012500000186264515 0.028750013560056686
0 0.08687499910593033 0.37562498450279236 0.016249995678663254 0.026250004768371582
0 0.00937500037252903 0.3993750214576721 0.01875000074505806 0.04374999925494194
