0 0.2734375 0.50439453125 0.0234375 0.03515625
0 0.194091796875 0.55615234375 0.04833984375 0.052734375
0 0.602783203125 0.47802734375 0.01806640625 0.02734375
0 0.299560546875 0.458984375 0.01416015625 0.017578125
0 0.56103515625 0.45849609375 0.013671875 0.01953125
0 0.260009765625 0.451171875 0.01220703125 0.0146484375
0 0.471435546875 0.44677734375 0.01025390625 0.013671875
0 0.3603515625 0.43994140625 0.009765625 0.0107421875
0 0.292236328125 0.438232421875 0.00732421875 0.00927734375
0 0.238037109375 0.4375 0.00732421875 0.0087890625
0 0.197509765625 0.44775390625 0.00927734375 0.0126953125
0 0.036865234375 0.442626953125 0.00927734375 0.01025390625
0 0.11669921875 0.45068359375 0.0107421875 0.01171875
0 0.06787109375 0.4619140625 0.015625 0.017578125
0 0.014892578125 0.45458984375 0.01806640625 0.0166015625
0 0.1376953125 0.439208984375 0.0087890625 0.01123046875
