0 0.348388671875 0.503662109375 0.02783203125 0.03662109375
0 0.47021484375 0.476806640625 0.0234375 0.02685546875
0 0.54736328125 0.464111328125 0.01953125 0.02294921875
0 0.884033203125 0.48291015625 0.01611328125 0.0205078125
0 0.90576171875 0.552490234375 0.041015625 0.05517578125
0 0.780029296875 0.447021484375 0.00830078125 0.00927734375
0 0.8974609375 0.46630859375 0.009765625 0.0146484375
0 0.6611328125 0.453369140625 0.0126953125 0.01611328125
0 0.7138671875 0.447021484375 0.0107421875 0.01220703125
0 0.90380859375 0.458740234375 0.009765625 0.01318359375
0 0.89208984375 0.446044921875 0.0087890625 0.01025390625
