0 0.046875 0.6460937261581421 0.06718750298023224 0.08749999850988388
0 0.3246093690395355 0.5238281488418579 0.02109375037252903 0.02890625037252903
0 0.380859375 0.5015624761581421 0.01171875 0.02031249925494194
0 0.724609375 0.484375 0.01015624962747097 0.01718750037252903
0 0.6761718988418579 0.47773438692092896 0.01796874962747097 0.03515625
0 0.625 0.478515625 0.02031249925494194 0.03828125074505806
0 0.5703125 0.4898437559604645 0.012500000186264515 0.01718750037252903
0 0.35273438692092896 0.482421875 0.01796874962747097 0.03359375149011612
0 0.41914063692092896 0.4886718690395355 0.01015624962747097 0.01640624925494194
0 0.3929687440395355 0.47968751192092896 0.015625 0.03593749925494194
0 0.4378906190395355 0.4808593690395355 0.007031249813735485 0.01171875
0 0.5433593988418579 0.4839843809604645 0.008593750186264515 0.01328125037252903
0 0.5316406488418579 0.47734373807907104 0.007031249813735485 0.012500000186264515
0 0.4253906309604645 0.46953123807907104 0.007031249813735485 0.01406249962747097
0 0.4078125059604645 0.47187501192092896 0.0078125 0.00937500037252903
0 0.742968738079071 0.4722656309604645 0.0078125 0.01171875
0 0.45039063692092896 0.4749999940395355 0.007031249813735485 0.0078125
0 0.748828113079071 0.4664062559604645 0.007031249813735485 0.0078125
0 0.520312488079071 0.47265625 0.0078125 0.0078125
