0 0.15859374403953552 0.642578125 0.04218750074505806 0.06640625
0 0.916015625 0.5503906011581421 0.03828125074505806 0.04609375074505806
0 0.41523438692092896 0.48124998807907104 0.01328125037252903 0.02031249925494194
0 0.35820311307907104 0.514453113079071 0.01796874962747097 0.02890625037252903
0 0.8101562261581421 0.4976562559604645 0.02031249925494194 0.02656250074505806
0 0.6351562738418579 0.45625001192092896 0.015625 0.02500000037252903
0 0.791015625 0.474609375 0.01328125037252903 0.01953125
0 0.599609375 0.45781248807907104 0.01171875 0.02187499962747097
0 0.5625 0.46210938692092896 0.0078125 0.01171875
0 0.4593749940395355 0.46171873807907104 0.0078125 0.010937499813735485
0 0.4398437440395355 0.45781248807907104 0.010937499813735485 0.0234375
0 0.41132813692092896 0.4609375 0.01015624962747097 0.01718750037252903
0 0.43867188692092896 0.46992188692092896 0.008593750186264515 0.01328125037252903
0 0.669140636920929 0.46171873807907104 0.008593750186264515 0.012500000186264515
0 0.5484374761581421 0.45781248807907104 0.0078125 0.010937499813735485
0 0.5367187261581421 0.44843751192092896 0.0078125 0.0078125
0 0.4710937440395355 0.4554687440395355 0.0078125 0.0078125
0 0.79296875 0.46484375 0.0078125 0.012500000186264515
0 0.47968751192092896 0.4507812559604645 0.0078125 0.0078125
0 0.45781248807907104 0.447265625 0.0078125 0.01015624962747097
0 0.5406249761581421 0.4527343809604645 0.0078125 0.008593750186264515
0 0.7046874761581421 0.45234376192092896 0.0078125 0.00937500037252903
0 0.72265625 0.4476562440395355 0.0078125 0.0078125
