0 0.8337499499320984 0.5262500047683716 0.08000002056360245 0.10750003159046173
0 0.8925000429153442 0.48000001907348633 0.0625 0.08499999344348907
0 0.4362500309944153 0.38499999046325684 0.03750000149011612 0.05499999597668648
0 0.24375000596046448 0.3974999785423279 0.047499991953372955 0.06749999523162842
0 0.5200000405311584 0.37687498331069946 0.03750000149011612 0.053749989718198776
0 0.6193750500679016 0.36937499046325684 0.033750008791685104 0.053750015795230865
0 0.12437500059604645 0.4362500309944153 0.06874999403953552 0.08499999344348907
0 0.7262499928474426 0.3581250309944153 0.03250002861022949 0.046249985694885254
0 0.9700000882148743 0.43687501549720764 0.05500001832842827 0.07375001907348633
0 0.861875057220459 0.3712500035762787 0.03125 0.052500009536743164
0 0.9362500309944153 0.39375001192092896 0.03750000149011612 0.05499999597668648
0 0.5900000333786011 0.3506249785423279 0.027499962598085403 0.04125001281499863
0 0.9225000143051147 0.382500022649765 0.0350000374019146 0.05000002309679985
