0 0.7362500429153442 0.5356249809265137 0.047499991953372955 0.06375002861022949
0 0.3062500059604645 0.5181249976158142 0.040000010281801224 0.05624999850988388
0 0.40812501311302185 0.4593749940395355 0.02375001832842827 0.033750008791685104
0 0.5893750190734863 0.4612500071525574 0.026249980553984642 0.03499998897314072
0 0.550000011920929 0.44437503814697266 0.015000009909272194 0.023749971762299538
0 0.3824999928474426 0.44312500953674316 0.0175000187009573 0.02375001832842827
0 0.4518750309944153 0.4231250286102295 0.013749981299042702 0.01875000074505806
0 0.4087499976158142 0.4143750071525574 0.014999961480498314 0.011250019073486328
0 0.359375 0.42125001549720764 0.011249994859099388 0.0175000187009573
0 0.5418750047683716 0.4193750321865082 0.013750028796494007 0.013750028796494007
0 0.4375 0.40937501192092896 0.007499980740249157 0.013749981299042702
0 0.4612500071525574 0.40687504410743713 0.007499980740249157 0.00875000935047865
0 0.5643750429153442 0.40062499046325684 0.011250019073486328 0.01874997653067112
0 0.5393750071525574 0.4074999690055847 0.011250019073486328 0.00750002870336175
0 0.48625001311302185 0.4037500023841858 0.007499980740249157 0.012499975971877575
