0 0.352783203125 0.526611328125 0.03466796875 0.04052734375
0 0.400146484375 0.465087890625 0.01513671875 0.02587890625
0 0.4326171875 0.4453125 0.01171875 0.0166015625
0 0.6689453125 0.478759765625 0.021484375 0.02978515625
0 0.58349609375 0.447021484375 0.01171875 0.01513671875
0 0.4619140625 0.434326171875 0.009765625 0.01025390625
0 0.573486328125 0.435302734375 0.00634765625 0.00927734375
0 0.614501953125 0.4287109375 0.00537109375 0.0078125
0 0.567626953125 0.4267578125 0.00537109375 0.0078125
0 0.477294921875 0.43017578125 0.00634765625 0.0078125
