0 0.9300000071525574 0.6025000214576721 0.0700000748038292 0.09499998390674591
0 0.3449999988079071 0.5037500262260437 0.03499998897314072 0.052500009536743164
0 0.3831250071525574 0.4556249976158142 0.021249985322356224 0.033749960362911224
0 0.6537500619888306 0.46812501549720764 0.027500009164214134 0.041250038892030716
0 0.5787500143051147 0.44187498092651367 0.017499972134828568 0.028749991208314896
0 0.5049999952316284 0.4256250262260437 0.015000009909272194 0.023749971762299538
0 0.3943749964237213 0.4112500250339508 0.008749986067414284 0.015000009909272194
0 0.35875001549720764 0.4362500309944153 0.01749999448657036 0.02500000037252903
0 0.3199999928474426 0.42375001311302185 0.012500000186264515 0.0175000187009573
0 0.42750000953674316 0.4156250059604645 0.012500000186264515 0.021250009536743164
0 0.2606250047683716 0.42125001549720764 0.013749981299042702 0.0175000187009573
0 0.9100000262260437 0.40937501192092896 0.0175000187009573 0.021250033751130104
0 0.5737500190734863 0.40062499046325684 0.007499980740249157 0.011249994859099388
0 0.8031250238418579 0.40437501668930054 0.011250066570937634 0.013750004582107067
0 0.6243749856948853 0.3993750214576721 0.013749981299042702 0.016250014305114746
0 0.18312498927116394 0.41999998688697815 0.013749992474913597 0.017499972134828568
0 0.14812500774860382 0.4206250309944153 0.013750004582107067 0.016249990090727806
0 0.2881249785423279 0.40812501311302185 0.008749986067414284 0.011250019073486328
0 0.15437500178813934 0.413750022649765 0.011249994859099388 0.012500000186264515
0 0.34812501072883606 0.4037500321865082 0.00875000935047865 0.015000009909272194
0 0.3218750059604645 0.4124999940395355 0.011249994859099388 0.015000009909272194
0 0.26375001668930054 0.4087499976158142 0.012500000186264515 0.0175000187009573
0 0.6949999928474426 0.40687504410743713 0.009999990463256836 0.011249971576035023
