0 0.2265625 0.59912109375 0.064453125 0.0771484375
0 0.864501953125 0.57958984375 0.05615234375 0.0634765625
0 0.42041015625 0.4716796875 0.01953125 0.0244140625
0 0.625244140625 0.456298828125 0.01416015625 0.01904296875
0 0.69482421875 0.48876953125 0.0224609375 0.0322265625
0 0.442626953125 0.455810546875 0.01318359375 0.01904296875
0 0.450927734375 0.4482421875 0.01318359375 0.017578125
0 0.48828125 0.44091796875 0.01171875 0.013671875
0 0.62060546875 0.44580078125 0.0126953125 0.0185546875
0 0.644775390625 0.430908203125 0.00732421875 0.01025390625
0 0.58447265625 0.432861328125 0.0078125 0.01123046875
0 0.53759765625 0.436279296875 0.009765625 0.01220703125
0 0.71435546875 0.4375 0.0087890625 0.0126953125
0 0.776611328125 0.430419921875 0.00634765625 0.00927734375
0 0.879638671875 0.431884765625 0.00830078125 0.01123046875
0 0.952880859375 0.442138671875 0.01123046875 0.01708984375
0 0.710205078125 0.43017578125 0.00732421875 0.009765625
0 0.832763671875 0.439208984375 0.00927734375 0.01318359375
0 0.568359375 0.4228515625 0.005859375 0.0087890625
