0 0.6537500619888306 0.5818749666213989 0.07249999046325684 0.10625000298023224
0 0.7112500071525574 0.4124999940395355 0.06999997794628143 0.09499998390674591
0 0.6056250333786011 0.42624998092651367 0.07375001907348633 0.10250000655651093
0 0.46875 0.5581250190734863 0.06750001758337021 0.0912499874830246
0 0.4631250500679016 0.4050000309944153 0.05875001102685928 0.08499999344348907
0 0.41750001907348633 0.5231249928474426 0.07249999046325684 0.07625003159046173
0 0.09437499940395355 0.6499999761581421 0.12125001102685928 0.09749998897314072
0 0.3087500035762787 0.3956249952316284 0.052500009536743164 0.06624998897314072
0 0.1574999988079071 0.4324999749660492 0.14499999582767487 0.10250000655651093
0 0.22187499701976776 0.34187501668930054 0.0912499874830246 0.08375000953674316
0 0.5012500286102295 0.5462499856948853 0.05000000074505806 0.05749998241662979
