0 0.6487500071525574 0.528124988079071 0.04499997943639755 0.06125001981854439
0 0.4312500059604645 0.45875000953674316 0.0175000187009573 0.03249998018145561
0 0.3943750262260437 0.49937501549720764 0.033750008791685104 0.04624996334314346
0 0.47312498092651367 0.43937501311302185 0.013750028796494007 0.021250009536743164
0 0.5887500047683716 0.4481249749660492 0.015000009909272194 0.028749991208314896
0 0.578125 0.41999998688697815 0.011250019073486328 0.015000009909272194
0 0.5300000309944153 0.42375001311302185 0.009999990463256836 0.0175000187009573
0 0.6006250381469727 0.42875003814697266 0.011249971576035023 0.022499989718198776
0 0.5699999928474426 0.4150000214576721 0.00750002870336175 0.012500000186264515
0 0.2393750250339508 0.6893750429153442 0.03624999523162842 0.01875000074505806
