0 0.6087499856948853 0.4943750500679016 0.030000019818544388 0.046250008046627045
0 0.5581250190734863 0.46875 0.02375001832842827 0.03499998897314072
0 0.4181250035762787 0.4987500309944153 0.03125 0.04499997943639755
0 0.7393749952316284 0.5556250214576721 0.05624999850988388 0.07375001907348633
0 0.6306250095367432 0.5249999761581421 0.041250038892030716 0.05749998241662979
0 0.4000000059604645 0.4625000059604645 0.022500013932585716 0.03249998018145561
0 0.4931250214576721 0.4543749690055847 0.01875000074505806 0.028749991208314896
0 0.47312498092651367 0.44187498092651367 0.016249990090727806 0.023749971762299538
0 0.4456250071525574 0.42500001192092896 0.00875000935047865 0.015000009909272194
0 0.43312501907348633 0.4206250309944153 0.00875000935047865 0.013749981299042702
0 0.46437501907348633 0.4306250214576721 0.011250019073486328 0.01875000074505806
0 0.4387499690055847 0.4231249690055847 0.00750002870336175 0.013750028796494007
0 0.3737500309944153 0.3893750011920929 0.007500004954636097 0.01875000074505806
0 0.37937501072883606 0.4306250214576721 0.011250019073486328 0.021249961107969284
