0 0.32890623807907104 0.5667968988418579 0.03125 0.04609375074505806
0 0.32343751192092896 0.520312488079071 0.01406249962747097 0.0234375
0 0.291015625 0.509765625 0.01015624962747097 0.01640624925494194
0 0.4124999940395355 0.4984374940395355 0.0078125 0.012500000186264515
0 0.37109375 0.4937500059604645 0.0078125 0.010937499813735485
0 0.713671863079071 0.5269531011581421 0.03203124925494194 0.04609375074505806
0 0.4996093809604645 0.503125011920929 0.014843749813735485 0.02187499962747097
0 0.725390613079071 0.47734373807907104 0.008593750186264515 0.012500000186264515
0 0.6234375238418579 0.478515625 0.0078125 0.008593750186264515
0 0.27265626192092896 0.4976562559604645 0.0078125 0.012500000186264515
