0 0.57666015625 0.4560546875 0.0107421875 0.0146484375
0 0.71484375 0.529052734375 0.037109375 0.04931640625
0 0.288818359375 0.5302734375 0.03564453125 0.046875
0 0.60791015625 0.468994140625 0.017578125 0.02197265625
0 0.402099609375 0.470947265625 0.01513671875 0.02001953125
0 0.562744140625 0.4501953125 0.00634765625 0.009765625
0 0.423583984375 0.4580078125 0.00927734375 0.015625
0 0.44287109375 0.45166015625 0.0068359375 0.0107421875
0 0.462890625 0.44482421875 0.0048828125 0.0078125
0 0.55224609375 0.44677734375 0.0048828125 0.009765625
0 0.45654296875 0.44677734375 0.0068359375 0.009765625
0 0.54248046875 0.443603515625 0.005859375 0.00830078125
0 0.53662109375 0.441162109375 0.0048828125 0.00830078125
0 0.529296875 0.4384765625 0.0048828125 0.0068359375
