0 0.94140625 0.620361328125 0.0712890625 0.07861328125
0 0.214111328125 0.598388671875 0.05224609375 0.06787109375
0 0.361572265625 0.4892578125 0.02978515625 0.037109375
0 0.70166015625 0.4970703125 0.0224609375 0.0361328125
0 0.46142578125 0.433349609375 0.0087890625 0.01318359375
0 0.619384765625 0.460205078125 0.01611328125 0.02099609375
0 0.42333984375 0.457275390625 0.0126953125 0.01708984375
0 0.445556640625 0.44140625 0.01025390625 0.015625
0 0.5888671875 0.443115234375 0.0107421875 0.01513671875
0 0.57861328125 0.4345703125 0.0087890625 0.01171875
0 0.563232421875 0.42919921875 0.00830078125 0.009765625
0 0.476318359375 0.42529296875 0.00634765625 0.0078125
0 0.550537109375 0.425537109375 0.00732421875 0.00927734375
0 0.545166015625 0.422119140625 0.00537109375 0.00732421875
0 0.53955078125 0.420166015625 0.0048828125 0.00732421875
0 0.4716796875 0.428466796875 0.005859375 0.00830078125
0 0.53515625 0.41796875 0.0048828125 0.0048828125
