0 0.6957031488418579 0.520703136920929 0.02578124962747097 0.04453124850988388
0 0.240234375 0.5425781011581421 0.03046875074505806 0.04140625149011612
0 0.48945313692092896 0.4566406309604645 0.01015624962747097 0.01796874962747097
0 0.69140625 0.4566406309604645 0.012500000186264515 0.01796874962747097
0 0.526562511920929 0.4359374940395355 0.0078125 0.010937499813735485
0 0.85546875 0.4476562440395355 0.00937500037252903 0.01406249962747097
0 0.65234375 0.43242186307907104 0.0078125 0.01171875
0 0.60546875 0.423828125 0.0078125 0.008593750186264515
0 0.48750001192092896 0.4296875 0.0078125 0.00937500037252903
0 0.9222656488418579 0.45585936307907104 0.01015624962747097 0.01328125037252903
0 0.4281249940395355 0.43085938692092896 0.0078125 0.01015624962747097
