0 0.6443750262260437 0.5231249928474426 0.053749989718198776 0.07125000655651093
0 0.16875000298023224 0.5600000619888306 0.08499999344348907 0.08250002562999725
0 0.42500001192092896 0.390625 0.0175000187009573 0.028750013560056686
0 0.45749998092651367 0.4168749749660492 0.015000009909272194 0.021250009536743164
0 0.3681250214576721 0.3631249964237213 0.026250004768371582 0.04125001281499863
0 0.44187498092651367 0.3762499988079071 0.016249990090727806 0.02500000037252903
0 0.48000001907348633 0.40687498450279236 0.012500000186264515 0.01874997653067112
0 0.503125011920929 0.4000000059604645 0.011250019073486328 0.01749999448657036
0 0.6050000190734863 0.44187504053115845 0.022499989718198776 0.03125
0 0.5824999809265137 0.42624998092651367 0.017499972134828568 0.022499989718198776
0 0.5831249952316284 0.4137499928474426 0.016249990090727806 0.020000029355287552
0 0.9331250190734863 0.3824999928474426 0.07124996185302734 0.09000001102685928
0 0.5581250190734863 0.39499998092651367 0.013749981299042702 0.01749999448657036
