0 0.96923828125 0.61767578125 0.0546875 0.078125
0 0.162841796875 0.57568359375 0.05029296875 0.068359375
0 0.890625 0.464599609375 0.013671875 0.01708984375
0 0.4931640625 0.4814453125 0.021484375 0.029296875
0 0.615966796875 0.454833984375 0.01416015625 0.01904296875
0 0.906494140625 0.490478515625 0.02001953125 0.02685546875
0 0.68896484375 0.446044921875 0.009765625 0.01416015625
0 0.751708984375 0.44384765625 0.00927734375 0.01171875
0 0.771484375 0.439453125 0.0078125 0.0107421875
0 0.88232421875 0.45361328125 0.0087890625 0.0126953125
0 0.86962890625 0.445556640625 0.0078125 0.01123046875
0 0.84619140625 0.434814453125 0.005859375 0.00830078125
0 0.8369140625 0.430419921875 0.0048828125 0.00634765625
0 0.82080078125 0.42578125 0.0048828125 0.0048828125
0 0.856201171875 0.439697265625 0.00732421875 0.01025390625
0 0.828125 0.42724609375 0.005859375 0.0078125
0 0.76806640625 0.431396484375 0.0048828125 0.00634765625
0 0.81689453125 0.425537109375 0.0048828125 0.00537109375
0 0.8076171875 0.424560546875 0.0048828125 0.00537109375
0 0.8125 0.42529296875 0.0048828125 0.0048828125
