0 0.794189453125 0.506591796875 0.02880859375 0.04052734375
0 0.585205078125 0.484130859375 0.02490234375 0.03173828125
0 0.13818359375 0.591064453125 0.052734375 0.06787109375
0 0.791259765625 0.60791015625 0.06494140625 0.0791015625
0 0.318603515625 0.490478515625 0.02197265625 0.02978515625
0 0.346923828125 0.468017578125 0.01318359375 0.01904296875
0 0.656005859375 0.471923828125 0.01611328125 0.02490234375
0 0.52490234375 0.46044921875 0.013671875 0.0205078125
0 0.1845703125 0.4638671875 0.0107421875 0.0166015625
0 0.326171875 0.46044921875 0.01171875 0.0185546875
0 0.253173828125 0.4609375 0.01123046875 0.017578125
0 0.595458984375 0.45654296875 0.01416015625 0.01953125
0 0.48388671875 0.4521484375 0.013671875 0.0185546875
0 0.55712890625 0.446533203125 0.01171875 0.01513671875
0 0.8154296875 0.46923828125 0.0126953125 0.021484375
0 0.71728515625 0.45556640625 0.0126953125 0.01953125
0 0.611328125 0.439453125 0.01171875 0.0146484375
0 0.034912109375 0.469970703125 0.01123046875 0.01611328125
0 0.127197265625 0.4580078125 0.01025390625 0.0146484375
0 0.41943359375 0.44970703125 0.01171875 0.0185546875
0 0.53271484375 0.44091796875 0.0107421875 0.0146484375
0 0.6484375 0.445068359375 0.0107421875 0.01318359375
0 0.35302734375 0.448974609375 0.0107421875 0.01513671875
