0 0.8487499952316284 0.5131250619888306 0.03750000149011612 0.05125002935528755
0 0.6393750309944153 0.5068750381469727 0.03874998167157173 0.053749989718198776
0 0.23500001430511475 0.5131250619888306 0.07500001043081284 0.09874997287988663
0 0.4493750035762787 0.5024999976158142 0.04374999925494194 0.06499996036291122
0 0.5768750309944153 0.49000000953674316 0.013749981299042702 0.019999980926513672
0 0.49687498807907104 0.4856249690055847 0.01875000074505806 0.023749971762299538
0 0.3206250071525574 0.4787500500679016 0.013750004582107067 0.020000029355287552
0 0.9143750071525574 0.5056250095367432 0.016250038519501686 0.02375001832842827
0 0.14000000059604645 0.46937498450279236 0.012500000186264515 0.01875000074505806
0 0.41874998807907104 0.4818750023841858 0.012500000186264515 0.01875000074505806
0 0.546875 0.49000000953674316 0.011250019073486328 0.014999961480498314
0 0.8024999499320984 0.5 0.009999990463256836 0.019999980926513672
0 0.9893749952316284 0.5062500238418579 0.016250038519501686 0.02500000037252903
0 0.8706250190734863 0.503125011920929 0.011249924078583717 0.016249990090727806
0 0.7493749856948853 0.4975000321865082 0.011250019073486328 0.020000029355287552
0 0.6112500429153442 0.49125003814697266 0.012500000186264515 0.015000009909272194
0 0.40562501549720764 0.48124998807907104 0.011250019073486328 0.015000009909272194
0 0.4775000214576721 0.48500004410743713 0.010000037960708141 0.015000009909272194
0 0.9556249380111694 0.5074999928474426 0.013749981299042702 0.020000029355287552
0 0.7412499785423279 0.49687498807907104 0.012500000186264515 0.016249990090727806
0 0.3375000059604645 0.4781250059604645 0.012500000186264515 0.016249990090727806
0 0.10437500476837158 0.46812501549720764 0.01125000137835741 0.016250038519501686
0 0.06000000238418579 0.4675000309944153 0.014999997802078724 0.019999980926513672
