0 0.621826171875 0.5146484375 0.03076171875 0.0400390625
0 0.237548828125 0.51806640625 0.02685546875 0.0341796875
0 0.549560546875 0.462646484375 0.01220703125 0.01904296875
0 0.345947265625 0.472900390625 0.01416015625 0.02099609375
0 0.530517578125 0.447998046875 0.00830078125 0.01513671875
0 0.39990234375 0.449951171875 0.0078125 0.01416015625
0 0.51513671875 0.4384765625 0.0068359375 0.009765625
0 0.423583984375 0.440185546875 0.00634765625 0.00927734375
0 0.43310546875 0.435302734375 0.0048828125 0.00830078125
0 0.4423828125 0.43310546875 0.0048828125 0.005859375
0 0.44970703125 0.430419921875 0.0048828125 0.00634765625
0 0.51171875 0.434326171875 0.0048828125 0.00927734375
0 0.50634765625 0.431640625 0.0048828125 0.0068359375
