0 0.8431490063667297 0.5847355723381042 0.13100957870483398 0.171875
0 0.650240421295166 0.5366586446762085 0.05048079416155815 0.07572116702795029
0 0.22355768084526062 0.5318509340286255 0.055288445204496384 0.07572116702795029
0 0.5805288553237915 0.5198317766189575 0.028846120461821556 0.04927883297204971
0 0.296875 0.5180288553237915 0.03125 0.04807696491479874
0 0.340745210647583 0.5120192766189575 0.02283651754260063 0.03365383297204971
0 0.5528846383094788 0.5150240659713745 0.021634578704833984 0.03485574573278427
0 0.496995210647583 0.5108173489570618 0.018028831109404564 0.02403845824301243
0 0.44651442766189575 0.5084134936332703 0.015625 0.021634627133607864
0 0.3930288851261139 0.5078125 0.016826938837766647 0.020432710647583008
