0 0.6550000309944153 0.5118750333786011 0.040000010281801224 0.053750038146972656
0 0.5631250143051147 0.4543749690055847 0.016249990090727806 0.028749991208314896
0 0.3187499940395355 0.5306249856948853 0.047499991953372955 0.05124998092651367
0 0.39125001430511475 0.45375004410743713 0.020000029355287552 0.027500009164214134
0 0.5825000405311584 0.42250004410743713 0.012500000186264515 0.020000029355287552
0 0.26500001549720764 0.40812501311302185 0.040000010281801224 0.058749984949827194
0 0.5318750143051147 0.4375 0.013750028796494007 0.027500009164214134
0 0.4168749749660492 0.4337500035762787 0.013750028796494007 0.0175000187009573
0 0.621874988079071 0.4156250059604645 0.013749981299042702 0.013749981299042702
0 0.7018750309944153 0.41187500953674316 0.00875000935047865 0.013749981299042702
0 0.8012499809265137 0.41062504053115845 0.01249995268881321 0.01875000074505806
0 0.7493749856948853 0.40937501192092896 0.013749981299042702 0.021250033751130104
0 0.6550000309944153 0.4137499928474426 0.015000009909272194 0.017499972134828568
