0 0.6416015625 0.5078125 0.01953125 0.02734375
0 0.77978515625 0.576171875 0.0458984375 0.0625
0 0.07861328125 0.62353515625 0.0634765625 0.0693359375
0 0.32080078125 0.51513671875 0.0205078125 0.0302734375
0 0.39453125 0.48876953125 0.01171875 0.0205078125
0 0.421875 0.47998046875 0.009765625 0.0146484375
0 0.58203125 0.4833984375 0.009765625 0.017578125
0 0.556640625 0.4775390625 0.0078125 0.013671875
0 0.505859375 0.4658203125 0.005859375 0.009765625
0 0.5146484375 0.466796875 0.005859375 0.009765625
0 0.5439453125 0.47265625 0.005859375 0.01171875
0 0.44140625 0.47607421875 0.005859375 0.0107421875
0 0.447265625 0.47216796875 0.005859375 0.0087890625
0 0.529296875 0.4697265625 0.0078125 0.009765625
0 0.439453125 0.4697265625 0.005859375 0.0078125
0 0.427734375 0.4658203125 0.005859375 0.005859375
0 0.494140625 0.46337890625 0.005859375 0.0087890625
0 0.1572265625 0.4736328125 0.0078125 0.01171875
0 0.068359375 0.47802734375 0.009765625 0.0146484375
0 0.08203125 0.48388671875 0.01171875 0.0166015625
0 0.16796875 0.4775390625 0.01171875 0.013671875
