0 0.3449999988079071 0.4949999749660492 0.03249998018145561 0.052500009536743164
0 0.5649999976158142 0.653124988079071 0.2574999928474426 0.37375006079673767
0 0.24250002205371857 0.48750001192092896 0.035000015050172806 0.047499991953372955
0 0.2731249928474426 0.484375 0.026249980553984642 0.03625001758337021
0 0.3125 0.4856250286102295 0.020000005140900612 0.03125
0 0.4112500250339508 0.5081250071525574 0.059999991208314896 0.07624997943639755
0 0.2175000160932541 0.4856249690055847 0.029999995604157448 0.03875003010034561
0 0.8131250143051147 0.4987500309944153 0.01875000074505806 0.02500000037252903
0 0.6881250143051147 0.49500003457069397 0.01875000074505806 0.02500000037252903
0 0.1431250125169754 0.4787500500679016 0.02124999836087227 0.029999971389770508
0 0.48500004410743713 0.528124988079071 0.08499999344348907 0.11874999850988388
0 0.7681249976158142 0.4987500309944153 0.01875000074505806 0.022499989718198776
0 0.8306249380111694 0.49937501549720764 0.011250019073486328 0.021249961107969284
0 0.7412499785423279 0.4918749928474426 0.012500000186264515 0.021250009536743164
0 0.02562500163912773 0.4762499928474426 0.026250001043081284 0.03250002861022949
0 0.6650000214576721 0.4925000071525574 0.012500000186264515 0.022499989718198776
0 0.6518750190734863 0.4906249940395355 0.011250019073486328 0.01875000074505806
0 0.6331250071525574 0.4906249940395355 0.011250019073486328 0.01875000074505806
0 0.6012499928474426 0.4925000071525574 0.015000009909272194 0.027500009164214134
0 0.09750000387430191 0.46812501549720764 0.012500000186264515 0.013749981299042702
0 0.05874999612569809 0.46687498688697815 0.015000003390014172 0.016249990090727806
0 0.6168749928474426 0.49125003814697266 0.013750028796494007 0.022499989718198776
0 0.3993750214576721 0.48750001192092896 0.016250014305114746 0.027500009164214134
0 0.16875000298023224 0.4675000309944153 0.007500004954636097 0.012500000186264515
0 0.375 0.4737500250339508 0.009999990463256836 0.012500000186264515
0 0.2893750071525574 0.4700000286102295 0.008749986067414284 0.012500000186264515
0 0.4606249928474426 0.48874998092651367 0.016249990090727806 0.022499989718198776
0 0.003750000149011612 0.4662500321865082 0.007500000298023224 0.015000009909272194
0 0.5199999809265137 0.48625001311302185 0.009999990463256836 0.015000009909272194
