0 0.7749999761581421 0.4449999928474426 0.047499991953372955 0.07750000804662704
0 0.8512499928474426 0.4725000262260437 0.05000000074505806 0.08499999344348907
0 0.7543749809265137 0.3737500011920929 0.026250028982758522 0.05000000074505806
0 0.6768749952316284 0.4112500250339508 0.03125 0.059999991208314896
0 0.06562499701976776 0.43250003457069397 0.036250002682209015 0.0625
0 0.9787500500679016 0.546875 0.03750000149011612 0.10875000804662704
0 0.8481251001358032 0.4124999940395355 0.03874998167157173 0.06749999523162842
0 0.10687500238418579 0.3993750214576721 0.026250004768371582 0.046249985694885254
0 0.7043749690055847 0.36375001072883606 0.023749971762299538 0.03750000149011612
0 0.08375000208616257 0.3643750250339508 0.02500000037252903 0.03875000402331352
0 0.05000000074505806 0.3518750071525574 0.022499999031424522 0.03125
0 0.13562500476837158 0.3506249785423279 0.02124999836087227 0.03624999523162842
0 0.2887499928474426 0.34562501311302185 0.015000009909272194 0.028750013560056686
0 0.49687498807907104 0.3499999940395355 0.016249990090727806 0.03750000149011612
