0 0.8050000071525574 0.6318750381469727 0.0975000411272049 0.12125001102685928
0 0.48250001668930054 0.5449999570846558 0.07500000298023224 0.0650000125169754
0 0.31437501311302185 0.5 0.04125001281499863 0.06750001758337021
0 0.2331250011920929 0.46937504410743713 0.04374999925494194 0.053749989718198776
0 0.5175000429153442 0.35624998807907104 0.05500001832842827 0.07750000804662704
0 0.15562501549720764 0.45875000953674316 0.05124999210238457 0.03249998018145561
0 0.10125000774860382 0.4425000250339508 0.0325000062584877 0.04499997943639755
0 0.08937500417232513 0.4337500035762787 0.02124999836087227 0.0350000374019146
0 0.2018750011920929 0.3856250047683716 0.02124999836087227 0.028749991208314896
0 0.31812500953674316 0.3725000023841858 0.03125 0.022500013932585716
0 0.3675000071525574 0.3618749976158142 0.014999985694885254 0.026250004768371582
