0 0.84912109375 0.5966796875 0.0859375 0.1279296875
0 0.19775390625 0.588623046875 0.07421875 0.12646484375
0 0.316162109375 0.52392578125 0.03369140625 0.044921875
0 0.689697265625 0.510986328125 0.03466796875 0.04052734375
0 0.559814453125 0.44482421875 0.01123046875 0.0146484375
0 0.609619140625 0.47314453125 0.02099609375 0.025390625
0 0.389892578125 0.47216796875 0.02001953125 0.0234375
0 0.54443359375 0.43603515625 0.0078125 0.0107421875
0 0.4267578125 0.44287109375 0.0107421875 0.013671875
0 0.440673828125 0.435302734375 0.00830078125 0.01025390625
0 0.04443359375 0.75927734375 0.087890625 0.173828125
0 0.533203125 0.4306640625 0.0068359375 0.009765625
0 0.524658203125 0.42578125 0.00634765625 0.0078125
0 0.44580078125 0.429443359375 0.005859375 0.00927734375
0 0.517578125 0.419921875 0.0048828125 0.005859375
