0 0.071533203125 0.58056640625 0.06689453125 0.07421875
0 0.37646484375 0.47900390625 0.03125 0.033203125
0 0.781982421875 0.553466796875 0.05224609375 0.06396484375
0 0.705078125 0.476318359375 0.0322265625 0.02587890625
0 0.648681640625 0.456298828125 0.02294921875 0.02587890625
0 0.596923828125 0.444091796875 0.01513671875 0.02001953125
0 0.409423828125 0.45703125 0.02197265625 0.0166015625
0 0.390380859375 0.4443359375 0.01513671875 0.021484375
0 0.529296875 0.43798828125 0.013671875 0.017578125
0 0.453857421875 0.43408203125 0.01416015625 0.015625
0 0.120361328125 0.44482421875 0.01611328125 0.013671875
