0 0.34912109375 0.507568359375 0.025390625 0.03662109375
0 0.446533203125 0.456787109375 0.01123046875 0.01708984375
0 0.73046875 0.503662109375 0.02734375 0.03662109375
0 0.469482421875 0.442626953125 0.00634765625 0.01123046875
0 0.456787109375 0.447265625 0.00927734375 0.0234375
0 0.611572265625 0.456787109375 0.01220703125 0.01708984375
0 0.5810546875 0.44287109375 0.0078125 0.01171875
0 0.6005859375 0.446533203125 0.0126953125 0.02392578125
0 0.593994140625 0.443359375 0.01025390625 0.0224609375
0 0.460205078125 0.444091796875 0.00927734375 0.02197265625
0 0.474609375 0.437744140625 0.0048828125 0.00830078125
0 0.5703125 0.4375 0.005859375 0.009765625
0 0.48291015625 0.43310546875 0.0048828125 0.0078125
0 0.498046875 0.430419921875 0.0048828125 0.00634765625
0 0.5556640625 0.431640625 0.0048828125 0.0068359375
