0 0.12265624850988388 0.65625 0.05624999850988388 0.07500000298023224
0 0.766406238079071 0.5121093988418579 0.02187499962747097 0.03203124925494194
0 0.34492188692092896 0.5082031488418579 0.01640624925494194 0.02578124962747097
0 0.38593751192092896 0.478515625 0.0078125 0.01640624925494194
0 0.6578124761581421 0.466796875 0.0078125 0.014843749813735485
0 0.4078125059604645 0.46601563692092896 0.0078125 0.01328125037252903
0 0.6761718988418579 0.48124998807907104 0.01171875 0.02031249925494194
0 0.41796875 0.44999998807907104 0.0078125 0.015625
0 0.39531248807907104 0.455078125 0.0078125 0.01171875
0 0.56640625 0.4496093690395355 0.012500000186264515 0.01640624925494194
0 0.539843738079071 0.4496093690395355 0.010937499813735485 0.014843749813735485
0 0.6703125238418579 0.45820313692092896 0.0078125 0.01171875
0 0.68359375 0.4527343809604645 0.0078125 0.01015624962747097
