0 0.3137499988079071 0.4775000214576721 0.04499997943639755 0.08500003814697266
0 0.71875 0.4556249976158142 0.03499998897314072 0.06374998390674591
0 0.7462500333786011 0.48625001311302185 0.052499961107969284 0.09250001609325409
0 0.3487500250339508 0.46562498807907104 0.04249999672174454 0.06125001981854439
0 0.41187500953674316 0.4493750035762787 0.02375001832842827 0.033749960362911224
0 0.6712499856948853 0.4337500035762787 0.0175000187009573 0.027499962598085403
0 0.6212500333786011 0.41874998807907104 0.014999961480498314 0.022499989718198776
0 0.5462499856948853 0.4143750071525574 0.012500000186264515 0.01875000074505806
0 0.4506250321865082 0.4231250286102295 0.011249971576035023 0.01875000074505806
0 0.3412500023841858 0.41874998807907104 0.012500000186264515 0.015000009909272194
0 0.28687500953674316 0.42000001668930054 0.00875000935047865 0.012500000186264515
0 0.23250000178813934 0.4193750321865082 0.007499980740249157 0.016249990090727806
