0 0.782470703125 0.55810546875 0.04150390625 0.0556640625
0 0.258544921875 0.5576171875 0.04443359375 0.0546875
0 0.634033203125 0.48583984375 0.02197265625 0.0302734375
0 0.595947265625 0.467041015625 0.01611328125 0.02294921875
0 0.3662109375 0.49658203125 0.029296875 0.025390625
0 0.42041015625 0.46826171875 0.0166015625 0.0224609375
0 0.455810546875 0.449951171875 0.01220703125 0.01611328125
0 0.443359375 0.45751953125 0.0126953125 0.0205078125
0 0.568603515625 0.45849609375 0.01220703125 0.0146484375
0 0.555419921875 0.450439453125 0.00830078125 0.01416015625
