0 0.70947265625 0.564208984375 0.05078125 0.06103515625
0 0.55517578125 0.447265625 0.0166015625 0.017578125
0 0.41943359375 0.458251953125 0.015625 0.02099609375
0 0.44140625 0.436279296875 0.0107421875 0.01318359375
0 0.23974609375 0.440673828125 0.0087890625 0.01416015625
0 0.419921875 0.4287109375 0.0087890625 0.01171875
0 0.381103515625 0.42431640625 0.00732421875 0.009765625
0 0.327880859375 0.423095703125 0.00634765625 0.00927734375
0 0.538818359375 0.432373046875 0.01123046875 0.01318359375
0 0.486572265625 0.4208984375 0.00634765625 0.009765625
0 0.034423828125 0.467529296875 0.01318359375 0.01806640625
0 0.016357421875 0.446044921875 0.00927734375 0.01318359375
0 0.11181640625 0.43505859375 0.0078125 0.0087890625
0 0.178466796875 0.425537109375 0.00830078125 0.01025390625
0 0.525146484375 0.424072265625 0.00830078125 0.01123046875
0 0.22265625 0.4228515625 0.0048828125 0.0068359375
