0 0.7737500071525574 0.5106250047683716 0.07000003010034561 0.08624996989965439
0 0.6018750071525574 0.5043750405311584 0.041249990463256836 0.05624999850988388
0 0.5243750214576721 0.49812498688697815 0.026249980553984642 0.041249990463256836
0 0.4099999964237213 0.5 0.02499997615814209 0.040000010281801224
0 0.3375000059604645 0.5012499690055847 0.01749999448657036 0.029999971389770508
0 0.06687499582767487 0.5674999952316284 0.1287499964237213 0.14499998092651367
0 0.20624999701976776 0.5256250500679016 0.05500000715255737 0.07374997437000275
0 0.17875000834465027 0.5175000429153442 0.029999995604157448 0.052500009536743164
0 0.4387499690055847 0.4925000071525574 0.015000009909272194 0.02500000037252903
0 0.37687498331069946 0.4975000321865082 0.01875000074505806 0.027500009164214134
0 0.2693749964237213 0.4987500309944153 0.016250014305114746 0.019999980926513672
0 0.4806250035762787 0.4893750250339508 0.011250019073486328 0.021250009536743164
0 0.2462500035762787 0.49687498807907104 0.012500000186264515 0.01875000074505806
0 0.4918749928474426 0.48625001311302185 0.011249971576035023 0.019999980926513672
0 0.4699999690055847 0.4868749976158142 0.009999990463256836 0.016250038519501686
0 0.30937498807907104 0.4943750500679016 0.011249994859099388 0.016249990090727806
0 0.22499999403953552 0.4975000321865082 0.009999990463256836 0.015000009909272194
0 0.16062501072883606 0.5 0.013750004582107067 0.0175000187009573
0 0.12312500178813934 0.5087500214576721 0.02124999836087227 0.030000019818544388
