0 0.11484374850988388 0.4839843809604645 0.04062499850988388 0.05859375
0 0.77734375 0.553515613079071 0.03750000149011612 0.05703125149011612
0 0.4921875 0.4136718809604645 0.015625 0.02265625074505806
0 0.575390636920929 0.4027343690395355 0.01015624962747097 0.01640624925494194
0 0.7085937261581421 0.4253906309604645 0.00937500037252903 0.01328125037252903
0 0.608593761920929 0.400390625 0.00937500037252903 0.01328125037252903
0 0.8343750238418579 0.45820313692092896 0.010937499813735485 0.01640624925494194
0 0.680468738079071 0.40898436307907104 0.0078125 0.01015624962747097
0 0.16445311903953552 0.361328125 0.007031249813735485 0.01015624962747097
0 0.789843738079071 0.43476563692092896 0.0078125 0.008593750186264515
0 0.08710937201976776 0.35859376192092896 0.007031249813735485 0.00937500037252903
