0 0.851318359375 0.5966796875 0.08837890625 0.130859375
0 0.68994140625 0.510986328125 0.033203125 0.04052734375
0 0.609375 0.473876953125 0.0224609375 0.02783203125
0 0.199951171875 0.5888671875 0.07470703125 0.1240234375
0 0.315185546875 0.525634765625 0.03857421875 0.04541015625
0 0.38916015625 0.4716796875 0.01953125 0.025390625
0 0.560302734375 0.444580078125 0.01123046875 0.01513671875
0 0.427001953125 0.443359375 0.00927734375 0.013671875
0 0.044189453125 0.747802734375 0.08740234375 0.18994140625
0 0.544189453125 0.435546875 0.00732421875 0.01171875
0 0.533203125 0.430419921875 0.0068359375 0.00927734375
0 0.52490234375 0.426025390625 0.0048828125 0.00830078125
0 0.44091796875 0.4345703125 0.0068359375 0.009765625
0 0.457763671875 0.42236328125 0.00537109375 0.0078125
0 0.45068359375 0.42529296875 0.005859375 0.0078125
0 0.445556640625 0.428955078125 0.00537109375 0.00927734375
0 0.520751953125 0.422119140625 0.00537109375 0.00732421875
0 0.517578125 0.41943359375 0.0048828125 0.005859375
0 0.51318359375 0.41650390625 0.0048828125 0.0048828125
0 0.4619140625 0.41748046875 0.0048828125 0.005859375
