0 0.2679687440395355 0.5667968988418579 0.02500000037252903 0.04296875
0 0.29570311307907104 0.5218750238418579 0.01953125 0.02812499925494194
0 0.6832031011581421 0.5101562738418579 0.01796874962747097 0.02968749962747097
0 0.5078125 0.4839843809604645 0.010937499813735485 0.01953125
0 0.263671875 0.49531251192092896 0.01328125037252903 0.01875000074505806
0 0.38984376192092896 0.4765625 0.010937499813735485 0.015625
0 0.21171875298023224 0.4917968809604645 0.0078125 0.01328125037252903
0 0.15546874701976776 0.494140625 0.0078125 0.01328125037252903
0 0.05390625074505806 0.502734363079071 0.0078125 0.01015624962747097
0 0.2914062440395355 0.47773438692092896 0.0078125 0.01015624962747097
0 0.12031249701976776 0.49609375 0.0078125 0.010937499813735485
0 0.7757812738418579 0.4613281190395355 0.0078125 0.01171875
0 0.573046863079071 0.4554687440395355 0.008593750186264515 0.012500000186264515
0 0.782031238079071 0.4546875059604645 0.0078125 0.00937500037252903
0 0.63671875 0.4605468809604645 0.0078125 0.01015624962747097
0 0.53515625 0.4605468809604645 0.0078125 0.01015624962747097
