0 0.07304687798023224 0.559765636920929 0.02421874925494194 0.03984374925494194
0 0.6976562738418579 0.4742187559604645 0.015625 0.02812499925494194
0 0.408203125 0.4800781309604645 0.014843749813735485 0.02265625074505806
0 0.8714843988418579 0.5433593988418579 0.03359375149011612 0.05859375
0 0.4253906309604645 0.48046875 0.01640624925494194 0.0234375
0 0.5023437738418579 0.453125 0.00937500037252903 0.015625
0 0.70703125 0.4507812559604645 0.0078125 0.015625
0 0.78515625 0.443359375 0.0078125 0.01328125037252903
0 0.598437488079071 0.44140625 0.0078125 0.012500000186264515
0 0.6890624761581421 0.43671876192092896 0.0078125 0.010937499813735485
0 0.86328125 0.4410156309604645 0.00937500037252903 0.01328125037252903
0 0.9371093511581421 0.44140625 0.008593750186264515 0.012500000186264515
