0 0.7050000429153442 0.5137499570846558 0.047499991953372955 0.0650000125169754
0 0.2212500125169754 0.5475000143051147 0.06749999523162842 0.06749997287988663
0 0.26875001192092896 0.48375001549720764 0.04249999672174454 0.05000000074505806
0 0.33250001072883606 0.4518750309944153 0.027500009164214134 0.033750008791685104
0 0.6650000214576721 0.4412500262260437 0.02500000037252903 0.03499998897314072
0 0.390625 0.42875003814697266 0.01875000074505806 0.027500009164214134
0 0.44437503814697266 0.40625 0.011249971576035023 0.01749999448657036
0 0.23250000178813934 0.4112500250339508 0.027500009164214134 0.03499998897314072
0 0.6743749976158142 0.4168749749660492 0.02375001832842827 0.021250009536743164
0 0.3799999952316284 0.4143750071525574 0.012500000186264515 0.01875000074505806
0 0.6087499856948853 0.40437498688697815 0.012500000186264515 0.023749995976686478
0 0.46437501907348633 0.3993750214576721 0.011250019073486328 0.01875000074505806
0 0.5706250071525574 0.3868750035762787 0.013749981299042702 0.016249990090727806
0 0.4737500250339508 0.3931249976158142 0.009999990463256836 0.016250014305114746
0 0.6556249856948853 0.3787499964237213 0.011250019073486328 0.014999985694885254
0 0.5987499952316284 0.40125003457069397 0.015000009909272194 0.0325000062584877
0 0.5406249761581421 0.38625001907348633 0.013749981299042702 0.01749999448657036
0 0.6956250071525574 0.3868750035762787 0.013749981299042702 0.013750004582107067
0 0.5056250095367432 0.37687501311302185 0.008749961853027344 0.016250014305114746
0 0.6087499856948853 0.375 0.012500000186264515 0.012500000186264515
