0 0.22812500596046448 0.5525000095367432 0.053749989718198776 0.06999997794628143
0 0.34187501668930054 0.5056250095367432 0.03625001758337021 0.04875002056360245
0 0.6612499952316284 0.45625001192092896 0.022499989718198776 0.03249998018145561
0 0.4206250309944153 0.4637499749660492 0.026249980553984642 0.03499998897314072
0 0.7718750238418579 0.4962500035762787 0.041249990463256836 0.04750003665685654
0 0.6412500143051147 0.4350000321865082 0.009999990463256836 0.017499972134828568
0 0.5062500238418579 0.4162500500679016 0.015000009909272194 0.027500009164214134
0 0.5237500071525574 0.41750001907348633 0.007499980740249157 0.012500000186264515
0 0.5362499952316284 0.41187500953674316 0.007499980740249157 0.011250019073486328
0 0.48375001549720764 0.43687501549720764 0.012500000186264515 0.02375001832842827
0 0.637499988079071 0.41624999046325684 0.019999980926513672 0.02500000037252903
