0 0.7087500095367432 0.4962500035762787 0.04499997943639755 0.0625
0 0.4787500500679016 0.4099999964237213 0.017499972134828568 0.02499997615814209
0 0.43937501311302185 0.48375001549720764 0.03874998167157173 0.052499961107969284
0 0.6568750143051147 0.4556249976158142 0.03624997287988663 0.04374999925494194
0 0.6231250166893005 0.421875 0.01875000074505806 0.03125
0 0.5925000309944153 0.3943749964237213 0.012500000186264515 0.016250014305114746
0 0.5106250047683716 0.3737500309944153 0.013750028796494007 0.020000005140900612
0 0.6150000095367432 0.4006250500679016 0.014999961480498314 0.021250009536743164
0 0.5224999785423279 0.4000000059604645 0.012500000186264515 0.019999980926513672
0 0.5762499570846558 0.3831250071525574 0.009999990463256836 0.016250014305114746
0 0.5268750190734863 0.3881250023841858 0.00875000935047865 0.01875000074505806
0 0.503125011920929 0.3618749976158142 0.00875000935047865 0.013750004582107067
0 0.6081250309944153 0.35875001549720764 0.011250019073486328 0.015000009909272194
