0 0.380615234375 0.480712890625 0.02490234375 0.02978515625
0 0.577880859375 0.461669921875 0.01708984375 0.02294921875
0 0.552734375 0.438720703125 0.009765625 0.01416015625
0 0.428955078125 0.443115234375 0.01220703125 0.01806640625
0 0.409423828125 0.434326171875 0.00732421875 0.01318359375
0 0.227783203125 0.428466796875 0.00732421875 0.01025390625
0 0.309326171875 0.42724609375 0.00634765625 0.0107421875
0 0.366943359375 0.4287109375 0.00830078125 0.01171875
0 0.35205078125 0.421142578125 0.005859375 0.00830078125
0 0.53515625 0.427001953125 0.0087890625 0.01025390625
0 0.4189453125 0.421142578125 0.0068359375 0.01025390625
0 0.185791015625 0.44921875 0.01220703125 0.015625
0 0.30078125 0.4228515625 0.0048828125 0.0087890625
0 0.11865234375 0.435791015625 0.0087890625 0.01025390625
0 0.149169921875 0.429443359375 0.00634765625 0.00830078125
0 0.19921875 0.426513671875 0.0068359375 0.00830078125
0 0.250244140625 0.42431640625 0.00537109375 0.0087890625
0 0.058349609375 0.44287109375 0.01025390625 0.0126953125
0 0.0283203125 0.4384765625 0.009765625 0.01171875
0 0.490966796875 0.423583984375 0.00634765625 0.01123046875
0 0.087646484375 0.433349609375 0.00830078125 0.00927734375
