0 0.234375 0.6362500190734863 0.07375000417232513 0.09250001609325409
0 0.09375 0.5581250190734863 0.057499997317790985 0.05624999850988388
0 0.8337499499320984 0.5550000071525574 0.06999997794628143 0.0650000125169754
0 0.7212499976158142 0.5193749666213989 0.039999961853027344 0.05624999850988388
0 0.35875001549720764 0.512499988079071 0.029999995604157448 0.047499991953372955
0 0.6050000190734863 0.45500001311302185 0.0175000187009573 0.027500009164214134
0 0.5793749690055847 0.4425000250339508 0.013750028796494007 0.022499989718198776
0 0.8268750309944153 0.4181250035762787 0.04624996334314346 0.053750015795230865
0 0.40312498807907104 0.4737500250339508 0.021250033751130104 0.03499998897314072
0 0.4231249690055847 0.45500001311302185 0.013750028796494007 0.022499989718198776
0 0.5431250333786011 0.4293749928474426 0.011250019073486328 0.013750028796494007
0 0.4306250214576721 0.44312500953674316 0.013749981299042702 0.01875000074505806
0 0.3187499940395355 0.4737500250339508 0.02500000037252903 0.019999980926513672
0 0.5575000047683716 0.4337500035762787 0.009999990463256836 0.014999961480498314
