0 0.7166666984558105 0.5880208611488342 0.04479165002703667 0.08020830154418945
0 0.4372395873069763 0.4411458373069763 0.019270801916718483 0.02500000037252903
0 0.6736979484558105 0.4713541865348816 0.021354150027036667 0.03333334997296333
0 0.04661458730697632 0.5570312738418579 0.04531250149011612 0.05364584922790527
0 0.3828125 0.45625001192092896 0.020833324640989304 0.03125
0 0.577343761920929 0.413541704416275 0.009895849041640759 0.013541650958359241
0 0.47578126192092896 0.39921873807907104 0.0078125 0.010937499813735485
0 0.672656238079071 0.43541669845581055 0.013020848855376244 0.016666650772094727
0 0.3697916865348816 0.40260419249534607 0.008333349600434303 0.010416651144623756
0 0.3942708373069763 0.41874998807907104 0.012500000186264515 0.016666650772094727
