0 0.3387500047683716 0.5737500190734863 0.052500009536743164 0.0650000125169754
0 0.40812501311302185 0.543749988079071 0.041249990463256836 0.05749998241662979
0 0.46000003814697266 0.4975000023841858 0.029999971389770508 0.05000000074505806
0 0.690625011920929 0.5068750381469727 0.03625001758337021 0.04874997213482857
0 0.7175000309944153 0.5600000619888306 0.05000000074505806 0.06749997287988663
0 0.6525000333786011 0.47062501311302185 0.027499962598085403 0.03625001758337021
0 0.48124998807907104 0.3850000202655792 0.027500009164214134 0.040000010281801224
0 0.37187498807907104 0.38499999046325684 0.03125 0.047500014305114746
0 0.6918749809265137 0.4756249785423279 0.028749991208314896 0.03125
0 0.6193749904632568 0.44312500953674316 0.01875000074505806 0.026249980553984642
0 0.5199999809265137 0.45500001311302185 0.022499989718198776 0.027500009164214134
0 0.4987500309944153 0.3868750035762787 0.022499989718198776 0.033749986439943314
0 0.0625 0.6087499856948853 0.125 0.16750001907348633
