0 0.49951171875 0.470703125 0.01953125 0.02734375
0 0.858642578125 0.480712890625 0.01708984375 0.02392578125
0 0.855712890625 0.556640625 0.04150390625 0.05859375
0 0.607421875 0.452392578125 0.01171875 0.01708984375
0 0.25830078125 0.53515625 0.0419921875 0.0498046875
0 0.676025390625 0.445068359375 0.01123046875 0.01513671875
0 0.858154296875 0.461669921875 0.01220703125 0.01513671875
0 0.7353515625 0.443359375 0.0078125 0.01171875
0 0.84814453125 0.44580078125 0.0078125 0.0107421875
0 0.8310546875 0.436279296875 0.0048828125 0.00732421875
0 0.83837890625 0.440185546875 0.005859375 0.00830078125
0 0.856689453125 0.4521484375 0.00732421875 0.0107421875
0 0.823974609375 0.431396484375 0.00537109375 0.00830078125
0 0.757080078125 0.4404296875 0.00537109375 0.0068359375
