0 0.6856249570846558 0.5106250047683716 0.05875001102685928 0.07374997437000275
0 0.4206250309944153 0.4918749928474426 0.03125 0.046250008046627045
0 0.5137499570846558 0.49937501549720764 0.040000010281801224 0.05124998092651367
0 0.971875011920929 0.5387499928474426 0.053750038146972656 0.11749996989965439
0 0.3449999988079071 0.4893750250339508 0.02500000037252903 0.03625001758337021
0 0.24500000476837158 0.484375 0.02500000037252903 0.033750008791685104
0 0.042500000447034836 0.4943750500679016 0.04249999672174454 0.05875001102685928
0 0.5850000381469727 0.49000000953674316 0.022499989718198776 0.03249998018145561
0 0.5568750500679016 0.4893750250339508 0.023749971762299538 0.03125
0 0.09687499701976776 0.5293749570846558 0.0962500050663948 0.11375002562999725
0 0.13625000417232513 0.4781250059604645 0.02500000037252903 0.033750008791685104
0 0.5618749856948853 0.4568750262260437 0.021249961107969284 0.033750008791685104
