0 0.763671875 0.5777343511581421 0.03515625 0.05546874925494194
0 0.70703125 0.49101561307907104 0.015625 0.02265625074505806
0 0.24453124403953552 0.553515613079071 0.02656250074505806 0.04296875
0 0.37968748807907104 0.510937511920929 0.01718750037252903 0.02656250074505806
0 0.4371093809604645 0.48828125 0.01171875 0.02031249925494194
0 0.48359376192092896 0.45429688692092896 0.0078125 0.01015624962747097
0 0.54296875 0.455078125 0.0078125 0.01015624962747097
0 0.4632812440395355 0.46992188692092896 0.0078125 0.014843749813735485
0 0.44257813692092896 0.4632812440395355 0.007031249813735485 0.010937499813735485
0 0.3687500059604645 0.45390623807907104 0.0078125 0.0062500000931322575
0 0.40351563692092896 0.455078125 0.007031249813735485 0.007031249813735485
0 0.637890636920929 0.46601563692092896 0.008593750186264515 0.01171875
0 0.40742188692092896 0.4609375 0.007031249813735485 0.010937499813735485
