0 0.5893750190734863 0.4931250214576721 0.028749991208314896 0.041250038892030716
0 0.5400000214576721 0.45500001311302185 0.0175000187009573 0.02500000037252903
0 0.5193750262260437 0.4399999976158142 0.013750028796494007 0.019999980926513672
0 0.3712500035762787 0.4699999690055847 0.022499989718198776 0.03250002861022949
0 0.7118750214576721 0.5793750286102295 0.06374998390674591 0.08124999701976776
0 0.3981249928474426 0.4425000250339508 0.016249990090727806 0.022499989718198776
0 0.5037500262260437 0.4256250262260437 0.00750002870336175 0.013750028796494007
0 0.4437499940395355 0.4181250035762787 0.007499980740249157 0.011250019073486328
0 0.4925000071525574 0.4206250309944153 0.007499980740249157 0.011250019073486328
0 0.42250004410743713 0.421875 0.00750002870336175 0.013749981299042702
0 0.42750000953674316 0.4156250059604645 0.007499980740249157 0.00875000935047865
0 0.31562501192092896 0.5243750214576721 0.05125000327825546 0.041250038892030716
0 0.48000001907348633 0.41312503814697266 0.007499980740249157 0.011249971576035023
0 0.5049999952316284 0.41999998688697815 0.007499980740249157 0.00750002870336175
0 0.4699999690055847 0.4124999940395355 0.00750002870336175 0.007499980740249157
