0 0.80322265625 0.592529296875 0.0673828125 0.10888671875
0 0.151611328125 0.614990234375 0.07861328125 0.11962890625
0 0.33935546875 0.53076171875 0.025390625 0.03515625
0 0.572021484375 0.478271484375 0.00927734375 0.01611328125
0 0.633056640625 0.5 0.01513671875 0.0224609375
0 0.424560546875 0.480712890625 0.01025390625 0.01513671875
0 0.5087890625 0.468994140625 0.0078125 0.01220703125
0 0.400146484375 0.4658203125 0.00634765625 0.0087890625
0 0.443115234375 0.467041015625 0.00732421875 0.01220703125
0 0.386474609375 0.4736328125 0.00830078125 0.0126953125
0 0.351318359375 0.471435546875 0.00830078125 0.01123046875
0 0.31640625 0.47119140625 0.0068359375 0.0078125
