0 0.08625000715255737 0.6012499928474426 0.08750000596046448 0.09249997138977051
0 0.30125001072883606 0.4937500059604645 0.040000010281801224 0.05000000074505806
0 0.3675000071525574 0.45500001311302185 0.027499984949827194 0.03750000149011612
0 0.6681250333786011 0.4793749749660492 0.03874998167157173 0.053749989718198776
0 0.5668749809265137 0.4425000250339508 0.026250028982758522 0.03499998897314072
0 0.4543749690055847 0.4181250035762787 0.013750028796494007 0.02375001832842827
0 0.5575000047683716 0.4193750321865082 0.015000009909272194 0.023749971762299538
0 0.6187499761581421 0.4050000309944153 0.012500000186264515 0.020000005140900612
0 0.5518749952316284 0.3987500071525574 0.011250019073486328 0.0175000187009573
0 0.5206249952316284 0.39625000953674316 0.011250019073486328 0.014999985694885254
0 0.7462500333786011 0.4193750321865082 0.02500000037252903 0.016249990090727806
0 0.7931249737739563 0.38499999046325684 0.016249990090727806 0.014999985694885254
0 0.14124999940395355 0.3893750309944153 0.040000010281801224 0.04875002056360245
0 0.26875001192092896 0.3800000250339508 0.020000005140900612 0.029999995604157448
0 0.33812499046325684 0.3812499940395355 0.016250014305114746 0.01749999448657036
0 0.574999988079071 0.3893750309944153 0.012500000186264515 0.016250014305114746
