0 0.800048828125 0.507568359375 0.03076171875 0.04248046875
0 0.25732421875 0.5205078125 0.03515625 0.0458984375
0 0.285400390625 0.479736328125 0.02197265625 0.02880859375
0 0.653076171875 0.465576171875 0.01611328125 0.02294921875
0 0.53466796875 0.45263671875 0.01171875 0.0185546875
0 0.192626953125 0.471435546875 0.01513671875 0.02001953125
0 0.423828125 0.44677734375 0.01171875 0.015625
0 0.339111328125 0.4462890625 0.01025390625 0.0146484375
0 0.19677734375 0.437744140625 0.0078125 0.00830078125
0 0.13037109375 0.453857421875 0.0107421875 0.01318359375
0 0.284912109375 0.42919921875 0.00537109375 0.0078125
0 0.140869140625 0.444580078125 0.00830078125 0.01025390625
0 0.241455078125 0.44970703125 0.01025390625 0.013671875
0 0.046875 0.47265625 0.013671875 0.0166015625
0 0.0849609375 0.452880859375 0.009765625 0.01123046875
0 0.47119140625 0.414794921875 0.0048828125 0.00634765625
0 0.171875 0.436767578125 0.005859375 0.00830078125
0 0.276123046875 0.426513671875 0.00537109375 0.00634765625
0 0.356201171875 0.42138671875 0.00634765625 0.005859375
0 0.36962890625 0.42333984375 0.0048828125 0.0068359375
