0 0.803466796875 0.551025390625 0.04833984375 0.05908203125
0 0.37890625 0.496337890625 0.0244140625 0.03076171875
0 0.428466796875 0.46240234375 0.01513671875 0.0224609375
0 0.596923828125 0.45556640625 0.01220703125 0.017578125
0 0.450927734375 0.449951171875 0.00830078125 0.01416015625
0 0.55419921875 0.442138671875 0.0048828125 0.00927734375
0 0.962890625 0.478271484375 0.0244140625 0.02587890625
0 0.604736328125 0.444580078125 0.00830078125 0.01220703125
0 0.460693359375 0.443115234375 0.00732421875 0.01123046875
0 0.8818359375 0.449462890625 0.0087890625 0.01220703125
0 0.8974609375 0.446044921875 0.0078125 0.00927734375
0 0.846435546875 0.44287109375 0.00634765625 0.0087890625
0 0.738525390625 0.4423828125 0.00732421875 0.009765625
0 0.66943359375 0.436279296875 0.0048828125 0.00732421875
0 0.549560546875 0.439208984375 0.00537109375 0.00830078125
0 0.5986328125 0.435302734375 0.0048828125 0.00732421875
0 0.611328125 0.433349609375 0.0048828125 0.00634765625
0 0.751708984375 0.440185546875 0.00537109375 0.00830078125
0 0.732421875 0.432373046875 0.0048828125 0.00732421875
0 0.662109375 0.435546875 0.0048828125 0.0078125
0 0.468017578125 0.4384765625 0.00634765625 0.009765625
0 0.53759765625 0.435302734375 0.005859375 0.00830078125
0 0.54736328125 0.432373046875 0.0048828125 0.00634765625
