0 0.6775000095367432 0.5100000500679016 0.03750000149011612 0.052500009536743164
0 0.6100000143051147 0.44312500953674316 0.022499989718198776 0.01875000074505806
0 0.3474999964237213 0.4918749928474426 0.029999995604157448 0.041249990463256836
0 0.5800000429153442 0.42125001549720764 0.015000009909272194 0.0175000187009573
0 0.6262500286102295 0.46437501907348633 0.02500000037252903 0.03625001758337021
0 0.4468750059604645 0.43812498450279236 0.011250019073486328 0.01875000074505806
0 0.5525000095367432 0.4143750071525574 0.014999961480498314 0.016249990090727806
0 0.5074999928474426 0.4087499976158142 0.00750002870336175 0.012500000186264515
0 0.43562498688697815 0.42250004410743713 0.011249971576035023 0.015000009909272194
0 0.4475000500679016 0.40562501549720764 0.00750002870336175 0.011250019073486328
0 0.4568750262260437 0.4256249964237213 0.013750028796494007 0.01875000074505806
