0 0.762499988079071 0.5818750262260437 0.07500000298023224 0.08624996989965439
0 0.7350000143051147 0.4724999964237213 0.040000010281801224 0.05000000074505806
0 0.3400000035762787 0.4631250500679016 0.027500009164214134 0.03875003010034561
0 0.596875011920929 0.45875000953674316 0.026249980553984642 0.03249998018145561
0 0.4493750035762787 0.44062501192092896 0.013749981299042702 0.02375001832842827
0 0.5668749809265137 0.4318750500679016 0.013750028796494007 0.021250009536743164
0 0.4287499785423279 0.4206250309944153 0.012500000186264515 0.01875000074505806
0 0.4768750071525574 0.42375001311302185 0.00875000935047865 0.015000009909272194
0 0.4612500071525574 0.41312503814697266 0.007499980740249157 0.013750028796494007
0 0.5874999761581421 0.4193750321865082 0.009999990463256836 0.013750028796494007
0 0.6012499928474426 0.413750022649765 0.00750002870336175 0.012500000186264515
0 0.5699999928474426 0.40687504410743713 0.00750002870336175 0.011249971576035023
0 0.5600000619888306 0.4099999964237213 0.00750002870336175 0.012500000186264515
0 0.6743749976158142 0.41874998807907104 0.016250038519501686 0.012500000186264515
0 0.6299999952316284 0.41062498092651367 0.007499980740249157 0.00875000935047865
0 0.5074999928474426 0.4137499928474426 0.00750002870336175 0.00750002870336175
0 0.606249988079071 0.40625 0.007499980740249157 0.007499980740249157
