0 0.41162109375 0.4677734375 0.0146484375 0.033203125
0 0.421142578125 0.4619140625 0.01611328125 0.033203125
0 0.62255859375 0.467529296875 0.017578125 0.03173828125
0 0.6083984375 0.4619140625 0.015625 0.029296875
0 0.389892578125 0.488525390625 0.01904296875 0.02587890625
0 0.4375 0.45703125 0.009765625 0.0146484375
0 0.6455078125 0.485595703125 0.0185546875 0.02685546875
0 0.58447265625 0.45703125 0.0107421875 0.0146484375
0 0.4599609375 0.44140625 0.0048828125 0.0068359375
0 0.5654296875 0.4482421875 0.0068359375 0.0107421875
0 0.447021484375 0.447998046875 0.00634765625 0.01025390625
0 0.47802734375 0.4375 0.0048828125 0.0068359375
0 0.54443359375 0.43994140625 0.0048828125 0.0078125
0 0.556640625 0.4365234375 0.0048828125 0.0068359375
0 0.54345703125 0.434326171875 0.0048828125 0.00634765625
0 0.494140625 0.434814453125 0.0048828125 0.00537109375
