0 0.199462890625 0.58935546875 0.07861328125 0.1240234375
0 0.84814453125 0.595458984375 0.08984375 0.13134765625
0 0.316162109375 0.5244140625 0.03173828125 0.0439453125
0 0.609619140625 0.472412109375 0.01806640625 0.02490234375
0 0.69140625 0.511474609375 0.03125 0.04541015625
0 0.38916015625 0.470703125 0.017578125 0.025390625
0 0.559814453125 0.445068359375 0.00927734375 0.01416015625
0 0.544189453125 0.436279296875 0.00927734375 0.01220703125
0 0.047119140625 0.757080078125 0.09423828125 0.17236328125
0 0.97314453125 0.728515625 0.0537109375 0.1044921875
0 0.427001953125 0.443359375 0.01025390625 0.0126953125
0 0.441162109375 0.434814453125 0.00830078125 0.01025390625
0 0.53369140625 0.4306640625 0.0068359375 0.0087890625
0 0.524658203125 0.425537109375 0.00537109375 0.00732421875
0 0.517578125 0.419677734375 0.0048828125 0.00732421875
0 0.451171875 0.42529296875 0.0048828125 0.0068359375
0 0.44580078125 0.429443359375 0.0048828125 0.00732421875
