0 0.146240234375 0.44873046875 0.00830078125 0.0107421875
0 0.22509765625 0.44580078125 0.0068359375 0.009765625
0 0.041748046875 0.471923828125 0.01318359375 0.01611328125
0 0.065673828125 0.458251953125 0.00927734375 0.01318359375
0 0.15771484375 0.456298828125 0.0087890625 0.01123046875
0 0.24755859375 0.43701171875 0.0048828125 0.0068359375
0 0.20654296875 0.44189453125 0.005859375 0.0078125
0 0.29638671875 0.438232421875 0.0048828125 0.00634765625
0 0.27978515625 0.432861328125 0.0048828125 0.00634765625
0 0.2626953125 0.442138671875 0.005859375 0.00830078125
0 0.302734375 0.43017578125 0.0048828125 0.005859375
0 0.3203125 0.435302734375 0.0048828125 0.00634765625
0 0.3212890625 0.42822265625 0.0048828125 0.0068359375
0 0.33935546875 0.43310546875 0.0048828125 0.0068359375
0 0.37158203125 0.42822265625 0.0048828125 0.005859375
0 0.357421875 0.429443359375 0.0048828125 0.00537109375
0 0.35595703125 0.425537109375 0.0048828125 0.00537109375
0 0.36669921875 0.425537109375 0.0048828125 0.00537109375
0 0.37548828125 0.425048828125 0.0048828125 0.00537109375
0 0.33935546875 0.42626953125 0.0048828125 0.0048828125
