0 0.089111328125 0.4541015625 0.00830078125 0.0126953125
0 0.162353515625 0.44287109375 0.00732421875 0.013671875
0 0.09228515625 0.464111328125 0.0107421875 0.01513671875
0 0.1474609375 0.44482421875 0.0087890625 0.013671875
0 0.203369140625 0.44140625 0.00634765625 0.0087890625
0 0.23876953125 0.44140625 0.0107421875 0.0166015625
0 0.2275390625 0.442138671875 0.009765625 0.01708984375
0 0.2734375 0.439453125 0.0068359375 0.0087890625
0 0.1767578125 0.451904296875 0.009765625 0.01220703125
0 0.30078125 0.4375 0.0048828125 0.0068359375
0 0.3017578125 0.432861328125 0.0048828125 0.00634765625
0 0.32080078125 0.4306640625 0.0048828125 0.005859375
0 0.3291015625 0.434326171875 0.005859375 0.00732421875
0 0.34912109375 0.431396484375 0.0048828125 0.00537109375
0 0.37548828125 0.42822265625 0.0048828125 0.005859375
