0 0.657031238079071 0.4808593690395355 0.01718750037252903 0.02890625037252903
0 0.19648437201976776 0.552734375 0.02890625037252903 0.04609375074505806
0 0.864062488079071 0.5660156011581421 0.05156249925494194 0.06484375149011612
0 0.22187499701976776 0.553515613079071 0.02968749962747097 0.04296875
0 0.17421874403953552 0.513671875 0.01875000074505806 0.02890625037252903
0 0.21835938096046448 0.498046875 0.01640624925494194 0.02109375037252903
0 0.15273436903953552 0.53515625 0.02109375037252903 0.03281249850988388
0 0.47187501192092896 0.46015626192092896 0.0078125 0.010937499813735485
0 0.25390625 0.49140626192092896 0.01406249962747097 0.01875000074505806
0 0.3218750059604645 0.47265625 0.0078125 0.012500000186264515
0 0.47968751192092896 0.46015626192092896 0.0078125 0.012500000186264515
0 0.4351562559604645 0.451171875 0.0078125 0.008593750186264515
0 0.6109374761581421 0.45703125 0.0078125 0.01406249962747097
