0 0.121337890625 0.536865234375 0.04052734375 0.04736328125
0 0.7265625 0.56396484375 0.0498046875 0.0625
0 0.500732421875 0.48486328125 0.02490234375 0.0302734375
0 0.399658203125 0.467529296875 0.01611328125 0.02392578125
0 0.32666015625 0.459716796875 0.013671875 0.01806640625
0 0.12158203125 0.487548828125 0.0205078125 0.02587890625
0 0.18115234375 0.45654296875 0.01171875 0.0146484375
0 0.25634765625 0.4560546875 0.01171875 0.015625
0 0.08349609375 0.46044921875 0.01171875 0.0146484375
0 0.698486328125 0.441162109375 0.00927734375 0.01123046875
