0 0.449951171875 0.5185546875 0.02978515625 0.046875
0 0.621337890625 0.4775390625 0.01806640625 0.0263671875
0 0.879150390625 0.5009765625 0.02685546875 0.0283203125
0 0.14306640625 0.63818359375 0.0888671875 0.0673828125
0 0.813720703125 0.472900390625 0.01513671875 0.02294921875
0 0.648193359375 0.4609375 0.01611328125 0.0146484375
0 0.92919921875 0.485107421875 0.015625 0.02392578125
0 0.865478515625 0.469970703125 0.01220703125 0.02001953125
0 0.886474609375 0.462890625 0.01025390625 0.013671875
0 0.7802734375 0.46142578125 0.0107421875 0.015625
0 0.936767578125 0.46923828125 0.01123046875 0.0166015625
0 0.82763671875 0.464111328125 0.01171875 0.01416015625
0 0.79833984375 0.457763671875 0.0087890625 0.01318359375
0 0.7275390625 0.451904296875 0.0087890625 0.01416015625
0 0.750244140625 0.455810546875 0.01123046875 0.01416015625
