0 0.455078125 0.462158203125 0.0166015625 0.02099609375
0 0.386962890625 0.51513671875 0.02978515625 0.0439453125
0 0.733154296875 0.496826171875 0.02587890625 0.03564453125
0 0.664794921875 0.459228515625 0.01416015625 0.02099609375
0 0.752197265625 0.455810546875 0.01513671875 0.01806640625
0 0.507568359375 0.43603515625 0.01123046875 0.0146484375
0 0.55615234375 0.4296875 0.0107421875 0.0126953125
0 0.627197265625 0.427001953125 0.00927734375 0.01123046875
0 0.6796875 0.44091796875 0.013671875 0.015625
0 0.814697265625 0.44873046875 0.01025390625 0.0146484375
0 0.796875 0.43701171875 0.0078125 0.01171875
0 0.78369140625 0.429443359375 0.005859375 0.01025390625
0 0.739501953125 0.43798828125 0.00927734375 0.0126953125
0 0.721435546875 0.427490234375 0.00732421875 0.00927734375
0 0.8642578125 0.432861328125 0.0078125 0.01123046875
0 0.899169921875 0.4423828125 0.01123046875 0.0126953125
