0 0.3499999940395355 0.47265625 0.019791673868894577 0.03385414928197861
0 0.33411461114883423 0.5231770873069763 0.03802082687616348 0.05989580228924751
0 0.838020920753479 0.5283854603767395 0.027083301916718483 0.05156249925494194
0 0.1796875149011612 0.594531238079071 0.04791667312383652 0.08072914928197861
0 0.3018229305744171 0.45885419845581055 0.02031249925494194 0.030208349227905273
0 0.703125 0.4515624940395355 0.02187499962747097 0.029166650027036667
0 0.5666667222976685 0.42500001192092896 0.014583349227905273 0.023958349600434303
0 0.15416666865348816 0.4385417103767395 0.010416662320494652 0.016666650772094727
0 0.25442710518836975 0.4481770992279053 0.019270826131105423 0.021354198455810547
0 0.3791666626930237 0.4114583432674408 0.012500000186264515 0.013541698455810547
0 0.24244792759418488 0.4166666865348816 0.009895849041640759 0.012500000186264515
0 0.07317708432674408 0.4403645992279053 0.00989583134651184 0.01406249962747097
0 0.8236979246139526 0.4208333492279053 0.015104102902114391 0.016666699200868607
0 0.14427083730697632 0.4190104603767395 0.007291674613952637 0.010937499813735485
0 0.0416666679084301 0.42994794249534607 0.007291665766388178 0.009895849041640759
0 0.9018229246139526 0.43020835518836975 0.010937499813735485 0.015625
0 0.8643229603767395 0.41796875 0.009895896539092064 0.011979150585830212
