0 0.669677734375 0.508056640625 0.03076171875 0.03857421875
0 0.200927734375 0.55224609375 0.04541015625 0.0556640625
0 0.903076171875 0.604248046875 0.06787109375 0.07763671875
0 0.549072265625 0.477294921875 0.02392578125 0.02978515625
0 0.44384765625 0.464599609375 0.021484375 0.02783203125
0 0.148193359375 0.48681640625 0.02197265625 0.03515625
0 0.05419921875 0.462890625 0.015625 0.017578125
0 0.337158203125 0.45703125 0.01513671875 0.017578125
0 0.018798828125 0.48828125 0.02490234375 0.0244140625
0 0.245361328125 0.456787109375 0.01416015625 0.01708984375
0 0.15771484375 0.459228515625 0.0166015625 0.01611328125
