0 0.923828125 0.6312500238418579 0.05390625074505806 0.07500000298023224
0 0.09296874701976776 0.706250011920929 0.078125 0.1015625
0 0.4039062559604645 0.512499988079071 0.03125 0.03437500074505806
0 0.763671875 0.534375011920929 0.02734375 0.03750000149011612
0 0.5160156488418579 0.47343748807907104 0.01171875 0.02031249925494194
0 0.67578125 0.48046875 0.01406249962747097 0.02031249925494194
0 0.7085937261581421 0.453125 0.0078125 0.012500000186264515
0 0.6304687261581421 0.45195311307907104 0.0078125 0.008593750186264515
0 0.690625011920929 0.46406251192092896 0.0078125 0.012500000186264515
0 0.7281249761581421 0.44843751192092896 0.0078125 0.0078125
0 0.6703125238418579 0.44609373807907104 0.0078125 0.0078125
0 0.5914062261581421 0.46171873807907104 0.0078125 0.012500000186264515
