0 0.201171875 0.53759765625 0.0439453125 0.05078125
0 0.375244140625 0.489013671875 0.02587890625 0.03564453125
0 0.825439453125 0.566162109375 0.04736328125 0.05908203125
0 0.84326171875 0.481689453125 0.01953125 0.02685546875
0 0.470947265625 0.472412109375 0.02099609375 0.02783203125
0 0.587646484375 0.451416015625 0.01416015625 0.01806640625
0 0.72314453125 0.44140625 0.0087890625 0.01171875
0 0.660888671875 0.443603515625 0.01123046875 0.01513671875
0 0.84619140625 0.461181640625 0.01171875 0.01806640625
0 0.8291015625 0.438232421875 0.0068359375 0.00927734375
0 0.822021484375 0.433837890625 0.00634765625 0.00830078125
0 0.845947265625 0.450927734375 0.00830078125 0.01220703125
0 0.837890625 0.443359375 0.0078125 0.009765625
0 0.814697265625 0.429443359375 0.00537109375 0.00732421875
0 0.746826171875 0.435302734375 0.00927734375 0.01318359375
0 0.80712890625 0.42626953125 0.0048828125 0.0048828125
0 0.80078125 0.42578125 0.0048828125 0.0048828125
