0 0.30322265625 0.429931640625 0.0068359375 0.01318359375
0 0.177734375 0.4501953125 0.0107421875 0.01171875
0 0.1162109375 0.460205078125 0.013671875 0.01416015625
0 0.277587890625 0.435302734375 0.00537109375 0.00830078125
0 0.240478515625 0.439697265625 0.00732421875 0.01025390625
0 0.167236328125 0.441162109375 0.00732421875 0.00927734375
0 0.09130859375 0.450439453125 0.0087890625 0.01025390625
0 0.013671875 0.460205078125 0.01171875 0.01318359375
0 0.211181640625 0.43603515625 0.00732421875 0.009765625
0 0.240966796875 0.4306640625 0.00634765625 0.0126953125
0 0.24951171875 0.43017578125 0.0068359375 0.01171875
