0 0.33710938692092896 0.48164063692092896 0.01796874962747097 0.02578124962747097
0 0.29414063692092896 0.47539061307907104 0.01328125037252903 0.02109375037252903
0 0.94140625 0.46953123807907104 0.02187499962747097 0.03125
0 0.5054687261581421 0.4527343809604645 0.010937499813735485 0.02109375037252903
0 0.08749999850988388 0.530078113079071 0.02031249925494194 0.03359375149011612
0 0.25703126192092896 0.46992188692092896 0.01406249962747097 0.02265625074505806
0 0.857421875 0.45625001192092896 0.014843749813735485 0.02500000037252903
0 0.719531238079071 0.4476562440395355 0.012500000186264515 0.02031249925494194
0 0.6468750238418579 0.4429687559604645 0.010937499813735485 0.01718750037252903
0 0.23203125596046448 0.466796875 0.010937499813735485 0.01640624925494194
0 0.44062501192092896 0.4527343809604645 0.010937499813735485 0.01796874962747097
0 0.06914062798023224 0.514453113079071 0.01953125 0.02734375
0 0.09101562201976776 0.4984374940395355 0.014843749813735485 0.02500000037252903
0 0.21484375 0.46484375 0.0078125 0.01406249962747097
0 0.39453125 0.451171875 0.010937499813735485 0.014843749813735485
0 0.582812488079071 0.4417968690395355 0.00937500037252903 0.01640624925494194
0 0.14804688096046448 0.4710937440395355 0.008593750186264515 0.01406249962747097
