0 0.20664063096046448 0.4652343690395355 0.03203124925494194 0.04765624925494194
0 0.322265625 0.4253906309604645 0.01953125 0.03203124925494194
0 0.6089843511581421 0.43828123807907104 0.01953125 0.02968749962747097
0 0.37968748807907104 0.3988281190395355 0.01406249962747097 0.02109375037252903
0 0.579296886920929 0.40703123807907104 0.01171875 0.01875000074505806
0 0.46015626192092896 0.3773437440395355 0.0078125 0.012500000186264515
0 0.3843750059604645 0.36835938692092896 0.0078125 0.01171875
0 0.51171875 0.3871093690395355 0.0078125 0.01328125037252903
0 0.3773437440395355 0.38554686307907104 0.012500000186264515 0.01953125
0 0.3082031309604645 0.37109375 0.01015624962747097 0.015625
0 0.21875 0.361328125 0.00937500037252903 0.01171875
0 0.2992187440395355 0.35859376192092896 0.0078125 0.012500000186264515
