0 0.08567708730697632 0.5257812738418579 0.03593749925494194 0.04843749850988388
0 0.80364590883255 0.5611979365348816 0.04687504842877388 0.07239584624767303
0 0.6846354603767395 0.4234375059604645 0.016145849600434303 0.030208349227905273
0 0.6299479603767395 0.42213544249534607 0.011979150585830212 0.018229151144623756
0 0.34843748807907104 0.4138020873069763 0.012500000186264515 0.01718750037252903
0 0.3346354365348816 0.42395836114883423 0.016145849600434303 0.02500000037252903
0 0.3057291805744171 0.4117187559604645 0.011458349414169788 0.016145849600434303
0 0.6572917103767395 0.41223961114883423 0.007291650865226984 0.01406249962747097
0 0.22291667759418488 0.4156250059604645 0.008333349600434303 0.013541650958359241
0 0.1419270932674408 0.4270833432674408 0.008854174986481667 0.014583301730453968
0 0.772656261920929 0.42005211114883423 0.009895849041640759 0.013020801357924938
0 0.8424479365348816 0.4385417103767395 0.01718750037252903 0.029166650027036667
0 0.6929687261581421 0.3968749940395355 0.0057291509583592415 0.0062500000931322575
0 0.5369791984558105 0.4039062559604645 0.007291650865226984 0.010937499813735485
0 0.4098958373069763 0.3971354365348816 0.005208301357924938 0.008854150772094727
0 0.5765625238418579 0.3916666805744171 0.005208349321037531 0.005208349321037531
0 0.04895833879709244 0.4296875 0.006250002887099981 0.010416651144623756
0 0.29869791865348816 0.4010416865348816 0.0057291509583592415 0.010416651144623756
