0 0.39765626192092896 0.4566406309604645 0.01406249962747097 0.02578124962747097
0 0.2945312559604645 0.506640613079071 0.02187499962747097 0.04140625149011612
0 0.45039063692092896 0.4632812440395355 0.014843749813735485 0.02187499962747097
0 0.25898438692092896 0.49492186307907104 0.01640624925494194 0.02890625037252903
0 0.228515625 0.48320311307907104 0.01796874962747097 0.02421874925494194
0 0.5289062261581421 0.46484375 0.01406249962747097 0.0234375
0 0.801953136920929 0.4609375 0.01796874962747097 0.02500000037252903
0 0.626953125 0.44921875 0.01328125037252903 0.01875000074505806
0 0.989062488079071 0.4808593690395355 0.02031249925494194 0.03203124925494194
0 0.706250011920929 0.4527343809604645 0.01406249962747097 0.02109375037252903
0 0.02656250074505806 0.522656261920929 0.02031249925494194 0.03125
0 0.20937499403953552 0.47929686307907104 0.012500000186264515 0.01953125
0 0.24570313096046448 0.46015626192092896 0.01015624962747097 0.01718750037252903
0 0.19765624403953552 0.47343748807907104 0.010937499813735485 0.01718750037252903
0 0.13007812201976776 0.47773438692092896 0.01015624962747097 0.01640624925494194
0 0.3238281309604645 0.4546875059604645 0.01328125037252903 0.01718750037252903
0 0.046875 0.49296873807907104 0.010937499813735485 0.01718750037252903
0 0.50390625 0.4468750059604645 0.010937499813735485 0.015625
0 0.4593749940395355 0.4437499940395355 0.010937499813735485 0.015625
0 0.559765636920929 0.4468750059604645 0.01328125037252903 0.01875000074505806
0 0.35429686307907104 0.4566406309604645 0.01171875 0.01796874962747097
