0 0.314208984375 0.521240234375 0.03466796875 0.04052734375
0 0.7275390625 0.52587890625 0.0361328125 0.044921875
0 0.61669921875 0.467529296875 0.017578125 0.02197265625
0 0.400390625 0.47021484375 0.017578125 0.021484375
0 0.5791015625 0.447265625 0.0107421875 0.0146484375
0 0.439453125 0.44873046875 0.0107421875 0.013671875
0 0.563720703125 0.44091796875 0.00830078125 0.0107421875
0 0.55517578125 0.43798828125 0.0068359375 0.009765625
0 0.447998046875 0.442626953125 0.00830078125 0.01025390625
0 0.460205078125 0.439697265625 0.00634765625 0.00830078125
0 0.541015625 0.43505859375 0.0048828125 0.0068359375
0 0.54736328125 0.43603515625 0.005859375 0.0078125
0 0.47705078125 0.43505859375 0.0048828125 0.0048828125
0 0.53662109375 0.432861328125 0.0048828125 0.00537109375
