0 0.395263671875 0.48388671875 0.01708984375 0.0224609375
0 0.320556640625 0.531982421875 0.03857421875 0.05029296875
0 0.730224609375 0.524169921875 0.03564453125 0.04541015625
0 0.639404296875 0.47998046875 0.01904296875 0.02734375
0 0.59423828125 0.459228515625 0.0126953125 0.02001953125
0 0.43505859375 0.461181640625 0.01171875 0.01708984375
0 0.451171875 0.4501953125 0.0087890625 0.0126953125
0 0.560302734375 0.443115234375 0.00537109375 0.01025390625
0 0.464111328125 0.444580078125 0.00732421875 0.01220703125
0 0.5732421875 0.449462890625 0.009765625 0.01513671875
0 0.548583984375 0.438232421875 0.00732421875 0.01220703125
0 0.472412109375 0.43896484375 0.00732421875 0.009765625
