0 0.7081249952316284 0.5 0.03874998167157173 0.052500009536743164
0 0.2724999785423279 0.4893750250339508 0.0325000062584877 0.041249990463256836
0 0.5393750071525574 0.43937501311302185 0.021250009536743164 0.026249980553984642
0 0.05312500149011612 0.4775000214576721 0.026250001043081284 0.03249998018145561
0 0.28812500834465027 0.4425000250339508 0.01875000074505806 0.02500000037252903
0 0.44999998807907104 0.42500001192092896 0.012500000186264515 0.019999980926513672
0 0.5699999928474426 0.41874998807907104 0.009999990463256836 0.019999980926513672
0 0.3343749940395355 0.42500001192092896 0.00875000935047865 0.015000009909272194
0 0.4737500250339508 0.4075000286102295 0.007499980740249157 0.012500000186264515
0 0.2199999988079071 0.4162500500679016 0.007499980740249157 0.009999990463256836
0 0.4437499940395355 0.41312503814697266 0.007499980740249157 0.011249971576035023
0 0.37562498450279236 0.4143750071525574 0.008749986067414284 0.011250019073486328
0 0.4000000059604645 0.40937501192092896 0.007499980740249157 0.011250019073486328
0 0.41750001907348633 0.4037500023841858 0.007499980740249157 0.010000014677643776
0 0.2900000214576721 0.4124999940395355 0.007500004954636097 0.009999990463256836
0 0.1887499988079071 0.4162500500679016 0.010000002570450306 0.009999990463256836
0 0.23875001072883606 0.4143750071525574 0.007499980740249157 0.00875000935047865
0 0.22625000774860382 0.421875 0.012500000186264515 0.013749981299042702
0 0.3368750214576721 0.4087499976158142 0.00875000935047865 0.007499980740249157
0 0.016875000670552254 0.43812504410743713 0.008750000968575478 0.013750028796494007
