0 0.23681640625 0.524169921875 0.0341796875 0.05322265625
0 0.84033203125 0.525634765625 0.03125 0.04443359375
0 0.93212890625 0.489501953125 0.0224609375 0.03369140625
0 0.44970703125 0.4814453125 0.021484375 0.03125
0 0.80322265625 0.47900390625 0.0185546875 0.02734375
0 0.595458984375 0.4609375 0.01611328125 0.0244140625
0 0.869140625 0.469482421875 0.015625 0.02587890625
0 0.77685546875 0.4619140625 0.0126953125 0.0205078125
0 0.636474609375 0.450439453125 0.01123046875 0.01708984375
0 0.657958984375 0.4462890625 0.01123046875 0.013671875
0 0.560791015625 0.436767578125 0.01025390625 0.01513671875
