0 0.8106249570846558 0.5175000429153442 0.0562499538064003 0.07500000298023224
0 0.765625 0.48375001549720764 0.03874998167157173 0.060000039637088776
0 0.637499988079071 0.4568750262260437 0.03249998018145561 0.046250008046627045
0 0.5625 0.42500001192092896 0.022499989718198776 0.03499998897314072
0 0.11375000327825546 0.5393750071525574 0.0625000074505806 0.08124999701976776
0 0.45500001311302185 0.4162500500679016 0.0175000187009573 0.029999971389770508
0 0.1993750035762787 0.4737500250339508 0.033750008791685104 0.047499991953372955
0 0.6637500524520874 0.4350000321865082 0.02500000037252903 0.040000010281801224
0 0.20125000178813934 0.44875001907348633 0.027500009164214134 0.03750000149011612
0 0.20000000298023224 0.4318750500679016 0.022499989718198776 0.03624997287988663
0 0.24312500655651093 0.40625 0.013750004582107067 0.02500000037252903
0 0.3212500214576721 0.4087499976158142 0.015000009909272194 0.027499984949827194
0 0.0924999937415123 0.4206250309944153 0.019999999552965164 0.028749991208314896
0 0.07625000178813934 0.4037500023841858 0.015000003390014172 0.022500013932585716
0 0.038750000298023224 0.3974999785423279 0.015000000596046448 0.02499997615814209
