0 0.275390625 0.5035156011581421 0.01328125037252903 0.02109375037252903
0 0.25 0.49921876192092896 0.010937499813735485 0.01718750037252903
0 0.40625 0.4722656309604645 0.010937499813735485 0.01640624925494194
0 0.9546874761581421 0.462890625 0.03281249850988388 0.07109375298023224
0 0.928906261920929 0.4749999940395355 0.01718750037252903 0.03125
0 0.887890636920929 0.4605468809604645 0.01640624925494194 0.02421874925494194
0 0.02031249925494194 0.5785156488418579 0.02031249925494194 0.03203124925494194
0 0.05156249925494194 0.553906261920929 0.01875000074505806 0.02656250074505806
0 0.765625 0.44257813692092896 0.010937499813735485 0.01640624925494194
0 0.37578123807907104 0.47187501192092896 0.00937500037252903 0.01406249962747097
0 0.813671886920929 0.447265625 0.01171875 0.02109375037252903
0 0.4632812440395355 0.45585936307907104 0.0078125 0.01171875
0 0.43476563692092896 0.45625001192092896 0.007031249813735485 0.012500000186264515
0 0.49921876192092896 0.45390623807907104 0.0078125 0.01406249962747097
0 0.723437488079071 0.44062501192092896 0.010937499813735485 0.01718750037252903
0 0.228515625 0.4964843690395355 0.01171875 0.01640624925494194
0 0.3433593809604645 0.4722656309604645 0.008593750186264515 0.01328125037252903
0 0.05742187425494194 0.5425781011581421 0.01171875 0.02109375037252903
0 0.064453125 0.533203125 0.01015624962747097 0.014843749813735485
0 0.649609386920929 0.4410156309604645 0.007031249813735485 0.01171875
0 0.59765625 0.44218748807907104 0.0078125 0.012500000186264515
0 0.5550781488418579 0.44414061307907104 0.007031249813735485 0.01171875
0 0.07304687798023224 0.524609386920929 0.007031249813735485 0.01328125037252903
0 0.080078125 0.516796886920929 0.007031249813735485 0.01015624962747097
