0 0.1237499937415123 0.5987499952316284 0.11499999463558197 0.11750002205371857
0 0.7418749928474426 0.5337499976158142 0.06124997138977051 0.08500003814697266
0 0.5887500047683716 0.45750004053115845 0.020000029355287552 0.03750000149011612
0 0.40187501907348633 0.45625001192092896 0.028749991208314896 0.03249998018145561
0 0.4124999940395355 0.4168749749660492 0.012500000186264515 0.023749971762299538
0 0.445000022649765 0.4150000214576721 0.012500000186264515 0.0175000187009573
0 0.5631250143051147 0.40812501311302185 0.013750028796494007 0.021249985322356224
0 0.4787500500679016 0.3968749940395355 0.00750002870336175 0.011249994859099388
0 0.5112500190734863 0.40187501907348633 0.007499980740249157 0.011250019073486328
0 0.5275000333786011 0.4074999690055847 0.012500000186264515 0.015000009909272194
0 0.4631250500679016 0.3918749988079071 0.00875000935047865 0.00875000935047865
0 0.6237500309944153 0.4150000214576721 0.027500009164214134 0.0175000187009573
