0 0.275390625 0.510986328125 0.029296875 0.04052734375
0 0.8427734375 0.5068359375 0.025390625 0.0390625
0 0.681884765625 0.472412109375 0.02099609375 0.02783203125
0 0.070556640625 0.63818359375 0.07568359375 0.0966796875
0 0.197021484375 0.488525390625 0.02001953125 0.02783203125
0 0.198974609375 0.456298828125 0.01220703125 0.01513671875
0 0.408203125 0.44970703125 0.01171875 0.017578125
0 0.07421875 0.4794921875 0.015625 0.0205078125
0 0.162841796875 0.45361328125 0.00927734375 0.01171875
0 0.304443359375 0.454833984375 0.01318359375 0.01611328125
0 0.2880859375 0.436767578125 0.0078125 0.01025390625
0 0.033935546875 0.45849609375 0.01025390625 0.01171875
0 0.51220703125 0.458251953125 0.015625 0.02001953125
0 0.088623046875 0.45166015625 0.00732421875 0.0107421875
0 0.230712890625 0.444091796875 0.00830078125 0.01123046875
0 0.382080078125 0.4296875 0.00732421875 0.009765625
0 0.46826171875 0.424560546875 0.0068359375 0.00830078125
0 0.4609375 0.421630859375 0.0048828125 0.00634765625
0 0.548583984375 0.420654296875 0.00537109375 0.00732421875
0 0.176513671875 0.443603515625 0.00634765625 0.00830078125
0 0.27001953125 0.434326171875 0.0048828125 0.00732421875
0 0.376220703125 0.426513671875 0.00537109375 0.00634765625
0 0.58447265625 0.41650390625 0.0048828125 0.0048828125
0 0.513671875 0.4189453125 0.0048828125 0.0048828125
0 0.6240234375 0.41796875 0.0048828125 0.0048828125
