0 0.22021484375 0.437744140625 0.0048828125 0.00830078125
0 0.119140625 0.4609375 0.0107421875 0.0146484375
0 0.177978515625 0.443603515625 0.00537109375 0.00830078125
0 0.20263671875 0.44873046875 0.005859375 0.009765625
0 0.2568359375 0.441650390625 0.005859375 0.00927734375
0 0.287353515625 0.437255859375 0.00537109375 0.00830078125
0 0.25244140625 0.434326171875 0.0048828125 0.00634765625
0 0.275390625 0.431640625 0.0048828125 0.005859375
0 0.31298828125 0.433349609375 0.0048828125 0.00634765625
0 0.32958984375 0.43115234375 0.0048828125 0.0068359375
0 0.117431640625 0.451416015625 0.00927734375 0.01220703125
0 0.30224609375 0.4287109375 0.0048828125 0.0068359375
