0 0.3050000071525574 0.5106250047683716 0.05000000074505806 0.06124997138977051
0 0.684374988079071 0.45500001311302185 0.03125 0.03750000149011612
0 0.2368750125169754 0.6456249952316284 0.09125000238418579 0.10625000298023224
0 0.934374988079071 0.6206250190734863 0.09375 0.10374999046325684
0 0.9649999737739563 0.5024999976158142 0.05500001832842827 0.04499997943639755
0 0.3843750059604645 0.44187498092651367 0.026250004768371582 0.033750008791685104
0 0.762499988079071 0.4268750250339508 0.022499989718198776 0.01875000074505806
0 0.4568750262260437 0.41874998807907104 0.013750028796494007 0.022499989718198776
0 0.5862500071525574 0.42624998092651367 0.015000009909272194 0.022499989718198776
0 0.5843750238418579 0.4100000262260437 0.011250019073486328 0.020000029355287552
0 0.5518749952316284 0.40062499046325684 0.00875000935047865 0.016250014305114746
