0 0.348876953125 0.507568359375 0.02783203125 0.03857421875
0 0.4462890625 0.45751953125 0.01171875 0.0166015625
0 0.72900390625 0.504150390625 0.0302734375 0.03662109375
0 0.611572265625 0.45654296875 0.01123046875 0.0166015625
0 0.599609375 0.447265625 0.013671875 0.0234375
0 0.59375 0.444091796875 0.009765625 0.02001953125
0 0.469970703125 0.443115234375 0.00927734375 0.01220703125
0 0.581298828125 0.4423828125 0.00732421875 0.0107421875
0 0.45556640625 0.4462890625 0.0087890625 0.021484375
0 0.5703125 0.437255859375 0.0048828125 0.00927734375
0 0.473876953125 0.4375 0.00537109375 0.0087890625
0 0.497802734375 0.430419921875 0.00537109375 0.00634765625
0 0.55419921875 0.431884765625 0.0048828125 0.00732421875
0 0.56640625 0.4296875 0.0048828125 0.0068359375
0 0.4833984375 0.43359375 0.0048828125 0.0078125
0 0.4609375 0.443603515625 0.009765625 0.02197265625
