0 0.437255859375 0.484130859375 0.02294921875 0.02880859375
0 0.732421875 0.505126953125 0.02734375 0.03662109375
0 0.48779296875 0.4638671875 0.017578125 0.0205078125
0 0.512451171875 0.450927734375 0.01416015625 0.01708984375
0 0.810791015625 0.56103515625 0.04443359375 0.05859375
0 0.6572265625 0.446533203125 0.0107421875 0.01416015625
0 0.648681640625 0.435791015625 0.00830078125 0.01025390625
0 0.5390625 0.44091796875 0.0087890625 0.0126953125
0 0.831298828125 0.4609375 0.01513671875 0.0205078125
0 0.557861328125 0.431884765625 0.00634765625 0.01025390625
0 0.56640625 0.4287109375 0.005859375 0.0087890625
0 0.798583984375 0.443359375 0.01025390625 0.0126953125
0 0.76953125 0.431884765625 0.0048828125 0.00830078125
0 0.63916015625 0.427734375 0.0048828125 0.0078125
0 0.74609375 0.42626953125 0.0048828125 0.005859375
0 0.92431640625 0.4404296875 0.0107421875 0.0126953125
