0 0.9443359375 0.6142578125 0.05859375 0.07421875
0 0.24853515625 0.5771484375 0.0419921875 0.056640625
0 0.31884765625 0.517578125 0.0205078125 0.03125
0 0.619140625 0.5029296875 0.01953125 0.02734375
0 0.35009765625 0.484375 0.0107421875 0.017578125
0 0.52587890625 0.47607421875 0.0107421875 0.0185546875
0 0.49609375 0.46826171875 0.009765625 0.0146484375
0 0.455078125 0.45556640625 0.005859375 0.0107421875
0 0.75390625 0.45263671875 0.005859375 0.0107421875
0 0.35693359375 0.46728515625 0.0087890625 0.0107421875
0 0.4384765625 0.453125 0.005859375 0.009765625
0 0.47509765625 0.4609375 0.0068359375 0.013671875
0 0.4287109375 0.44970703125 0.005859375 0.0087890625
0 0.41796875 0.44921875 0.005859375 0.005859375
0 0.3515625 0.4736328125 0.009765625 0.015625
0 0.90234375 0.462890625 0.009765625 0.013671875
