0 0.38749998807907104 0.4462500214576721 0.020000005140900612 0.030000019818544388
0 0.6449999809265137 0.44062501192092896 0.020000029355287552 0.028749991208314896
0 0.5337499976158142 0.42750000953674316 0.014999961480498314 0.019999980926513672
0 0.22687502205371857 0.5412499904632568 0.04874999448657036 0.0625
0 0.7600000500679016 0.48000001907348633 0.03499998897314072 0.047499991953372955
0 0.3231250047683716 0.4337500035762787 0.01875000074505806 0.022500038146972656
0 0.42250004410743713 0.4256249964237213 0.015000009909272194 0.01875000074505806
0 0.3487500250339508 0.42250004410743713 0.007500004954636097 0.015000009909272194
0 0.20125000178813934 0.4300000071525574 0.007499992847442627 0.015000009909272194
0 0.28187498450279236 0.4231249690055847 0.011249994859099388 0.013750028796494007
0 0.26375001668930054 0.4312500059604645 0.009999990463256836 0.0175000187009573
0 0.1381250023841858 0.4306250214576721 0.00875000935047865 0.013749981299042702
0 0.14562499523162842 0.42375001311302185 0.00874999724328518 0.012500000186264515
0 0.22874999046325684 0.42250004410743713 0.010000014677643776 0.015000009909272194
