0 0.17291668057441711 0.5893229246139526 0.04583333805203438 0.07447914779186249
0 0.31848961114883423 0.5179687738418579 0.04010417312383652 0.050520848482847214
0 0.3333333432674408 0.4713541865348816 0.029166674241423607 0.03125
0 0.2890625 0.45755210518836975 0.019791673868894577 0.024479199200868607
0 0.2421875 0.44921875 0.016666674986481667 0.019270848482847214
0 0.7992187738418579 0.5153645873069763 0.0390625 0.05572919920086861
0 0.5445312261581421 0.4229167103767395 0.016145849600434303 0.020833348855376244
0 0.6773437261581421 0.44192710518836975 0.019270848482847214 0.0234375
0 0.36406248807907104 0.41041669249534607 0.011458325199782848 0.014583349227905273
0 0.14166668057441711 0.440885454416275 0.011458337306976318 0.01718750037252903
0 0.13072916865348816 0.42213544249534607 0.008333337493240833 0.010937499813735485
0 0.02864583395421505 0.43385419249534607 0.007291668560355902 0.00937500037252903
0 0.22864584624767303 0.41822919249534607 0.010416674427688122 0.012500000186264515
0 0.900520920753479 0.41718751192092896 0.010416698642075062 0.015625
0 0.06093750149011612 0.44348961114883423 0.008333330973982811 0.015104198828339577
0 0.8010417222976685 0.413541704416275 0.012500000186264515 0.014583349227905273
0 0.9861979484558105 0.4429687559604645 0.015104102902114391 0.022395849227905273
0 0.84375 0.4111979603767395 0.010416698642075062 0.011979150585830212
0 0.7815104722976685 0.4039062559604645 0.009895849041640759 0.013020848855376244
