0 0.25 0.4886718690395355 0.05156249925494194 0.06484375149011612
0 0.37773436307907104 0.4156250059604645 0.02265625074505806 0.02812499925494194
0 0.71875 0.45585936307907104 0.02187499962747097 0.02890625037252903
0 0.37031251192092896 0.3960937559604645 0.01406249962747097 0.01875000074505806
0 0.9765625 0.647265613079071 0.04531250149011612 0.10546875
0 0.3460937440395355 0.3871093690395355 0.010937499813735485 0.01640624925494194
0 0.561718761920929 0.40156251192092896 0.00937500037252903 0.015625
0 0.4789062440395355 0.3890624940395355 0.0078125 0.012500000186264515
0 0.3812499940395355 0.37578123807907104 0.0078125 0.010937499813735485
0 0.28515625 0.37578123807907104 0.0078125 0.01406249962747097
0 0.3414062559604645 0.3695312440395355 0.0078125 0.010937499813735485
