0 0.8505859375 0.595947265625 0.08984375 0.13525390625
0 0.689208984375 0.510009765625 0.03369140625 0.04833984375
0 0.316162109375 0.52294921875 0.03564453125 0.0517578125
0 0.19921875 0.587890625 0.078125 0.126953125
0 0.611083984375 0.470458984375 0.02783203125 0.03076171875
0 0.0478515625 0.74853515625 0.0947265625 0.1904296875
0 0.388671875 0.47216796875 0.0146484375 0.0263671875
0 0.426513671875 0.44482421875 0.01318359375 0.0166015625
0 0.544189453125 0.436279296875 0.00830078125 0.01220703125
0 0.559814453125 0.44482421875 0.01025390625 0.015625
0 0.53369140625 0.430908203125 0.0068359375 0.01025390625
0 0.45166015625 0.427001953125 0.0048828125 0.00927734375
0 0.51953125 0.423095703125 0.0048828125 0.00830078125
0 0.52490234375 0.426513671875 0.0048828125 0.00830078125
