0 0.2487500160932541 0.5068750381469727 0.04500000551342964 0.04874997213482857
0 0.30812501907348633 0.4699999690055847 0.026250004768371582 0.03499998897314072
0 0.6606249809265137 0.4312500059604645 0.016249990090727806 0.027500009164214134
0 0.49125003814697266 0.4437499940395355 0.020000029355287552 0.030000019818544388
0 0.8825000524520874 0.5568750500679016 0.08249998092651367 0.07874999195337296
0 0.8031250238418579 0.46875 0.041249990463256836 0.04250001907348633
0 0.503125011920929 0.4243749976158142 0.013749981299042702 0.01875000074505806
0 0.5768750309944153 0.40937501192092896 0.011250019073486328 0.016249990090727806
0 0.7093750238418579 0.421875 0.01875000074505806 0.026249980553984642
0 0.6837500333786011 0.40687504410743713 0.007499980740249157 0.013750028796494007
0 0.5587500333786011 0.40937501192092896 0.007499980740249157 0.013749981299042702
0 0.6337500214576721 0.3931249976158142 0.007499980740249157 0.00875000935047865
