0 0.70166015625 0.4794921875 0.0166015625 0.0234375
0 0.73828125 0.546142578125 0.0400390625 0.05224609375
0 0.73193359375 0.461181640625 0.01171875 0.01611328125
0 0.70849609375 0.452392578125 0.009765625 0.01318359375
0 0.681640625 0.445068359375 0.0078125 0.01123046875
0 0.158203125 0.5283203125 0.033203125 0.0458984375
0 0.508056640625 0.45361328125 0.01123046875 0.0166015625
0 0.41357421875 0.46923828125 0.0146484375 0.0244140625
0 0.5244140625 0.43994140625 0.0048828125 0.0107421875
0 0.53564453125 0.445556640625 0.0068359375 0.01220703125
0 0.573974609375 0.43505859375 0.00537109375 0.0087890625
0 0.47216796875 0.436767578125 0.005859375 0.01025390625
0 0.5185546875 0.432373046875 0.005859375 0.00830078125
0 0.393310546875 0.434814453125 0.00537109375 0.00927734375
0 0.4052734375 0.430419921875 0.0048828125 0.00830078125
0 0.641357421875 0.43994140625 0.00634765625 0.0107421875
0 0.4677734375 0.431396484375 0.0048828125 0.00830078125
0 0.29736328125 0.428466796875 0.0048828125 0.00634765625
0 0.32080078125 0.43310546875 0.0048828125 0.0078125
0 0.28759765625 0.43115234375 0.0048828125 0.0078125
0 0.283203125 0.4296875 0.0048828125 0.0068359375
0 0.367919921875 0.42919921875 0.00537109375 0.0078125
0 0.46826171875 0.423095703125 0.0048828125 0.00634765625
0 0.5234375 0.422119140625 0.0048828125 0.00634765625
