0 0.14453125 0.66015625 0.06614583730697632 0.09843750298023224
0 0.23880210518836975 0.5177083611488342 0.03802082687616348 0.04895830154418945
0 0.590624988079071 0.43828123807907104 0.017708349972963333 0.0234375
0 0.39895835518836975 0.41328126192092896 0.012500000186264515 0.01718750037252903
0 0.23671874403953552 0.43802085518836975 0.01718750037252903 0.02187499962747097
0 0.19036458432674408 0.4195312559604645 0.010937499813735485 0.01718750037252903
0 0.3088541626930237 0.3997395932674408 0.008333349600434303 0.011979198083281517
0 0.21484375 0.39921873807907104 0.006770825479179621 0.010937499813735485
0 0.10338542610406876 0.41458335518836975 0.007812505587935448 0.012500000186264515
0 0.04322917014360428 0.4036458432674408 0.005208334419876337 0.0062500000931322575
0 0.05833333730697632 0.4124999940395355 0.005208331160247326 0.00937500037252903
0 0.14218750596046448 0.39921876788139343 0.005208337213844061 0.0067708492279052734
0 0.01770833507180214 0.4111979603767395 0.00729166716337204 0.008854150772094727
