0 0.3994140625 0.492919921875 0.0244140625 0.03466796875
0 0.77197265625 0.57958984375 0.048828125 0.0625
0 0.62255859375 0.48583984375 0.01953125 0.029296875
0 0.210205078125 0.628662109375 0.06494140625 0.07958984375
0 0.79248046875 0.474365234375 0.015625 0.02392578125
0 0.5732421875 0.462890625 0.0107421875 0.015625
0 0.556884765625 0.45263671875 0.00927734375 0.0146484375
0 0.457275390625 0.453125 0.00927734375 0.0126953125
0 0.46630859375 0.4482421875 0.0078125 0.01171875
0 0.47412109375 0.444091796875 0.0068359375 0.00927734375
0 0.49658203125 0.435791015625 0.0048828125 0.00537109375
0 0.480712890625 0.44091796875 0.00634765625 0.0078125
0 0.80908203125 0.44921875 0.005859375 0.0087890625
0 0.548583984375 0.44482421875 0.00537109375 0.0068359375
0 0.52001953125 0.434326171875 0.0048828125 0.00537109375
0 0.556640625 0.433349609375 0.0048828125 0.00537109375
0 0.56884765625 0.4375 0.0048828125 0.005859375
0 0.583984375 0.44091796875 0.0048828125 0.0068359375
0 0.630859375 0.451416015625 0.0078125 0.00927734375
