0 0.6181640625 0.466552734375 0.015625 0.02392578125
0 0.43359375 0.47119140625 0.017578125 0.0263671875
0 0.669677734375 0.4990234375 0.03076171875 0.0400390625
0 0.560302734375 0.4404296875 0.00830078125 0.01171875
0 0.450927734375 0.454345703125 0.01220703125 0.01611328125
0 0.475830078125 0.438720703125 0.00634765625 0.00927734375
0 0.723388671875 0.454833984375 0.01123046875 0.01611328125
0 0.63525390625 0.437255859375 0.0048828125 0.00830078125
0 0.550537109375 0.437744140625 0.00634765625 0.00927734375
0 0.467529296875 0.442138671875 0.01123046875 0.01318359375
0 0.54052734375 0.43603515625 0.0048828125 0.005859375
0 0.760009765625 0.441162109375 0.00732421875 0.00927734375
0 0.77685546875 0.43798828125 0.0048828125 0.0068359375
0 0.961669921875 0.450439453125 0.01025390625 0.01220703125
0 0.82373046875 0.4404296875 0.0048828125 0.0078125
0 0.5810546875 0.4345703125 0.0048828125 0.005859375
0 0.842529296875 0.43896484375 0.00537109375 0.0068359375
0 0.78466796875 0.43505859375 0.0048828125 0.0048828125
0 0.71923828125 0.437255859375 0.0048828125 0.00830078125
0 0.70458984375 0.4365234375 0.0048828125 0.005859375
