0 0.14501953125 0.4404296875 0.0078125 0.0107421875
0 0.209228515625 0.43505859375 0.00537109375 0.0087890625
0 0.05859375 0.4482421875 0.01171875 0.017578125
0 0.08447265625 0.45947265625 0.01171875 0.017578125
0 0.222412109375 0.439697265625 0.00634765625 0.01025390625
0 0.27392578125 0.430908203125 0.0048828125 0.00830078125
0 0.1669921875 0.447509765625 0.0078125 0.01123046875
0 0.29931640625 0.428466796875 0.0048828125 0.00634765625
0 0.24755859375 0.432861328125 0.0048828125 0.00732421875
0 0.2763671875 0.435302734375 0.0048828125 0.00634765625
0 0.31884765625 0.4267578125 0.0048828125 0.005859375
