0 0.283935546875 0.561767578125 0.04833984375 0.06201171875
0 0.42626953125 0.49755859375 0.0302734375 0.0380859375
0 0.50537109375 0.478759765625 0.0234375 0.02783203125
0 0.85595703125 0.48193359375 0.017578125 0.0234375
0 0.833251953125 0.461181640625 0.01220703125 0.01611328125
0 0.70556640625 0.443115234375 0.009765625 0.01220703125
0 0.6064453125 0.4541015625 0.0126953125 0.017578125
0 0.6484375 0.4462890625 0.0107421875 0.013671875
0 0.810546875 0.444580078125 0.0078125 0.01123046875
0 0.79443359375 0.438720703125 0.0078125 0.00927734375
0 0.8232421875 0.451416015625 0.009765625 0.01220703125
0 0.783935546875 0.43505859375 0.00537109375 0.0068359375
0 0.77490234375 0.43017578125 0.0048828125 0.0068359375
0 0.719482421875 0.439208984375 0.00634765625 0.01025390625
0 0.71533203125 0.435546875 0.0048828125 0.0068359375
