0 0.2762500047683716 0.48750001192092896 0.05500001832842827 0.07500000298023224
0 0.3725000023841858 0.4987500309944153 0.027499984949827194 0.04250001907348633
0 0.6243749856948853 0.4581250250339508 0.021249961107969284 0.03625001758337021
0 0.41874998807907104 0.45124998688697815 0.0175000187009573 0.027500009164214134
0 0.5800000429153442 0.43437498807907104 0.0175000187009573 0.021250009536743164
0 0.35374999046325684 0.45124998688697815 0.020000005140900612 0.027500009164214134
0 0.5356249809265137 0.4312500059604645 0.011249971576035023 0.019999980926513672
0 0.5106250047683716 0.4143750071525574 0.00875000935047865 0.016249990090727806
0 0.3018750250339508 0.47187501192092896 0.026250004768371582 0.033750008791685104
0 0.46000003814697266 0.42500001192092896 0.009999990463256836 0.022499989718198776
0 0.21375000476837158 0.5162500143051147 0.040000010281801224 0.05499996989965439
0 0.9268749952316284 0.6631250381469727 0.09874992072582245 0.07125000655651093
0 0.40562501549720764 0.43812504410743713 0.013750004582107067 0.021250009536743164
