0 0.350341796875 0.5068359375 0.02490234375 0.041015625
0 0.610595703125 0.4560546875 0.01220703125 0.017578125
0 0.730224609375 0.50390625 0.02880859375 0.0400390625
0 0.444580078125 0.457275390625 0.01220703125 0.01513671875
0 0.45654296875 0.447021484375 0.0107421875 0.02197265625
0 0.460205078125 0.444091796875 0.01025390625 0.02197265625
0 0.46923828125 0.442626953125 0.0078125 0.01123046875
0 0.474365234375 0.437744140625 0.00634765625 0.00927734375
0 0.599365234375 0.446533203125 0.01416015625 0.02392578125
0 0.5810546875 0.4423828125 0.0078125 0.01171875
0 0.4833984375 0.43310546875 0.005859375 0.0078125
0 0.553955078125 0.431884765625 0.00537109375 0.00732421875
0 0.593505859375 0.444580078125 0.01025390625 0.02099609375
0 0.5703125 0.43701171875 0.005859375 0.009765625
0 0.56787109375 0.428955078125 0.0048828125 0.00537109375
0 0.49853515625 0.4306640625 0.0048828125 0.0068359375
0 0.51123046875 0.42822265625 0.0048828125 0.005859375
0 0.53369140625 0.4248046875 0.0048828125 0.0048828125
