0 0.30781251192092896 0.4619792103767395 0.026041675359010696 0.029166650027036667
0 0.34947916865348816 0.4411458373069763 0.01875000074505806 0.026041697710752487
0 0.6739583611488342 0.4661458432674408 0.027083301916718483 0.03854169696569443
0 0.59375 0.4286458492279053 0.017708349972963333 0.02500000037252903
0 0.5296875238418579 0.4072917103767395 0.012500000186264515 0.017708349972963333
0 0.21562500298023224 0.4242187440395355 0.013541674241423607 0.01718750037252903
0 0.27161461114883423 0.4255208373069763 0.011979174800217152 0.01875000074505806
0 0.3226562440395355 0.4273437559604645 0.01718750037252903 0.022395849227905273
0 0.09479166567325592 0.4273437559604645 0.010416662320494652 0.015104150399565697
0 0.4361979365348816 0.3994791805744171 0.009895849041640759 0.013541650958359241
0 0.2809895873069763 0.39895835518836975 0.0078125 0.010416698642075062
0 0.15390625596046448 0.40937501192092896 0.0067708371207118034 0.010416651144623756
0 0.6239583492279053 0.38880211114883423 0.007291698362678289 0.010937499813735485
0 0.7807291746139526 0.41328126192092896 0.011458349414169788 0.013020848855376244
0 0.7549479603767395 0.4036458432674408 0.013020848855376244 0.01875000074505806
0 0.706250011920929 0.39010417461395264 0.010416651144623756 0.016666650772094727
0 0.612500011920929 0.3828125 0.007291650865226984 0.00937500037252903
0 0.04348958283662796 0.41874998807907104 0.008854168467223644 0.015625
0 0.6619791984558105 0.38671875 0.008333349600434303 0.010937499813735485
0 0.7315104603767395 0.3994791805744171 0.01406249962747097 0.011458349414169788
