0 0.23828125 0.577880859375 0.05078125 0.06884765625
0 0.43603515625 0.4677734375 0.0166015625 0.0224609375
0 0.592529296875 0.47021484375 0.01416015625 0.0244140625
0 0.564208984375 0.4501953125 0.01025390625 0.015625
0 0.120849609375 0.501708984375 0.02197265625 0.02783203125
0 0.2958984375 0.449462890625 0.01171875 0.01513671875
0 0.26318359375 0.44091796875 0.0078125 0.009765625
0 0.12646484375 0.455322265625 0.009765625 0.01220703125
0 0.155517578125 0.442626953125 0.00830078125 0.01025390625
0 0.47119140625 0.434814453125 0.0068359375 0.01025390625
0 0.53759765625 0.425048828125 0.005859375 0.00830078125
0 0.477783203125 0.4267578125 0.00634765625 0.0087890625
0 0.35205078125 0.4296875 0.005859375 0.0078125
0 0.34228515625 0.4189453125 0.0048828125 0.005859375
0 0.462158203125 0.4228515625 0.00537109375 0.0078125
0 0.43212890625 0.421142578125 0.0048828125 0.00634765625
0 0.542724609375 0.43115234375 0.00634765625 0.009765625
0 0.337890625 0.421630859375 0.0048828125 0.00537109375
0 0.53173828125 0.420166015625 0.0048828125 0.00732421875
0 0.458251953125 0.41748046875 0.00537109375 0.0068359375
0 0.073974609375 0.449951171875 0.00927734375 0.01220703125
0 0.204833984375 0.43359375 0.00537109375 0.0078125
0 0.19287109375 0.42919921875 0.0048828125 0.0068359375
0 0.086181640625 0.44091796875 0.00732421875 0.009765625
0 0.159912109375 0.439453125 0.00634765625 0.0087890625
0 0.165771484375 0.43212890625 0.00634765625 0.0087890625
0 0.4130859375 0.417724609375 0.0048828125 0.00634765625
0 0.39208984375 0.4208984375 0.0048828125 0.005859375
0 0.3994140625 0.414306640625 0.0048828125 0.00537109375
0 0.21240234375 0.426513671875 0.0048828125 0.00634765625
0 0.246826171875 0.427734375 0.00537109375 0.0068359375
