0 0.14306640625 0.5615234375 0.04296875 0.0595703125
0 0.6845703125 0.489013671875 0.0244140625 0.03466796875
0 0.799072265625 0.580322265625 0.05322265625 0.07373046875
0 0.405517578125 0.464599609375 0.01513671875 0.02490234375
0 0.665283203125 0.45654296875 0.01220703125 0.0205078125
0 0.387451171875 0.437744140625 0.01220703125 0.01904296875
0 0.5009765625 0.447021484375 0.01171875 0.01904296875
0 0.407470703125 0.439453125 0.01708984375 0.0126953125
0 0.71875 0.445068359375 0.009765625 0.01611328125
0 0.5869140625 0.438232421875 0.0087890625 0.01416015625
