0 0.30585938692092896 0.587109386920929 0.03828125074505806 0.05546874925494194
0 0.37382811307907104 0.52734375 0.01640624925494194 0.0234375
0 0.3628906309604645 0.513671875 0.01015624962747097 0.014843749813735485
0 0.6097656488418579 0.5082031488418579 0.01328125037252903 0.02421874925494194
0 0.521484375 0.5035156011581421 0.008593750186264515 0.01328125037252903
0 0.099609375 0.5433593988418579 0.01171875 0.01796874962747097
0 0.3910156190395355 0.505078136920929 0.007031249813735485 0.01015624962747097
0 0.11171875149011612 0.541796863079071 0.012500000186264515 0.02109375037252903
0 0.5 0.500781238079071 0.0078125 0.00937500037252903
0 0.510937511920929 0.49687498807907104 0.0078125 0.0078125
0 0.4234375059604645 0.5023437738418579 0.0078125 0.010937499813735485
