0 0.86083984375 0.535888671875 0.04296875 0.05224609375
0 0.736328125 0.4814453125 0.021484375 0.0283203125
0 0.8564453125 0.48046875 0.0234375 0.029296875
0 0.409423828125 0.4716796875 0.02099609375 0.02734375
0 0.338134765625 0.5302734375 0.03857421875 0.0478515625
0 0.5009765625 0.451904296875 0.0126953125 0.01904296875
0 0.625 0.44384765625 0.0107421875 0.015625
0 0.76171875 0.46923828125 0.0205078125 0.025390625
0 0.956787109375 0.464599609375 0.01416015625 0.02099609375
0 0.76904296875 0.448486328125 0.0107421875 0.01416015625
