0 0.321533203125 0.507568359375 0.03076171875 0.04052734375
0 0.402587890625 0.46923828125 0.01806640625 0.0234375
0 0.73974609375 0.53662109375 0.0400390625 0.05078125
0 0.378173828125 0.450439453125 0.01318359375 0.01806640625
0 0.466064453125 0.435546875 0.00927734375 0.01171875
0 0.6259765625 0.466552734375 0.0146484375 0.02099609375
0 0.586669921875 0.445068359375 0.00927734375 0.01318359375
0 0.487548828125 0.4287109375 0.00634765625 0.0078125
0 0.573974609375 0.4365234375 0.00732421875 0.009765625
0 0.56494140625 0.43212890625 0.005859375 0.0087890625
0 0.49609375 0.42724609375 0.0048828125 0.0068359375
0 0.5556640625 0.428466796875 0.0048828125 0.00634765625
0 0.031005859375 0.463134765625 0.02001953125 0.01904296875
0 0.118896484375 0.44091796875 0.01220703125 0.0126953125
0 0.073486328125 0.431640625 0.00732421875 0.0107421875
0 0.144775390625 0.4296875 0.00732421875 0.0107421875
0 0.207763671875 0.427001953125 0.00634765625 0.00830078125
0 0.354248046875 0.42822265625 0.00830078125 0.009765625
