0 0.1748046875 0.45458984375 0.009765625 0.0126953125
0 0.237548828125 0.446044921875 0.00634765625 0.01025390625
0 0.203125 0.44140625 0.005859375 0.0078125
0 0.27294921875 0.440673828125 0.0048828125 0.00830078125
0 0.072021484375 0.46923828125 0.01513671875 0.015625
0 0.08349609375 0.4560546875 0.009765625 0.01171875
0 0.154541015625 0.447509765625 0.00732421875 0.00927734375
0 0.23779296875 0.437744140625 0.0068359375 0.00732421875
0 0.2626953125 0.43359375 0.0048828125 0.0068359375
0 0.30078125 0.43603515625 0.005859375 0.0087890625
0 0.31103515625 0.42822265625 0.0048828125 0.005859375
0 0.3193359375 0.43310546875 0.005859375 0.0078125
0 0.341796875 0.4296875 0.0048828125 0.0068359375
0 0.32861328125 0.42578125 0.0048828125 0.0078125
0 0.357177734375 0.427978515625 0.00537109375 0.00634765625
0 0.32421875 0.42578125 0.0048828125 0.0078125
0 0.36865234375 0.42578125 0.0048828125 0.0068359375
0 0.340087890625 0.42626953125 0.00537109375 0.0048828125
0 0.38037109375 0.4267578125 0.0048828125 0.0048828125
0 0.2919921875 0.430908203125 0.0048828125 0.00732421875
0 0.3525390625 0.426513671875 0.0048828125 0.00537109375
0 0.3720703125 0.425537109375 0.0048828125 0.00732421875
0 0.3876953125 0.42626953125 0.0048828125 0.0048828125
