0 0.22343750298023224 0.685546875 0.05937499925494194 0.08828125149011612
0 0.829296886920929 0.580859363079071 0.03828125074505806 0.06015624850988388
0 0.279296875 0.5367187261581421 0.02109375037252903 0.03125
0 0.501953125 0.5035156011581421 0.01796874962747097 0.02734375
0 0.977734386920929 0.4691406190395355 0.014843749813735485 0.02109375037252903
0 0.638671875 0.458984375 0.008593750186264515 0.01328125037252903
0 0.721875011920929 0.4515624940395355 0.0078125 0.010937499813735485
0 0.81640625 0.4554687440395355 0.0078125 0.012500000186264515
0 0.760937511920929 0.46367186307907104 0.00937500037252903 0.01640624925494194
0 0.928906261920929 0.4566406309604645 0.00937500037252903 0.01328125037252903
