0 0.918701171875 0.5869140625 0.05810546875 0.068359375
0 0.309326171875 0.520263671875 0.04248046875 0.03271484375
0 0.415283203125 0.4609375 0.01806640625 0.0224609375
0 0.463623046875 0.442138671875 0.01123046875 0.01318359375
0 0.641357421875 0.46630859375 0.02099609375 0.0244140625
0 0.485107421875 0.43359375 0.00732421875 0.0107421875
0 0.615234375 0.444580078125 0.017578125 0.01220703125
0 0.60400390625 0.434814453125 0.009765625 0.01220703125
0 0.6474609375 0.432373046875 0.0078125 0.00927734375
0 0.71630859375 0.435546875 0.0107421875 0.0078125
0 0.95947265625 0.438232421875 0.0087890625 0.01123046875
0 0.525146484375 0.431640625 0.00927734375 0.0068359375
0 0.8203125 0.432861328125 0.0087890625 0.00634765625
0 0.59033203125 0.42919921875 0.0048828125 0.0068359375
0 0.6650390625 0.4296875 0.0048828125 0.005859375
0 0.705078125 0.42919921875 0.0048828125 0.0068359375
0 0.835205078125 0.4384765625 0.00537109375 0.0078125
0 0.886962890625 0.434814453125 0.00634765625 0.00732421875
0 0.937744140625 0.442138671875 0.00830078125 0.00927734375
