0 0.78062504529953 0.5168749690055847 0.04375004768371582 0.053749989718198776
0 0.512499988079071 0.43937501311302185 0.012500000186264515 0.021250009536743164
0 0.34937500953674316 0.4593749940395355 0.021250009536743164 0.03125
0 0.6706250309944153 0.4300000071525574 0.013749981299042702 0.022499989718198776
0 0.6856249570846558 0.4581250250339508 0.021250009536743164 0.03125
0 0.4281249940395355 0.4437499940395355 0.01875000074505806 0.02500000037252903
0 0.265625 0.45250001549720764 0.021250009536743164 0.027499962598085403
0 0.04312499985098839 0.5400000214576721 0.058750003576278687 0.0625
0 0.39250001311302185 0.4362500309944153 0.014999985694885254 0.022499989718198776
0 0.2512499988079071 0.4362500309944153 0.0175000187009573 0.02500000037252903
0 0.21187500655651093 0.4231250286102295 0.013750004582107067 0.01875000074505806
0 0.5425000190734863 0.3112500309944153 0.0175000187009573 0.022500013932585716
0 0.2643750309944153 0.42500001192092896 0.016250014305114746 0.0175000187009573
0 0.12312500178813934 0.4268750250339508 0.013750004582107067 0.013749981299042702
0 0.5874999761581421 0.4312500059604645 0.012500000186264515 0.019999980926513672
0 0.13437500596046448 0.34375 0.01625000312924385 0.01749999448657036
0 0.10999999940395355 0.4206250309944153 0.009999990463256836 0.016249990090727806
