0 0.17695312201976776 0.585156261920929 0.03984374925494194 0.05312500149011612
0 0.8539062738418579 0.6050781011581421 0.046875 0.06796874850988388
0 0.733593761920929 0.502734363079071 0.01718750037252903 0.02578124962747097
0 0.501953125 0.48750001192092896 0.01328125037252903 0.02031249925494194
0 0.635546863079071 0.4710937440395355 0.01015624962747097 0.01406249962747097
0 0.770312488079071 0.4828124940395355 0.010937499813735485 0.01718750037252903
0 0.8335937261581421 0.4781250059604645 0.0078125 0.012500000186264515
0 0.739062488079071 0.4671874940395355 0.0078125 0.010937499813735485
0 0.8734375238418579 0.46875 0.0078125 0.0078125
0 0.952343761920929 0.4722656309604645 0.0078125 0.008593750186264515
0 0.9320312738418579 0.47773438692092896 0.0078125 0.01171875
