0 0.45976561307907104 0.49335938692092896 0.02734375 0.03671874850988388
0 0.9292968511581421 0.4749999940395355 0.01796874962747097 0.0234375
0 0.817578136920929 0.4410156309604645 0.01171875 0.01953125
0 0.645703136920929 0.44023436307907104 0.01015624962747097 0.01640624925494194
0 0.634765625 0.4527343809604645 0.014843749813735485 0.02890625037252903
0 0.48359376192092896 0.4253906309604645 0.0078125 0.01015624962747097
0 0.5726562738418579 0.4312500059604645 0.010937499813735485 0.012500000186264515
0 0.6832031011581421 0.42656248807907104 0.008593750186264515 0.010937499813735485
0 0.3882812559604645 0.4242187440395355 0.0078125 0.00937500037252903
0 0.581250011920929 0.42070311307907104 0.0078125 0.008593750186264515
