0 0.36601561307907104 0.525390625 0.01796874962747097 0.02578124962747097
0 0.11874999850988388 0.6546875238418579 0.06875000149011612 0.10625000298023224
0 0.585156261920929 0.51171875 0.00937500037252903 0.01718750037252903
0 0.45039063692092896 0.510546863079071 0.01015624962747097 0.01796874962747097
0 0.48750001192092896 0.49921876192092896 0.0078125 0.010937499813735485
0 0.5414062738418579 0.4937500059604645 0.0078125 0.0078125
0 0.6195312738418579 0.5316406488418579 0.015625 0.02421874925494194
0 0.5210937261581421 0.494140625 0.0078125 0.01171875
0 0.158203125 0.49101561307907104 0.01015624962747097 0.01171875
0 0.06093750149011612 0.4878906309604645 0.00937500037252903 0.01171875
0 0.592968761920929 0.49531251192092896 0.0078125 0.010937499813735485
0 0.571093738079071 0.4925781190395355 0.0078125 0.008593750186264515
0 0.5859375 0.4996093809604645 0.00937500037252903 0.01328125037252903
