0 0.76513671875 0.5263671875 0.03515625 0.0439453125
0 0.35107421875 0.4970703125 0.0185546875 0.03515625
0 0.188232421875 0.46875 0.02978515625 0.017578125
0 0.495361328125 0.45556640625 0.01220703125 0.0166015625
0 0.75 0.456298828125 0.0107421875 0.01513671875
0 0.720703125 0.466552734375 0.0146484375 0.02001953125
0 0.676513671875 0.443115234375 0.00634765625 0.01025390625
0 0.597900390625 0.444580078125 0.00732421875 0.01220703125
0 0.14501953125 0.46630859375 0.021484375 0.0283203125
0 0.36962890625 0.435302734375 0.01171875 0.01611328125
0 0.810302734375 0.455078125 0.00830078125 0.01171875
0 0.8037109375 0.44140625 0.0048828125 0.009765625
0 0.41796875 0.428466796875 0.0078125 0.01123046875
0 0.75634765625 0.4423828125 0.0068359375 0.0087890625
0 0.7392578125 0.443359375 0.0068359375 0.009765625
0 0.39599609375 0.426025390625 0.0068359375 0.00830078125
0 0.869873046875 0.455078125 0.00830078125 0.01171875
0 0.72314453125 0.43798828125 0.0048828125 0.0068359375
0 0.876708984375 0.453369140625 0.00634765625 0.00927734375
0 0.8447265625 0.44677734375 0.0048828125 0.0087890625
0 0.401123046875 0.425537109375 0.00537109375 0.00927734375
0 0.4306640625 0.426513671875 0.0048828125 0.00537109375
0 0.65234375 0.429931640625 0.0048828125 0.00634765625
0 0.669921875 0.433349609375 0.0048828125 0.00732421875
0 0.6201171875 0.42919921875 0.0048828125 0.0068359375
0 0.783203125 0.432861328125 0.0048828125 0.00537109375
0 0.767578125 0.43896484375 0.0048828125 0.0068359375
0 0.732421875 0.43115234375 0.0048828125 0.0048828125
0 0.6865234375 0.42919921875 0.0048828125 0.0048828125
0 0.677734375 0.43212890625 0.0048828125 0.0068359375
0 0.6279296875 0.42626953125 0.0048828125 0.0048828125
0 0.77490234375 0.43115234375 0.0048828125 0.0048828125
0 0.58984375 0.42626953125 0.0048828125 0.0048828125
0 0.7255859375 0.435546875 0.0048828125 0.005859375
0 0.83154296875 0.4345703125 0.0048828125 0.0048828125
0 0.595458984375 0.427001953125 0.00537109375 0.00537109375
0 0.598876953125 0.426025390625 0.00537109375 0.00537109375
0 0.40673828125 0.42529296875 0.0048828125 0.009765625
0 0.66796875 0.427734375 0.0048828125 0.0048828125
0 0.96337890625 0.439697265625 0.0048828125 0.00732421875
