0 0.8393750190734863 0.5362499952316284 0.07625007629394531 0.08000002056360245
0 0.6237500309944153 0.4518750309944153 0.02500000037252903 0.03625001758337021
0 0.3675000071525574 0.48750001192092896 0.035000015050172806 0.04250001907348633
0 0.11437499523162842 0.6618750095367432 0.10375000536441803 0.07375001907348633
0 0.3412500023841858 0.44999998807907104 0.022500013932585716 0.030000019818544388
0 0.2874999940395355 0.4362500309944153 0.015000009909272194 0.019999980926513672
0 0.4749999940395355 0.4324999749660492 0.015000009909272194 0.020000029355287552
0 0.15437500178813934 0.4362500309944153 0.01625000312924385 0.019999980926513672
0 0.21562500298023224 0.4350000321865082 0.013750004582107067 0.017499972134828568
0 0.6306250095367432 0.41312503814697266 0.011250019073486328 0.016249990090727806
0 0.9100000262260437 0.421875 0.02500000037252903 0.03125
0 0.40312498807907104 0.42624998092651367 0.011249994859099388 0.017499972134828568
