0 0.92578125 0.55712890625 0.04296875 0.0517578125
0 0.49462890625 0.47314453125 0.025390625 0.03125
0 0.573486328125 0.462646484375 0.02099609375 0.02587890625
0 0.369873046875 0.50048828125 0.02978515625 0.0380859375
0 0.691650390625 0.451904296875 0.01416015625 0.01708984375
0 0.818115234375 0.44677734375 0.00927734375 0.01171875
0 0.920654296875 0.484130859375 0.02001953125 0.02294921875
0 0.94140625 0.467529296875 0.0146484375 0.01513671875
0 0.74853515625 0.446533203125 0.0087890625 0.01416015625
0 0.951904296875 0.459716796875 0.00634765625 0.01025390625
0 0.951171875 0.452880859375 0.0087890625 0.01123046875
0 0.9404296875 0.4482421875 0.0078125 0.01171875
0 0.929443359375 0.43994140625 0.00634765625 0.009765625
0 0.845703125 0.4443359375 0.0087890625 0.009765625
0 0.933837890625 0.443115234375 0.00732421875 0.00830078125
