0 0.70458984375 0.518798828125 0.03515625 0.04248046875
0 0.595947265625 0.4619140625 0.01123046875 0.015625
0 0.29931640625 0.522705078125 0.02734375 0.03759765625
0 0.392822265625 0.48193359375 0.01806640625 0.0234375
0 0.629150390625 0.47802734375 0.01806640625 0.0234375
0 0.435302734375 0.461181640625 0.01123046875 0.01513671875
0 0.451416015625 0.451904296875 0.01025390625 0.01416015625
0 0.472900390625 0.44140625 0.00732421875 0.0087890625
0 0.572021484375 0.45263671875 0.01025390625 0.0087890625
0 0.56005859375 0.445068359375 0.0087890625 0.00927734375
0 0.4619140625 0.44580078125 0.0078125 0.0107421875
0 0.548095703125 0.439697265625 0.00537109375 0.00830078125
0 0.47900390625 0.43798828125 0.0048828125 0.0078125
0 0.541259765625 0.436279296875 0.00537109375 0.00732421875
