0 0.3800000250339508 0.6274999976158142 0.07749998569488525 0.10749997943639755
0 0.38499999046325684 0.5018750429153442 0.047500014305114746 0.053749989718198776
0 0.5225000381469727 0.4437499940395355 0.022499989718198776 0.03249998018145561
0 0.3425000309944153 0.45374998450279236 0.027499984949827194 0.03750000149011612
0 0.6081250309944153 0.48375001549720764 0.03874998167157173 0.04750003665685654
0 0.48625001311302185 0.42125001549720764 0.012500000186264515 0.022500038146972656
0 0.35624998807907104 0.4281249940395355 0.015000009909272194 0.02375001832842827
0 0.3712500035762787 0.4143750071525574 0.012500000186264515 0.021250009536743164
0 0.40437498688697815 0.40562501549720764 0.011249994859099388 0.01875000074505806
0 0.4593749940395355 0.3987500071525574 0.00875000935047865 0.014999985694885254
0 0.9050000309944153 0.3881250023841858 0.022500038146972656 0.028750013560056686
0 0.7481249570846558 0.3812499940395355 0.026250028982758522 0.01749999448657036
0 0.4975000321865082 0.4293749928474426 0.022499989718198776 0.026250028982758522
0 0.8581250309944153 0.6818749904632568 0.06124992296099663 0.03125
0 0.5 0.40812501311302185 0.009999990463256836 0.016249990090727806
