0 0.32109373807907104 0.44023436307907104 0.02500000037252903 0.03828125074505806
0 0.353515625 0.4429687559604645 0.02734375 0.04062499850988388
0 0.2601562440395355 0.3863281309604645 0.010937499813735485 0.01796874962747097
0 0.404296875 0.3792968690395355 0.008593750186264515 0.014843749813735485
0 0.7230468988418579 0.462890625 0.01953125 0.02890625037252903
0 0.645312488079071 0.4046874940395355 0.0078125 0.01406249962747097
0 0.507031261920929 0.37578123807907104 0.0078125 0.010937499813735485
0 0.578125 0.376953125 0.0078125 0.008593750186264515
0 0.6390625238418579 0.39570313692092896 0.0078125 0.01328125037252903
0 0.658203125 0.3929687440395355 0.007031249813735485 0.00937500037252903
0 0.62890625 0.3812499940395355 0.0078125 0.0078125
0 0.6859375238418579 0.38984376192092896 0.0078125 0.0078125
