0 0.74853515625 0.537841796875 0.041015625 0.05029296875
0 0.30908203125 0.5380859375 0.0400390625 0.05078125
0 0.413818359375 0.470458984375 0.02001953125 0.02685546875
0 0.626953125 0.469970703125 0.01953125 0.02880859375
0 0.730712890625 0.45703125 0.01611328125 0.01953125
0 0.592041015625 0.447998046875 0.01318359375 0.01708984375
0 0.6630859375 0.445068359375 0.0107421875 0.01513671875
0 0.619873046875 0.433349609375 0.00927734375 0.01220703125
0 0.894287109375 0.474365234375 0.02001953125 0.02197265625
0 0.77685546875 0.442138671875 0.01171875 0.01513671875
0 0.458740234375 0.439697265625 0.00830078125 0.01123046875
0 0.450927734375 0.448486328125 0.01025390625 0.01513671875
0 0.72021484375 0.433837890625 0.0078125 0.00927734375
0 0.572509765625 0.438232421875 0.01025390625 0.01416015625
0 0.975341796875 0.455810546875 0.01416015625 0.01806640625
0 0.60302734375 0.428466796875 0.0068359375 0.00830078125
0 0.563720703125 0.430908203125 0.00634765625 0.00927734375
0 0.85302734375 0.44970703125 0.0126953125 0.015625
0 0.5576171875 0.42822265625 0.0048828125 0.0078125
0 0.5908203125 0.42626953125 0.0048828125 0.0068359375
0 0.552978515625 0.42626953125 0.00537109375 0.0078125
0 0.498046875 0.4228515625 0.0048828125 0.0048828125
0 0.475830078125 0.429931640625 0.00537109375 0.00732421875
0 0.68896484375 0.4287109375 0.0078125 0.009765625
0 0.467529296875 0.433837890625 0.00732421875 0.00927734375
0 0.66455078125 0.42578125 0.0068359375 0.0087890625
