0 0.44999998807907104 0.48750001192092896 0.01406249962747097 0.0234375
0 0.12617187201976776 0.7124999761581421 0.04921875149011612 0.10468749701976776
0 0.25898438692092896 0.5 0.01328125037252903 0.01875000074505806
0 0.43281251192092896 0.48828125 0.01406249962747097 0.02187499962747097
0 0.17656250298023224 0.7269531488418579 0.08437500149011612 0.10703124850988388
0 0.693359375 0.47382813692092896 0.01796874962747097 0.02578124962747097
0 0.47382813692092896 0.45625001192092896 0.008593750186264515 0.012500000186264515
0 0.48554688692092896 0.45625001192092896 0.008593750186264515 0.01406249962747097
0 0.3656249940395355 0.46601563692092896 0.0078125 0.01171875
0 0.4937500059604645 0.44414061307907104 0.0078125 0.008593750186264515
0 0.4429687559604645 0.44218748807907104 0.0078125 0.0078125
0 0.5921875238418579 0.4378906190395355 0.0078125 0.01015624962747097
0 0.6226562261581421 0.44804686307907104 0.0078125 0.01328125037252903
