0 0.263427734375 0.51220703125 0.02978515625 0.037109375
0 0.522705078125 0.4658203125 0.01513671875 0.0146484375
0 0.316162109375 0.474853515625 0.01611328125 0.02099609375
0 0.6142578125 0.501953125 0.025390625 0.0380859375
0 0.699951171875 0.486572265625 0.02392578125 0.02294921875
0 0.406005859375 0.449951171875 0.00732421875 0.01318359375
0 0.909912109375 0.543701171875 0.04052734375 0.05517578125
0 0.478515625 0.45361328125 0.0126953125 0.01953125
0 0.296142578125 0.46533203125 0.01611328125 0.021484375
0 0.201904296875 0.467041015625 0.01806640625 0.01025390625
0 0.608154296875 0.45947265625 0.01708984375 0.0205078125
0 0.1376953125 0.466796875 0.0126953125 0.0166015625
0 0.332763671875 0.449951171875 0.00830078125 0.01220703125
0 0.560302734375 0.446044921875 0.01025390625 0.01318359375
0 0.531494140625 0.438720703125 0.00732421875 0.01025390625
0 0.662353515625 0.445556640625 0.00927734375 0.00732421875
0 0.6171875 0.43701171875 0.0068359375 0.009765625
0 0.21240234375 0.453369140625 0.0087890625 0.01416015625
0 0.74365234375 0.456787109375 0.013671875 0.01708984375
0 0.511962890625 0.43505859375 0.00634765625 0.0068359375
0 0.8681640625 0.476318359375 0.0205078125 0.02294921875
0 0.567138671875 0.429443359375 0.00537109375 0.00732421875
0 0.495361328125 0.42919921875 0.00537109375 0.0078125
0 0.532958984375 0.423095703125 0.00634765625 0.00537109375
0 0.58447265625 0.431884765625 0.0048828125 0.00830078125
0 0.55322265625 0.42626953125 0.0048828125 0.0048828125
0 0.4873046875 0.42626953125 0.0048828125 0.0068359375
0 0.54150390625 0.42431640625 0.0048828125 0.0068359375
0 0.50830078125 0.41943359375 0.0048828125 0.0048828125
0 0.50244140625 0.41943359375 0.0048828125 0.0048828125
0 0.5224609375 0.42138671875 0.0048828125 0.0048828125
0 0.51611328125 0.42041015625 0.0048828125 0.0048828125
0 0.47607421875 0.422607421875 0.0048828125 0.00732421875
0 0.075439453125 0.461181640625 0.01416015625 0.00927734375
0 0.48095703125 0.42529296875 0.0048828125 0.0048828125
