0 0.7975000143051147 0.5881250500679016 0.06999997794628143 0.08624996989965439
0 0.6631250381469727 0.4856249690055847 0.028749991208314896 0.03624997287988663
0 0.3018749952316284 0.5506249666213989 0.04374999925494194 0.05624999850988388
0 0.3800000250339508 0.4943750500679016 0.027499984949827194 0.03875003010034561
0 0.13500000536441803 0.5300000309944153 0.052500009536743164 0.05749998241662979
0 0.42000001668930054 0.4662500321865082 0.02500000037252903 0.029999971389770508
0 0.6175000071525574 0.4593749940395355 0.02500000037252903 0.028749991208314896
0 0.44812503457069397 0.4493750035762787 0.01875000074505806 0.02375001832842827
0 0.5975000262260437 0.43437498807907104 0.015000009909272194 0.021250009536743164
0 0.6537500619888306 0.4312500059604645 0.015000009909272194 0.015000009909272194
0 0.5862500071525574 0.4256250262260437 0.007499980740249157 0.016249990090727806
0 0.7225000262260437 0.4449999928474426 0.017499972134828568 0.027500009164214134
0 0.621874988079071 0.41312503814697266 0.00875000935047865 0.011249971576035023
0 0.9762500524520874 0.48625001311302185 0.04250001907348633 0.07249999046325684
0 0.5774999856948853 0.4193750023841858 0.010000037960708141 0.01875000074505806
0 0.640625 0.4193750321865082 0.016249990090727806 0.011249971576035023
0 0.48375001549720764 0.4243749976158142 0.007499980740249157 0.011250019073486328
0 0.4712499976158142 0.43312501907348633 0.007499980740249157 0.013749981299042702
0 0.4768750071525574 0.4337500035762787 0.00875000935047865 0.014999961480498314
0 0.43937501311302185 0.41187500953674316 0.00875000935047865 0.016250038519501686
