0 0.3346354365348816 0.5083333253860474 0.03281249850988388 0.046875
0 0.33984375 0.46562498807907104 0.02031249925494194 0.03229165077209473
0 0.2486979216337204 0.4505208432674408 0.016145849600434303 0.023958301171660423
0 0.12552084028720856 0.464322954416275 0.017708325758576393 0.02656250074505806
0 0.92473965883255 0.4921875 0.02656250074505806 0.03750000149011612
0 0.6544271111488342 0.4268229603767395 0.01406249962747097 0.019270848482847214
0 0.4833333492279053 0.4138020873069763 0.00937500037252903 0.01406249962747097
0 0.03984374925494194 0.4557291865348816 0.009895834140479565 0.013541650958359241
0 0.3122395873069763 0.42005211114883423 0.008854174986481667 0.011979198083281517
0 0.14609375596046448 0.43776044249534607 0.008854162879288197 0.013020848855376244
