0 0.33984375 0.553515613079071 0.02187499962747097 0.03671874850988388
0 0.34101563692092896 0.5269531011581421 0.01171875 0.01953125
0 0.4546875059604645 0.5074218511581421 0.0078125 0.01171875
0 0.7164062261581421 0.5101562738418579 0.02031249925494194 0.02812499925494194
0 0.5296875238418579 0.504687488079071 0.010937499813735485 0.01718750037252903
0 0.31640625 0.51953125 0.00937500037252903 0.012500000186264515
0 0.43046873807907104 0.505078136920929 0.0078125 0.008593750186264515
0 0.4398437440395355 0.50390625 0.0078125 0.0078125
0 0.09218750149011612 0.549609363079071 0.00937500037252903 0.01953125
0 0.10195312649011612 0.548046886920929 0.01015624962747097 0.01953125
0 0.3343749940395355 0.5132812261581421 0.0078125 0.00937500037252903
0 0.36015623807907104 0.5093749761581421 0.0078125 0.0078125
0 0.34296876192092896 0.512499988079071 0.0078125 0.0078125
