0 0.1875 0.60546875 0.064453125 0.0791015625
0 0.40673828125 0.476318359375 0.0126953125 0.02197265625
0 0.42138671875 0.46142578125 0.015625 0.0302734375
0 0.9111328125 0.596435546875 0.056640625 0.06689453125
0 0.623046875 0.47412109375 0.015625 0.0234375
0 0.572509765625 0.453125 0.00927734375 0.013671875
0 0.6025390625 0.4599609375 0.013671875 0.029296875
0 0.593505859375 0.45703125 0.01123046875 0.02734375
0 0.440185546875 0.454345703125 0.00927734375 0.01318359375
0 0.55712890625 0.44677734375 0.0048828125 0.0087890625
