0 0.606201171875 0.499267578125 0.02490234375 0.03564453125
0 0.302001953125 0.513916015625 0.03076171875 0.03955078125
0 0.399658203125 0.465576171875 0.01416015625 0.02001953125
0 0.560791015625 0.46142578125 0.01318359375 0.0185546875
0 0.444091796875 0.4462890625 0.00830078125 0.01171875
0 0.4580078125 0.44287109375 0.005859375 0.0107421875
0 0.545166015625 0.450439453125 0.01123046875 0.01416015625
0 0.535400390625 0.44580078125 0.00732421875 0.0107421875
0 0.52587890625 0.439697265625 0.0048828125 0.00634765625
0 0.47412109375 0.440185546875 0.0048828125 0.00830078125
0 0.390869140625 0.443115234375 0.00537109375 0.00830078125
0 0.322021484375 0.452880859375 0.00927734375 0.01318359375
0 0.30517578125 0.44775390625 0.0068359375 0.009765625
0 0.39892578125 0.43896484375 0.0048828125 0.0068359375
0 0.115234375 0.45556640625 0.0087890625 0.009765625
0 0.1865234375 0.44775390625 0.0068359375 0.0087890625
0 0.0595703125 0.453125 0.0068359375 0.009765625
0 0.369384765625 0.4365234375 0.00537109375 0.005859375
0 0.5224609375 0.438232421875 0.0048828125 0.00634765625
0 0.4794921875 0.435302734375 0.0048828125 0.00537109375
0 0.26220703125 0.443603515625 0.0048828125 0.00927734375
0 0.27392578125 0.4384765625 0.0048828125 0.0068359375
0 0.247802734375 0.44140625 0.00537109375 0.0068359375
0 0.135009765625 0.447021484375 0.00537109375 0.00732421875
0 0.318115234375 0.439453125 0.00537109375 0.005859375
0 0.142578125 0.451171875 0.005859375 0.0087890625
0 0.30615234375 0.43701171875 0.0048828125 0.005859375
0 0.317626953125 0.4345703125 0.00537109375 0.005859375
0 0.4072265625 0.4326171875 0.0048828125 0.0048828125
0 0.333984375 0.43212890625 0.0048828125 0.0048828125
0 0.30126953125 0.435791015625 0.0048828125 0.00537109375
0 0.224853515625 0.43896484375 0.00537109375 0.0068359375
0 0.2548828125 0.436279296875 0.0048828125 0.00634765625
