0 0.3335937559604645 0.584765613079071 0.03281249850988388 0.04921875149011612
0 0.795703113079071 0.5328124761581421 0.03046875074505806 0.0390625
0 0.5855468511581421 0.48750001192092896 0.01171875 0.02031249925494194
0 0.4722656309604645 0.48046875 0.008593750186264515 0.015625
0 0.3765625059604645 0.512499988079071 0.012500000186264515 0.0234375
0 0.3375000059604645 0.49921876192092896 0.010937499813735485 0.01875000074505806
0 0.3140625059604645 0.494140625 0.0078125 0.014843749813735485
0 0.36601561307907104 0.47734373807907104 0.007031249813735485 0.012500000186264515
0 0.2593750059604645 0.49296873807907104 0.0078125 0.012500000186264515
0 0.27421873807907104 0.48164063692092896 0.0078125 0.01015624962747097
0 0.20234374701976776 0.4945312440395355 0.0078125 0.010937499813735485
0 0.905468761920929 0.46875 0.00937500037252903 0.01718750037252903
0 0.83984375 0.45781248807907104 0.00937500037252903 0.01406249962747097
0 0.14609375596046448 0.502734363079071 0.0078125 0.01171875
0 0.23046875 0.484375 0.0078125 0.00937500037252903
0 0.19374999403953552 0.48710936307907104 0.0078125 0.008593750186264515
0 0.08828125149011612 0.508984386920929 0.0078125 0.01171875
0 0.946484386920929 0.45585936307907104 0.01171875 0.01328125037252903
0 0.82421875 0.45429688692092896 0.0078125 0.01171875
0 0.04335937649011612 0.5121093988418579 0.008593750186264515 0.01015624962747097
0 0.12968750298023224 0.49492186307907104 0.0078125 0.01015624962747097
