0 0.795703113079071 0.541796863079071 0.03359375149011612 0.04453124850988388
0 0.19570311903953552 0.6312500238418579 0.05703125149011612 0.06406249850988388
0 0.279296875 0.5414062738418579 0.02578124962747097 0.0390625
0 0.41679686307907104 0.47968751192092896 0.01171875 0.015625
0 0.21992187201976776 0.49492186307907104 0.008593750186264515 0.01640624925494194
0 0.5523437261581421 0.4937500059604645 0.015625 0.02656250074505806
0 0.27031248807907104 0.501953125 0.012500000186264515 0.02109375037252903
0 0.31367188692092896 0.478515625 0.008593750186264515 0.01640624925494194
0 0.23359374701976776 0.48320311307907104 0.0078125 0.01171875
0 0.06484375149011612 0.503125011920929 0.0078125 0.010937499813735485
0 0.13164062798023224 0.4984374940395355 0.01015624962747097 0.012500000186264515
0 0.16523437201976776 0.4964843690395355 0.01015624962747097 0.01328125037252903
0 0.13437500596046448 0.4906249940395355 0.0078125 0.00937500037252903
0 0.6910156011581421 0.46171873807907104 0.008593750186264515 0.012500000186264515
0 0.714062511920929 0.4566406309604645 0.0078125 0.01015624962747097
0 0.581250011920929 0.46015626192092896 0.0078125 0.012500000186264515
0 0.619921863079071 0.4554687440395355 0.008593750186264515 0.010937499813735485
0 0.49296873807907104 0.4593749940395355 0.0078125 0.012500000186264515
0 0.03437500074505806 0.501953125 0.0078125 0.01015624962747097
0 0.5570312738418579 0.45429688692092896 0.0078125 0.01015624962747097
0 0.516406238079071 0.45195311307907104 0.0078125 0.01015624962747097
0 0.8500000238418579 0.46601563692092896 0.00937500037252903 0.01171875
0 0.850781261920929 0.4566406309604645 0.0078125 0.01015624962747097
0 0.46171873807907104 0.45820313692092896 0.0078125 0.008593750186264515
0 0.4554687440395355 0.45781248807907104 0.0078125 0.0078125
