0 0.08710937201976776 0.512499988079071 0.014843749813735485 0.02500000037252903
0 0.21953125298023224 0.49609375 0.0078125 0.01718750037252903
0 0.3003906309604645 0.52734375 0.01796874962747097 0.03125
0 0.384765625 0.4937500059604645 0.008593750186264515 0.01718750037252903
0 0.524609386920929 0.509765625 0.02109375037252903 0.03046875074505806
0 0.2523437440395355 0.4921875 0.0078125 0.01406249962747097
0 0.33906251192092896 0.48515623807907104 0.0078125 0.012500000186264515
0 0.3226562440395355 0.482421875 0.0078125 0.01015624962747097
0 0.17109374701976776 0.4800781309604645 0.0078125 0.008593750186264515
0 0.28437501192092896 0.47968751192092896 0.0078125 0.0078125
0 0.2265625 0.4828124940395355 0.0078125 0.0078125
