0 0.328369140625 0.5 0.02685546875 0.03515625
0 0.616455078125 0.45947265625 0.01904296875 0.037109375
0 0.58642578125 0.449951171875 0.013671875 0.01708984375
0 0.669921875 0.495849609375 0.0263671875 0.03369140625
0 0.37109375 0.4677734375 0.0263671875 0.044921875
0 0.38671875 0.459716796875 0.0205078125 0.03955078125
0 0.631591796875 0.467041015625 0.02099609375 0.04248046875
0 0.414794921875 0.449951171875 0.01416015625 0.01904296875
0 0.43115234375 0.438720703125 0.009765625 0.01318359375
0 0.54052734375 0.42822265625 0.0048828125 0.0078125
0 0.564453125 0.438232421875 0.0087890625 0.01220703125
0 0.4697265625 0.425537109375 0.0048828125 0.00732421875
0 0.447265625 0.43017578125 0.0068359375 0.009765625
0 0.54541015625 0.4228515625 0.0048828125 0.0068359375
