0 0.67822265625 0.52197265625 0.033203125 0.0439453125
0 0.604248046875 0.475830078125 0.01806640625 0.02490234375
0 0.4365234375 0.4609375 0.0146484375 0.0205078125
0 0.329345703125 0.45556640625 0.01123046875 0.013671875
0 0.03076171875 0.524658203125 0.0322265625 0.04052734375
0 0.39306640625 0.481689453125 0.0234375 0.03173828125
0 0.47412109375 0.4462890625 0.009765625 0.013671875
0 0.151611328125 0.472412109375 0.01318359375 0.01806640625
0 0.251953125 0.442138671875 0.005859375 0.00927734375
0 0.33251953125 0.435546875 0.0048828125 0.0068359375
0 0.367431640625 0.4404296875 0.00732421875 0.01171875
0 0.556640625 0.4453125 0.0078125 0.0146484375
0 0.4833984375 0.431640625 0.005859375 0.0068359375
0 0.150146484375 0.447021484375 0.00732421875 0.01025390625
0 0.19970703125 0.4404296875 0.005859375 0.009765625
0 0.5341796875 0.428955078125 0.0048828125 0.00732421875
0 0.2998046875 0.42724609375 0.0048828125 0.005859375
0 0.27392578125 0.430908203125 0.0048828125 0.00634765625
0 0.150634765625 0.453857421875 0.00732421875 0.00927734375
0 0.134765625 0.4404296875 0.0048828125 0.0087890625
0 0.4150390625 0.421875 0.0048828125 0.005859375
0 0.545654296875 0.439453125 0.00830078125 0.01171875
0 0.52685546875 0.422119140625 0.0048828125 0.00634765625
0 0.389404296875 0.428466796875 0.00537109375 0.00732421875
0 0.4482421875 0.421875 0.0048828125 0.005859375
0 0.42919921875 0.420166015625 0.0048828125 0.00537109375
0 0.235595703125 0.429443359375 0.00537109375 0.00830078125
0 0.012451171875 0.463134765625 0.01123046875 0.01416015625
0 0.052734375 0.449951171875 0.0087890625 0.01123046875
0 0.18798828125 0.435302734375 0.005859375 0.00732421875
0 0.2490234375 0.43603515625 0.0048828125 0.0078125
0 0.3994140625 0.42041015625 0.0048828125 0.0068359375
0 0.36865234375 0.421875 0.0048828125 0.0078125
