0 0.23710937798023224 0.4535156190395355 0.03359375149011612 0.04609375074505806
0 0.33515626192092896 0.42109376192092896 0.0234375 0.03125
0 0.384765625 0.39726561307907104 0.01640624925494194 0.02109375037252903
0 0.508593738079071 0.3863281309604645 0.00937500037252903 0.014843749813735485
0 0.6011718511581421 0.4320312440395355 0.01796874962747097 0.02656250074505806
0 0.31171876192092896 0.3695312440395355 0.0078125 0.015625
0 0.572265625 0.404296875 0.01015624962747097 0.01796874962747097
0 0.9085937738418579 0.747265636920929 0.0859375 0.06640625
0 0.4574218690395355 0.37617188692092896 0.008593750186264515 0.01328125037252903
0 0.38593751192092896 0.3656249940395355 0.0078125 0.012500000186264515
0 0.3792968690395355 0.3828125 0.01015624962747097 0.015625
0 0.22265625 0.36054688692092896 0.0078125 0.01171875
