0 0.3669270873069763 0.4625000059604645 0.021354174241423607 0.03125
0 0.651562511920929 0.4398437440395355 0.017708349972963333 0.02031249925494194
0 0.5559896230697632 0.41067710518836975 0.009895801544189453 0.010937499813735485
0 0.3343749940395355 0.413541704416275 0.007291674613952637 0.00937500037252903
0 0.4075520932674408 0.42109376192092896 0.008854198269546032 0.01406249962747097
0 0.3018229305744171 0.4049479365348816 0.004687500186264515 0.0057291509583592415
0 0.4229167103767395 0.40416669845581055 0.0062500000931322575 0.008333349600434303
0 0.21770834922790527 0.4098958373069763 0.0062500000931322575 0.007291698362678289
0 0.24687500298023224 0.41484373807907104 0.005208325572311878 0.008854150772094727
0 0.15833333134651184 0.4190104603767395 0.0062500000931322575 0.0067708492279052734
