0 0.809374988079071 0.53125 0.06624998897314072 0.07500000298023224
0 0.32625001668930054 0.5637499690055847 0.052500009536743164 0.07249999046325684
0 0.3412500023841858 0.48375001549720764 0.039999984204769135 0.05000000074505806
0 0.3868750035762787 0.43562501668930054 0.023749995976686478 0.03125
0 0.6487500071525574 0.44062501192092896 0.02500000037252903 0.033750008791685104
0 0.7112500071525574 0.41874998807907104 0.0175000187009573 0.0175000187009573
0 0.4456250071525574 0.4156250059604645 0.013749981299042702 0.01875000074505806
0 0.862500011920929 0.46562498807907104 0.05000000074505806 0.03125
0 0.5637500286102295 0.42250004410743713 0.012500000186264515 0.017499972134828568
0 0.125 0.6618750095367432 0.12000000476837158 0.07375001907348633
0 0.5612500309944153 0.4050000309944153 0.009999990463256836 0.0175000187009573
0 0.5300000309944153 0.3993750214576721 0.007499980740249157 0.016250014305114746
0 0.4506250321865082 0.40062499046325684 0.00875000935047865 0.011249994859099388
