0 0.13750000298023224 0.6350000500679016 0.11000001430511475 0.10750003159046173
0 0.36250001192092896 0.45875000953674316 0.027500009164214134 0.039999961853027344
0 0.39625000953674316 0.421875 0.022500013932585716 0.028749991208314896
0 0.5243750214576721 0.41312503814697266 0.016250038519501686 0.023749971762299538
0 0.45749998092651367 0.40625 0.015000009909272194 0.022500013932585716
0 0.578125 0.4162500500679016 0.01875000074505806 0.027500009164214134
0 0.3462499976158142 0.413750022649765 0.015000009909272194 0.02500000037252903
0 0.7043749690055847 0.4312500059604645 0.021250009536743164 0.03249998018145561
0 0.22437500953674316 0.39625000953674316 0.011249994859099388 0.014999985694885254
0 0.21375000476837158 0.3831250071525574 0.009999990463256836 0.011249994859099388
0 0.30125001072883606 0.40625 0.0175000187009573 0.022500013932585716
