0 0.890380859375 0.559814453125 0.05126953125 0.04248046875
0 0.778076171875 0.477294921875 0.01806640625 0.02587890625
0 0.309814453125 0.549560546875 0.04541015625 0.06005859375
0 0.752197265625 0.489990234375 0.02685546875 0.03466796875
0 0.5078125 0.45654296875 0.0166015625 0.0146484375
0 0.6279296875 0.447021484375 0.0107421875 0.01416015625
0 0.899658203125 0.495849609375 0.03466796875 0.02294921875
0 0.40234375 0.480224609375 0.0224609375 0.02978515625
0 0.779052734375 0.453369140625 0.01220703125 0.01318359375
0 0.978759765625 0.470458984375 0.01904296875 0.01904296875
