0 0.1962890625 0.589111328125 0.048828125 0.06787109375
0 0.343505859375 0.490966796875 0.02392578125 0.03466796875
0 0.688720703125 0.48974609375 0.01904296875 0.0283203125
0 0.612060546875 0.4638671875 0.01416015625 0.01953125
0 0.430908203125 0.465087890625 0.01416015625 0.01904296875
0 0.556640625 0.44873046875 0.0107421875 0.013671875
0 0.438720703125 0.450927734375 0.01123046875 0.01611328125
0 0.52294921875 0.440673828125 0.0078125 0.01123046875
0 0.422119140625 0.4423828125 0.00830078125 0.0107421875
0 0.483642578125 0.430419921875 0.00830078125 0.00830078125
0 0.501953125 0.435546875 0.0078125 0.009765625
0 0.4658203125 0.427001953125 0.0048828125 0.00732421875
0 0.455078125 0.426025390625 0.0048828125 0.00634765625
0 0.41357421875 0.43798828125 0.0078125 0.009765625
0 0.4482421875 0.42529296875 0.0048828125 0.005859375
0 0.4072265625 0.432373046875 0.0048828125 0.00830078125
0 0.4033203125 0.429443359375 0.0048828125 0.00634765625
0 0.44189453125 0.42529296875 0.0048828125 0.005859375
