0 0.633593738079071 0.49296873807907104 0.01406249962747097 0.02500000037252903
0 0.18281249701976776 0.647656261920929 0.04843749850988388 0.06718750298023224
0 0.9183593988418579 0.6410156488418579 0.06328125298023224 0.08359374850988388
0 0.3863281309604645 0.504687488079071 0.01640624925494194 0.0234375
0 0.5546875 0.46796876192092896 0.0078125 0.010937499813735485
0 0.4273437559604645 0.4749999940395355 0.0078125 0.012500000186264515
0 0.868359386920929 0.4683593809604645 0.01328125037252903 0.01796874962747097
0 0.3960937559604645 0.4710937440395355 0.0078125 0.0078125
0 0.41015625 0.46953123807907104 0.0078125 0.0078125
0 0.512499988079071 0.4644531309604645 0.0078125 0.008593750186264515
