0 0.34130859375 0.491455078125 0.0263671875 0.03173828125
0 0.388427734375 0.455078125 0.02001953125 0.03515625
0 0.37451171875 0.46240234375 0.0263671875 0.0400390625
0 0.41455078125 0.446044921875 0.0146484375 0.01708984375
0 0.666015625 0.48828125 0.0263671875 0.03515625
0 0.6298828125 0.46240234375 0.025390625 0.0419921875
0 0.614013671875 0.45654296875 0.02294921875 0.037109375
0 0.428955078125 0.435546875 0.00830078125 0.0107421875
0 0.5810546875 0.447021484375 0.013671875 0.01708984375
0 0.4658203125 0.421875 0.0048828125 0.0087890625
0 0.55517578125 0.434814453125 0.0107421875 0.01416015625
0 0.53662109375 0.425048828125 0.0048828125 0.00732421875
0 0.4453125 0.426513671875 0.0068359375 0.01025390625
0 0.5419921875 0.42041015625 0.0048828125 0.005859375
