0 0.299072265625 0.568603515625 0.04736328125 0.06396484375
0 0.6728515625 0.465576171875 0.0146484375 0.02099609375
0 0.720703125 0.492431640625 0.0224609375 0.02099609375
0 0.776611328125 0.470703125 0.02197265625 0.0185546875
0 0.396484375 0.486572265625 0.0263671875 0.02978515625
0 0.96240234375 0.5986328125 0.060546875 0.0712890625
0 0.69970703125 0.4599609375 0.0146484375 0.0185546875
0 0.429443359375 0.46142578125 0.01513671875 0.0185546875
0 0.60107421875 0.444091796875 0.0107421875 0.01220703125
0 0.723876953125 0.447265625 0.00830078125 0.0126953125
0 0.878662109375 0.492919921875 0.02587890625 0.02880859375
0 0.504150390625 0.449462890625 0.01416015625 0.01025390625
0 0.869384765625 0.45947265625 0.01025390625 0.0146484375
