0 0.851806640625 0.52685546875 0.04931640625 0.0341796875
0 0.391845703125 0.513916015625 0.03466796875 0.04443359375
0 0.719970703125 0.466796875 0.01806640625 0.0224609375
0 0.474365234375 0.460205078125 0.01611328125 0.02099609375
0 0.7685546875 0.455810546875 0.013671875 0.01708984375
0 0.551025390625 0.449462890625 0.01416015625 0.01220703125
0 0.876953125 0.458984375 0.015625 0.0126953125
0 0.6513671875 0.4423828125 0.0107421875 0.013671875
0 0.762939453125 0.44189453125 0.00927734375 0.013671875
0 0.822265625 0.442626953125 0.009765625 0.01416015625
0 0.872314453125 0.444580078125 0.00927734375 0.01318359375
