0 0.13124999403953552 0.50390625 0.04270833730697632 0.05364584922790527
0 0.76171875 0.528124988079071 0.04531250149011612 0.05937499925494194
0 0.6197916865348816 0.4203124940395355 0.013541650958359241 0.019791651517152786
0 0.6697916984558105 0.4205729365348816 0.017708349972963333 0.028645848855376244
0 0.3424479365348816 0.42109376192092896 0.01406249962747097 0.021354150027036667
0 0.8200521469116211 0.4359374940395355 0.016145801171660423 0.02812499925494194
0 0.6455729603767395 0.4111979603767395 0.008854150772094727 0.013020848855376244
0 0.3502604365348816 0.41041669249534607 0.009895849041640759 0.014583349227905273
0 0.2265625 0.4114583432674408 0.010416674427688122 0.015625
0 0.30911460518836975 0.4085937440395355 0.0078125 0.013020848855376244
0 0.530468761920929 0.4039062559604645 0.008854150772094727 0.009895849041640759
0 0.6239583492279053 0.39453125 0.007291698362678289 0.011979174800217152
0 0.757031261920929 0.4195312559604645 0.010937499813735485 0.01406249962747097
0 0.14921875298023224 0.421354204416275 0.009895836934447289 0.014583349227905273
0 0.40677085518836975 0.3973958492279053 0.005208301357924938 0.00937500037252903
0 0.18333333730697632 0.40833336114883423 0.005208325572311878 0.00937500037252903
0 0.2645833492279053 0.3958333432674408 0.005208325572311878 0.0062500000931322575
0 0.29739585518836975 0.39921873807907104 0.005208325572311878 0.0078125
0 0.5684896111488342 0.3932291865348816 0.005729198455810547 0.010416651144623756
0 0.6822916865348816 0.3986979126930237 0.005208349321037531 0.0067708492279052734
