0 0.17343750596046448 0.5718749761581421 0.07187499850988388 0.11874999850988388
0 0.275390625 0.607421875 0.04140625149011612 0.05390625074505806
0 0.714062511920929 0.546093761920929 0.03750000149011612 0.05156249925494194
0 0.23828125 0.55859375 0.0234375 0.03281249850988388
0 0.651171863079071 0.5140625238418579 0.02265625074505806 0.03437500074505806
0 0.23749999701976776 0.542187511920929 0.01875000074505806 0.02656250074505806
0 0.651562511920929 0.4800781309604645 0.015625 0.02265625074505806
0 0.65625 0.4703125059604645 0.010937499813735485 0.01875000074505806
0 0.439453125 0.462890625 0.01171875 0.02109375037252903
0 0.4632812440395355 0.46015626192092896 0.0078125 0.01875000074505806
0 0.4749999940395355 0.458984375 0.0078125 0.01640624925494194
0 0.23671874403953552 0.530078113079071 0.012500000186264515 0.02265625074505806
0 0.6539062261581421 0.4535156190395355 0.0078125 0.01328125037252903
0 0.23046875 0.522656261920929 0.01406249962747097 0.02031249925494194
0 0.501171886920929 0.4574218690395355 0.008593750186264515 0.014843749813735485
0 0.665234386920929 0.455078125 0.008593750186264515 0.01171875
0 0.38203126192092896 0.46953123807907104 0.0078125 0.0078125
0 0.40234375 0.46875 0.0078125 0.0078125
0 0.6460937261581421 0.45039063692092896 0.010937499813735485 0.01640624925494194
0 0.6753906011581421 0.44921875 0.008593750186264515 0.01718750037252903
