0 0.25830078125 0.54052734375 0.0263671875 0.0380859375
0 0.6796875 0.52490234375 0.02734375 0.0380859375
0 0.60888671875 0.4951171875 0.0205078125 0.025390625
0 0.52490234375 0.4697265625 0.0107421875 0.015625
0 0.35009765625 0.49853515625 0.0146484375 0.0224609375
0 0.36962890625 0.4814453125 0.0107421875 0.017578125
0 0.1982421875 0.46435546875 0.009765625 0.0146484375
0 0.09326171875 0.49462890625 0.0126953125 0.0185546875
0 0.22119140625 0.4755859375 0.0107421875 0.017578125
0 0.3017578125 0.46435546875 0.009765625 0.0126953125
0 0.39013671875 0.46923828125 0.0087890625 0.0107421875
0 0.48486328125 0.4541015625 0.0068359375 0.009765625
0 0.46826171875 0.45166015625 0.0068359375 0.0087890625
0 0.49658203125 0.458984375 0.0087890625 0.01171875
0 0.4189453125 0.45166015625 0.005859375 0.0087890625
0 0.3544921875 0.458984375 0.005859375 0.0078125
0 0.1162109375 0.47802734375 0.013671875 0.0205078125
0 0.3896484375 0.46240234375 0.005859375 0.0087890625
0 0.37890625 0.45654296875 0.005859375 0.0087890625
0 0.24462890625 0.4599609375 0.0087890625 0.01171875
0 0.3857421875 0.45947265625 0.005859375 0.0126953125
0 0.33935546875 0.45263671875 0.0068359375 0.0087890625
