0 0.6312500238418579 0.5862500071525574 0.05500001832842827 0.08000002056360245
0 0.43687501549720764 0.4724999964237213 0.026249980553984642 0.03750000149011612
0 0.6118749976158142 0.44437503814697266 0.01875000074505806 0.028749991208314896
0 0.3831250071525574 0.4481249749660492 0.016250014305114746 0.028749991208314896
0 0.8525000810623169 0.44812503457069397 0.02500000037252903 0.03125
0 0.5400000214576721 0.4243749976158142 0.014999961480498314 0.02375001832842827
0 0.7362500429153442 0.4243749976158142 0.0175000187009573 0.021249961107969284
0 0.0625 0.4975000023841858 0.042500004172325134 0.05000000074505806
0 0.659375011920929 0.4112500250339508 0.011250019073486328 0.0175000187009573
0 0.9831250309944153 0.4918749928474426 0.03125 0.05125002935528755
0 0.453125 0.4099999964237213 0.00875000935047865 0.012500000186264515
0 0.12562499940395355 0.44187498092651367 0.021250009536743164 0.023749971762299538
0 0.49500003457069397 0.4150000214576721 0.012500000186264515 0.0175000187009573
0 0.34062498807907104 0.4293749928474426 0.013750004582107067 0.021250009536743164
0 0.17249999940395355 0.42750000953674316 0.012500000186264515 0.019999980926513672
0 0.2175000160932541 0.41874998807907104 0.007500004954636097 0.015000009909272194
0 0.26125001907348633 0.4143750071525574 0.007500004954636097 0.011250019073486328
0 0.4000000059604645 0.4075000286102295 0.007499980740249157 0.012500000186264515
0 0.34437498450279236 0.4143750071525574 0.011249994859099388 0.016249990090727806
0 0.5225000381469727 0.40812501311302185 0.009999990463256836 0.016249990090727806
0 0.4768750071525574 0.40687504410743713 0.00875000935047865 0.013750028796494007
0 0.75 0.40812501311302185 0.009999990463256836 0.016249990090727806
0 0.015625 0.4712499976158142 0.023750001564621925 0.027499962598085403
0 0.5975000262260437 0.40687504410743713 0.00750002870336175 0.011249971576035023
0 0.550000011920929 0.40187501907348633 0.007499980740249157 0.008749986067414284
