0 0.2932291626930237 0.47265625 0.026041651144623756 0.03385414928197861
0 0.34322917461395264 0.5393229722976685 0.03645835071802139 0.061979152262210846
0 0.1614583432674408 0.4713541865348816 0.017708325758576393 0.02500000037252903
0 0.664843738079071 0.4242187440395355 0.013020848855376244 0.019270848482847214
0 0.25598961114883423 0.4268229603767395 0.008854174986481667 0.01406249962747097
0 0.4450520873069763 0.417447954416275 0.010937499813735485 0.015104150399565697
0 0.91692715883255 0.4736979603767395 0.02968749962747097 0.031770847737789154
0 0.07994792610406876 0.7447916865348816 0.0859375074505806 0.06875000149011612
0 0.0520833358168602 0.45911461114883423 0.01145833171904087 0.018229197710752487
0 0.14947918057441711 0.44140625 0.010416662320494652 0.013020848855376244
