0 0.28828126192092896 0.4872395992279053 0.02968749962747097 0.043229199945926666
0 0.31692710518836975 0.4333333373069763 0.013020825572311878 0.022916698828339577
0 0.6083333492279053 0.4677083492279053 0.023958301171660423 0.03229169920086861
0 0.503125011920929 0.4242187440395355 0.012500000186264515 0.018229151144623756
0 0.9593750238418579 0.6088541746139526 0.058333300054073334 0.08124999701976776
0 0.32343751192092896 0.41223961114883423 0.00937500037252903 0.01406249962747097
0 0.43020835518836975 0.3984375 0.0062500000931322575 0.010416674427688122
0 0.4609375 0.4078125059604645 0.008333349600434303 0.011458349414169788
0 0.4036458432674408 0.39505210518836975 0.005208301357924938 0.0078125
0 0.29739585518836975 0.397916704416275 0.005208325572311878 0.009375023655593395
0 0.13489583134651184 0.40625 0.005208325572311878 0.008333349600434303
0 0.22760418057441711 0.4010416865348816 0.005208349321037531 0.009375023655593395
0 0.26640623807907104 0.39895835518836975 0.0078125 0.010416698642075062
