0 0.943359375 0.551513671875 0.044921875 0.05517578125
0 0.259521484375 0.513671875 0.02685546875 0.0390625
0 0.321044921875 0.472900390625 0.01904296875 0.02490234375
0 0.62353515625 0.504638671875 0.02734375 0.03662109375
0 0.538330078125 0.465087890625 0.01416015625 0.02294921875
0 0.706787109375 0.48193359375 0.01904296875 0.0283203125
0 0.623291015625 0.459228515625 0.01611328125 0.02099609375
0 0.41796875 0.448486328125 0.0107421875 0.01416015625
0 0.4912109375 0.452392578125 0.013671875 0.01806640625
0 0.57568359375 0.4443359375 0.0107421875 0.013671875
0 0.149169921875 0.4658203125 0.01123046875 0.015625
0 0.343994140625 0.447509765625 0.00927734375 0.01220703125
0 0.22509765625 0.463134765625 0.01171875 0.01708984375
0 0.8974609375 0.4775390625 0.0224609375 0.029296875
0 0.76416015625 0.456787109375 0.013671875 0.02001953125
0 0.67822265625 0.442626953125 0.009765625 0.01513671875
0 0.546875 0.436767578125 0.0078125 0.01123046875
0 0.303466796875 0.463134765625 0.01513671875 0.02099609375
0 0.633056640625 0.4345703125 0.00830078125 0.0107421875
0 0.525634765625 0.43115234375 0.00634765625 0.0087890625
0 0.224365234375 0.451904296875 0.00927734375 0.01220703125
0 0.09814453125 0.45703125 0.0126953125 0.0146484375
0 0.569580078125 0.424072265625 0.00537109375 0.00634765625
0 0.6005859375 0.429931640625 0.0078125 0.00927734375
0 0.510986328125 0.427734375 0.00732421875 0.0087890625
0 0.5029296875 0.424072265625 0.0048828125 0.00634765625
0 0.583740234375 0.42724609375 0.00537109375 0.0087890625
0 0.55859375 0.422607421875 0.0048828125 0.00634765625
0 0.548828125 0.421142578125 0.0048828125 0.00634765625
0 0.49658203125 0.42236328125 0.0048828125 0.005859375
