0 0.743359386920929 0.541015625 0.03359375149011612 0.04140625149011612
0 0.3101562559604645 0.612109363079071 0.04374999925494194 0.06328125298023224
0 0.517578125 0.48554688692092896 0.01640624925494194 0.01953125
0 0.08671875298023224 0.548828125 0.02500000037252903 0.03359375149011612
0 0.3023437559604645 0.49882811307907104 0.010937499813735485 0.01953125
0 0.35234373807907104 0.4878906309604645 0.010937499813735485 0.01640624925494194
0 0.4488281309604645 0.46757811307907104 0.008593750186264515 0.01171875
0 0.34062498807907104 0.4730468690395355 0.0078125 0.01171875
0 0.3726562559604645 0.46601563692092896 0.0078125 0.008593750186264515
0 0.3203125 0.46796876192092896 0.0078125 0.0078125
0 0.3578124940395355 0.4769531190395355 0.00937500037252903 0.01328125037252903
0 0.40937501192092896 0.4652343690395355 0.0078125 0.008593750186264515
0 0.46796876192092896 0.47265625 0.00937500037252903 0.012500000186264515
0 0.28593748807907104 0.4722656309604645 0.0078125 0.008593750186264515
0 0.25390625 0.4683593809604645 0.0078125 0.008593750186264515
0 0.20781250298023224 0.47343748807907104 0.0078125 0.0078125
