0 0.075439453125 0.60986328125 0.07666015625 0.083984375
0 0.3359375 0.518310546875 0.037109375 0.04931640625
0 0.454345703125 0.489013671875 0.02880859375 0.03759765625
0 0.6474609375 0.452392578125 0.01171875 0.01611328125
0 0.8740234375 0.4970703125 0.0224609375 0.02734375
0 0.85107421875 0.470458984375 0.0146484375 0.01708984375
0 0.829345703125 0.451416015625 0.00927734375 0.01123046875
0 0.712646484375 0.449462890625 0.01123046875 0.01611328125
0 0.841796875 0.4599609375 0.009765625 0.013671875
0 0.5927734375 0.461181640625 0.0146484375 0.02001953125
0 0.8017578125 0.440673828125 0.005859375 0.00732421875
0 0.731201171875 0.444580078125 0.00830078125 0.00927734375
0 0.79345703125 0.435546875 0.0048828125 0.0068359375
0 0.812255859375 0.44482421875 0.00732421875 0.009765625
