0 0.6787499785423279 0.43312501907348633 0.02500000037252903 0.03125
0 0.815000057220459 0.47062501311302185 0.040000010281801224 0.04875002056360245
0 0.862500011920929 0.4362500309944153 0.0350000374019146 0.027500009164214134
0 0.8075000047683716 0.40125003457069397 0.022499989718198776 0.02500002458691597
0 0.38625001907348633 0.5106250047683716 0.0325000062584877 0.053749989718198776
0 0.4206250309944153 0.4475000500679016 0.02375001832842827 0.03499998897314072
0 0.44187504053115845 0.42750000953674316 0.01875000074505806 0.02500000037252903
0 0.6000000238418579 0.4156250059604645 0.015000009909272194 0.021250009536743164
0 0.4612500071525574 0.4143750071525574 0.012500000186264515 0.01875000074505806
0 0.5818750262260437 0.40687504410743713 0.013750028796494007 0.021250009536743164
0 0.29500001668930054 0.4087499976158142 0.019999980926513672 0.02500000037252903
0 0.1925000101327896 0.42875003814697266 0.035000015050172806 0.029999971389770508
0 0.6912499666213989 0.4037500023841858 0.02500000037252903 0.01749999448657036
0 0.4700000286102295 0.4074999690055847 0.012500000186264515 0.01749999448657036
0 0.37812501192092896 0.40125003457069397 0.013750004582107067 0.01250002346932888
0 0.49687498807907104 0.3993750214576721 0.00875000935047865 0.013750004582107067
0 0.543749988079071 0.3943749964237213 0.007499980740249157 0.011249994859099388
0 0.03312499821186066 0.4806250035762787 0.061250001192092896 0.03125
0 0.42250004410743713 0.4087499976158142 0.015000009909272194 0.012500000186264515
0 0.4856249690055847 0.3831250071525574 0.00875000935047865 0.016250014305114746
0 0.6000000238418579 0.40562501549720764 0.012500000186264515 0.016250014305114746
