0 0.7716146111488342 0.5276042222976685 0.04218750074505806 0.0625
0 0.22890624403953552 0.5598958730697632 0.05364582687616348 0.07187499850988388
0 0.5760416984558105 0.41432294249534607 0.00937500037252903 0.016145849600434303
0 0.37890625 0.444791704416275 0.024479174986481667 0.030208349227905273
0 0.6333333253860474 0.4375 0.014583301730453968 0.022916650399565697
0 0.4124999940395355 0.41484373807907104 0.00937500037252903 0.015104150399565697
0 0.29869791865348816 0.4075520932674408 0.0078125 0.011979198083281517
0 0.38723960518836975 0.40703123807907104 0.0078125 0.013020848855376244
0 0.34687501192092896 0.40651044249534607 0.007291674613952637 0.010937499813735485
0 0.5388020873069763 0.4046874940395355 0.0078125 0.011458349414169788
0 0.4346354603767395 0.39505210518836975 0.0067708492279052734 0.009895825758576393
0 0.4177083373069763 0.40937501192092896 0.008333301171660423 0.012500000186264515
0 0.09791667014360428 0.421354204416275 0.005208337213844061 0.00937500037252903
0 0.4976562559604645 0.3973958492279053 0.0057291509583592415 0.008333325386047363
0 0.19140625 0.4130208492279053 0.0067708371207118034 0.010416698642075062
0 0.2109375 0.4036458432674408 0.005208325572311878 0.008333325386047363
0 0.3135416805744171 0.3958333432674408 0.005208349321037531 0.008333325386047363
0 0.10625000298023224 0.4124999940395355 0.005208337213844061 0.008333349600434303
0 0.663281261920929 0.39791667461395264 0.0057291509583592415 0.008333349600434303
0 0.6346354484558105 0.3916666805744171 0.009895849041640759 0.008333349600434303
0 0.6481770873069763 0.39270836114883423 0.0078125 0.012500000186264515
0 0.6182292103767395 0.3856770992279053 0.0062500000931322575 0.010937499813735485
