0 0.850341796875 0.578369140625 0.05126953125 0.06982421875
0 0.653564453125 0.482177734375 0.02197265625 0.03173828125
0 0.258056640625 0.59521484375 0.05419921875 0.080078125
0 0.596435546875 0.453857421875 0.01220703125 0.01904296875
0 0.402587890625 0.481689453125 0.02294921875 0.02685546875
0 0.680908203125 0.44580078125 0.01025390625 0.0146484375
0 0.63232421875 0.4384765625 0.0087890625 0.0126953125
0 0.44091796875 0.453369140625 0.013671875 0.01904296875
0 0.57373046875 0.4404296875 0.0087890625 0.0126953125
0 0.72998046875 0.43701171875 0.0078125 0.01171875
0 0.917724609375 0.463134765625 0.01513671875 0.01806640625
0 0.92919921875 0.44775390625 0.013671875 0.0146484375
0 0.795654296875 0.45703125 0.01416015625 0.0205078125
0 0.5595703125 0.432861328125 0.0078125 0.01123046875
0 0.4609375 0.44140625 0.0078125 0.0126953125
0 0.600830078125 0.429931640625 0.00732421875 0.01025390625
0 0.880615234375 0.447021484375 0.01220703125 0.01318359375
0 0.588134765625 0.42529296875 0.00634765625 0.0087890625
0 0.465087890625 0.434814453125 0.00634765625 0.01025390625
0 0.785888671875 0.4423828125 0.00830078125 0.013671875
0 0.6875 0.4306640625 0.0068359375 0.009765625
0 0.47021484375 0.429931640625 0.0048828125 0.00830078125
0 0.5791015625 0.423583984375 0.0048828125 0.00830078125
