0 0.7487500309944153 0.5631250143051147 0.16500000655651093 0.17374996840953827
0 0.4831250309944153 0.5306249856948853 0.07874999195337296 0.10124997794628143
0 0.32874998450279236 0.5143750309944153 0.05499999597668648 0.07125000655651093
0 0.17750000953674316 0.5100000500679016 0.044999994337558746 0.05750002712011337
0 0.4281249940395355 0.49812498688697815 0.01875000074505806 0.028749991208314896
0 0.5324999690055847 0.49562501907348633 0.020000029355287552 0.033750008791685104
0 0.5762499570846558 0.4937500059604645 0.015000009909272194 0.02500000037252903
0 0.3700000047683716 0.4962500035762787 0.0175000187009573 0.027499962598085403
0 0.22437500953674316 0.5012500286102295 0.026250004768371582 0.03750000149011612
0 0.6181250214576721 0.49562501907348633 0.01875000074505806 0.03125
0 0.5568750500679016 0.4918749928474426 0.013750028796494007 0.023749971762299538
0 0.12937501072883606 0.5068749785423279 0.03125 0.04374999925494194
0 0.637499988079071 0.48750001192092896 0.012500000186264515 0.019999980926513672
0 0.2681249976158142 0.49000000953674316 0.011249994859099388 0.012500000186264515
0 0.24375000596046448 0.49812498688697815 0.01749999448657036 0.028749991208314896
