0 0.421142578125 0.464111328125 0.01611328125 0.02197265625
0 0.6025390625 0.462158203125 0.015625 0.02001953125
0 0.347900390625 0.513916015625 0.03271484375 0.04052734375
0 0.72998046875 0.482177734375 0.0185546875 0.02685546875
0 0.583740234375 0.4521484375 0.01123046875 0.0146484375
0 0.44775390625 0.447265625 0.009765625 0.0146484375
0 0.46142578125 0.439453125 0.0078125 0.01171875
0 0.46923828125 0.43359375 0.0068359375 0.009765625
0 0.54833984375 0.4345703125 0.005859375 0.0087890625
0 0.97265625 0.64599609375 0.052734375 0.1044921875
0 0.9208984375 0.4677734375 0.0146484375 0.0166015625
0 0.8935546875 0.45703125 0.0107421875 0.0126953125
0 0.64111328125 0.447509765625 0.0087890625 0.01025390625
0 0.555908203125 0.439453125 0.00732421875 0.009765625
0 0.5654296875 0.433349609375 0.0048828125 0.00732421875
0 0.474609375 0.43017578125 0.0048828125 0.0087890625
0 0.641845703125 0.43994140625 0.00537109375 0.009765625
0 0.73681640625 0.4423828125 0.0048828125 0.0087890625
0 0.7255859375 0.442138671875 0.0078125 0.00830078125
0 0.5419921875 0.431396484375 0.0048828125 0.00732421875
