0 0.749218761920929 0.460416704416275 0.022395849227905273 0.029166650027036667
0 0.42239585518836975 0.4390625059604645 0.017708301544189453 0.027083348482847214
0 0.612500011920929 0.4088541865348816 0.013541650958359241 0.010416651144623756
0 0.5739583373069763 0.40651044249534607 0.015625 0.008854150772094727
0 0.5510417222976685 0.4036458432674408 0.011458349414169788 0.013541698455810547
0 0.417447954416275 0.4307292103767395 0.016145849600434303 0.023958349600434303
0 0.643750011920929 0.41067710518836975 0.015625 0.010937499813735485
0 0.4830729365348816 0.39270836114883423 0.0078125 0.012500000186264515
0 0.5414062738418579 0.390625 0.0057291509583592415 0.010416674427688122
0 0.43567711114883423 0.40052086114883423 0.009895801544189453 0.011458325199782848
0 0.6458333730697632 0.39505210518836975 0.005208301357924938 0.0078125
0 0.5486979484558105 0.3890624940395355 0.0067708492279052734 0.008333325386047363
0 0.5640624761581421 0.38489586114883423 0.005208349321037531 0.007291674613952637
