0 0.2646484375 0.57861328125 0.048828125 0.0556640625
0 0.234375 0.529296875 0.03515625 0.041015625
0 0.6533203125 0.5361328125 0.037109375 0.044921875
0 0.51123046875 0.50390625 0.0244140625 0.029296875
0 0.34521484375 0.4921875 0.0166015625 0.021484375
0 0.2587890625 0.48583984375 0.009765625 0.0166015625
0 0.11669921875 0.498046875 0.0107421875 0.017578125
0 0.13232421875 0.48828125 0.0087890625 0.013671875
0 0.16357421875 0.5126953125 0.0185546875 0.0234375
0 0.15234375 0.4814453125 0.009765625 0.01171875
0 0.052734375 0.474609375 0.005859375 0.009765625
0 0.1845703125 0.470703125 0.005859375 0.009765625
0 0.25390625 0.48046875 0.0078125 0.013671875
0 0.15673828125 0.4765625 0.0068359375 0.009765625
0 0.1064453125 0.47509765625 0.0078125 0.0107421875
0 0.24560546875 0.47607421875 0.0068359375 0.0107421875
0 0.1416015625 0.4677734375 0.005859375 0.01171875
0 0.2392578125 0.4716796875 0.005859375 0.009765625
0 0.2626953125 0.4560546875 0.005859375 0.005859375
0 0.0791015625 0.46435546875 0.005859375 0.0068359375
0 0.4130859375 0.4609375 0.009765625 0.009765625
0 0.158203125 0.45751953125 0.005859375 0.0068359375
0 0.2431640625 0.45703125 0.005859375 0.005859375
0 0.59765625 0.4677734375 0.0078125 0.0078125
0 0.705078125 0.453125 0.005859375 0.009765625
0 0.1220703125 0.46826171875 0.005859375 0.0107421875
