0 0.0703125 0.463134765625 0.0126953125 0.01416015625
0 0.168212890625 0.44921875 0.01123046875 0.013671875
0 0.08203125 0.451904296875 0.009765625 0.01123046875
0 0.2744140625 0.429931640625 0.0048828125 0.00732421875
0 0.3359375 0.426513671875 0.0048828125 0.00927734375
0 0.200927734375 0.438232421875 0.00537109375 0.00830078125
0 0.139892578125 0.444580078125 0.00830078125 0.01123046875
0 0.2548828125 0.432373046875 0.0048828125 0.00732421875
0 0.773681640625 0.453369140625 0.01123046875 0.01806640625
0 0.29736328125 0.42529296875 0.0048828125 0.0078125
0 0.3076171875 0.430908203125 0.0048828125 0.00830078125
0 0.325927734375 0.42919921875 0.00537109375 0.0087890625
0 0.2158203125 0.4423828125 0.0068359375 0.0107421875
