0 0.7697917222976685 0.6184896230697632 0.06458339840173721 0.09947919845581055
0 0.13255208730697632 0.512499988079071 0.044270824640989304 0.05312500149011612
0 0.6705729365348816 0.43828123807907104 0.013020848855376244 0.02031249925494194
0 0.40807294845581055 0.417447954416275 0.013020848855376244 0.018229151144623756
0 0.6317708492279053 0.405729204416275 0.007291698362678289 0.010416651144623756
0 0.7010416984558105 0.4049479365348816 0.008333349600434303 0.011979150585830212
0 0.50390625 0.3908854126930237 0.0057291509583592415 0.0067708492279052734
0 0.1848958432674408 0.41223961114883423 0.011458325199782848 0.013020801357924938
0 0.4932292103767395 0.3971354365348816 0.010416651144623756 0.011979150585830212
0 0.46510419249534607 0.38671875 0.005208349321037531 0.005729174707084894
0 0.6880208253860474 0.401822954416275 0.005208301357924938 0.0067708492279052734
