0 0.3256250023841858 0.854687511920929 0.08375000208616257 0.27812498807907104
0 0.7243750095367432 0.5640624761581421 0.051249999552965164 0.15312500298023224
0 0.5975000262260437 0.46562498807907104 0.029999999329447746 0.10000000149011612
0 0.4312500059604645 0.421875 0.019999999552965164 0.08749999850988388
0 0.46187499165534973 0.3343749940395355 0.011250000447034836 0.04374999925494194
0 0.7049999833106995 0.375 0.032499998807907104 0.07500000298023224
0 0.5262500047683716 0.3265624940395355 0.009999999776482582 0.05312500149011612
0 0.40562498569488525 0.3062500059604645 0.008750000037252903 0.03125
0 0.40812501311302185 0.3578124940395355 0.013749999925494194 0.05312500149011612
0 0.6006249785423279 0.3656249940395355 0.026249999180436134 0.05000000074505806
0 0.37312498688697815 0.3343749940395355 0.013749999925494194 0.05624999850988388
0 0.47062501311302185 0.3109374940395355 0.011250000447034836 0.04062499850988388
0 0.36375001072883606 0.30156248807907104 0.009999999776482582 0.03437500074505806
