0 0.23125000298023224 0.17250001430511475 0.05499999597668648 0.07250000536441803
0 0.9450000524520874 0.24437502026557922 0.08249998092651367 0.10625001043081284
0 0.7425000071525574 0.11124999821186066 0.03249998018145561 0.04750000312924385
0 0.5162500143051147 0.13375000655651093 0.04249997064471245 0.06000000238418579
0 0.22812500596046448 0.07187499850988388 0.01875000074505806 0.03125
0 0.6931250095367432 0.058750003576278687 0.016250038519501686 0.02500000223517418
0 0.6662499904632568 0.05062500387430191 0.012500000186264515 0.021250000223517418
0 0.5381250381469727 0.05437500402331352 0.016249990090727806 0.023750001564621925
0 0.809374988079071 0.0768750011920929 0.03625006601214409 0.023749995976686478
0 0.36500000953674316 0.06625000387430191 0.020000005140900612 0.030000001192092896
0 0.953125 0.09312500059604645 0.028750037774443626 0.04125000163912773
0 0.8856250643730164 0.06187499687075615 0.016249943524599075 0.023750001564621925
0 0.42624998092651367 0.05937499925494194 0.017499972134828568 0.026250001043081284
0 0.7681249976158142 0.05375000089406967 0.013749981299042702 0.019999999552965164
0 0.18187500536441803 0.06000000238418579 0.016249990090727806 0.02500000223517418
0 0.4050000309944153 0.051249999552965164 0.014999985694885254 0.020000001415610313
0 0.9168750643730164 0.05624999850988388 0.013749981299042702 0.02500000037252903
0 0.5643750429153442 0.05000000074505806 0.011250019073486328 0.020000001415610313
0 0.29249998927116394 0.05437500402331352 0.012500000186264515 0.023750001564621925
0 0.23375001549720764 0.05687500163912773 0.012500000186264515 0.023749997839331627
0 0.09375 0.06625000387430191 0.01749999448657036 0.02749999798834324
