0 0.09062500298023224 0.6570945978164673 0.17874999344348907 0.3006756901741028
0 0.3375000059604645 0.5743243098258972 0.10499999672174454 0.1689189225435257
0 0.4243749976158142 0.5430743098258972 0.05874999985098839 0.0996621623635292
0 0.856249988079071 0.5101351141929626 0.05249999836087227 0.09121621400117874
0 0.715624988079071 0.5092905163764954 0.036249998956918716 0.06587837636470795
0 0.621874988079071 0.5084459185600281 0.028750000521540642 0.05743243172764778
0 0.512499988079071 0.5101351141929626 0.02500000037252903 0.05067567527294159
0 0.4556249976158142 0.5092905163764954 0.021250000223517418 0.042229730635881424
0 0.21312500536441803 0.525337815284729 0.021250000223517418 0.0439189188182354
0 0.2462500035762787 0.5270270109176636 0.02500000037252903 0.04729729890823364
0 0.2943750023841858 0.5270270109176636 0.028750000521540642 0.05743243172764778
