0 0.1748046875 0.32958984375 0.009765625 0.0126953125
0 0.237548828125 0.321044921875 0.00634765625 0.01025390625
0 0.203125 0.31640625 0.005859375 0.0078125
0 0.27294921875 0.315673828125 0.0048828125 0.00830078125
0 0.072021484375 0.34423828125 0.01513671875 0.015625
0 0.08349609375 0.3310546875 0.009765625 0.01171875
0 0.154541015625 0.322509765625 0.00732421875 0.00927734375
0 0.23779296875 0.312744140625 0.0068359375 0.00732421875
0 0.2626953125 0.30859375 0.0048828125 0.0068359375
0 0.30078125 0.31103515625 0.005859375 0.0087890625
0 0.31103515625 0.30322265625 0.0048828125 0.005859375
0 0.3193359375 0.30810546875 0.005859375 0.0078125
0 0.341796875 0.3046875 0.0048828125 0.0068359375
0 0.32861328125 0.30078125 0.0048828125 0.0078125
0 0.357177734375 0.302978515625 0.00537109375 0.00634765625
0 0.32421875 0.30078125 0.0048828125 0.0078125
0 0.36865234375 0.30078125 0.0048828125 0.0068359375
0 0.340087890625 0.30126953125 0.00537109375 0.0048828125
0 0.38037109375 0.3017578125 0.0048828125 0.0048828125
0 0.2919921875 0.305908203125 0.0048828125 0.00732421875
0 0.3525390625 0.301513671875 0.0048828125 0.00537109375
0 0.3720703125 0.300537109375 0.0048828125 0.00732421875
0 0.3876953125 0.30126953125 0.0048828125 0.0048828125
