0 0.11562500149011612 0.2306250035762787 0.058750003576278687 0.06374999135732651
0 0.6793749928474426 0.18062500655651093 0.033750008791685104 0.046250008046627045
0 0.3487500250339508 0.14874999225139618 0.022500013932585716 0.03249999135732651
0 0.4962500035762787 0.1262499988079071 0.0175000187009573 0.02749999798834324
0 0.6018750071525574 0.12562499940395355 0.016249990090727806 0.023749995976686478
0 0.9287500381469727 0.18062500655651093 0.0350000374019146 0.04125000163912773
0 0.7356250286102295 0.13187500834465027 0.01875000074505806 0.026250004768371582
0 0.5456250309944153 0.10687500238418579 0.013749981299042702 0.013750004582107067
0 0.6481249928474426 0.09937500208616257 0.011249971576035023 0.011250006966292858
0 0.8543750643730164 0.1300000101327896 0.021250057965517044 0.02500000037252903
0 0.8687499761581421 0.12187500298023224 0.014999961480498314 0.02124999836087227
0 0.7450000047683716 0.10312499850988388 0.009999990463256836 0.0162500087171793
0 0.6887499690055847 0.10000000149011612 0.009999990463256836 0.012500000186264515
0 0.8081250190734863 0.1106250062584877 0.011249924078583717 0.01875000074505806
