0 0.7744140625 0.6481119990348816 0.068359375 0.115234375
0 0.097412109375 0.5485026240348816 0.04443359375 0.0709635391831398
0 0.331787109375 0.4794921875 0.02197265625 0.041015625
0 0.391357421875 0.4446614682674408 0.01611328125 0.0325520820915699
0 0.0322265625 0.6731770634651184 0.064453125 0.1158854141831398
0 0.6064453125 0.4765625 0.021484375 0.0390625
0 0.5625 0.4352213442325592 0.01171875 0.021484375
0 0.431640625 0.4186197817325592 0.0087890625 0.01692708395421505
0 0.16552734375 0.4599609375 0.0166015625 0.0319010429084301
0 0.324462890625 0.4303385317325592 0.01025390625 0.01822916604578495
0 0.53955078125 0.4108072817325592 0.005859375 0.013020833022892475
0 0.424560546875 0.4052734375 0.00732421875 0.012369791977107525
0 0.551513671875 0.4202474057674408 0.00830078125 0.01627604104578495
0 0.4462890625 0.4114583432674408 0.0078125 0.013020833022892475
0 0.26025390625 0.4104817807674408 0.0068359375 0.012369791977107525
0 0.1416015625 0.4225260317325592 0.009765625 0.015625
0 0.1708984375 0.4059244692325592 0.0078125 0.012369791977107525
0 0.11865234375 0.4124349057674408 0.0087890625 0.013671875
