0 0.6612499952316284 0.37687498331069946 0.04499997943639755 0.053749989718198776
0 0.1850000023841858 0.4075000286102295 0.11749999225139618 0.1250000298023224
0 0.29124999046325684 0.3787500262260437 0.05499999597668648 0.0650000125169754
0 0.8075000643730164 0.3868750035762787 0.06750001758337021 0.08124999701976776
0 0.5887500047683716 0.3681250214576721 0.029999971389770508 0.041249990463256836
0 0.484375 0.3668749928474426 0.026249980553984642 0.033750008791685104
0 0.4162500500679016 0.3643749952316284 0.022499989718198776 0.03125
0 0.5550000071525574 0.35875001549720764 0.015000009909272194 0.022499989718198776
0 0.453125 0.3618749976158142 0.01875000074505806 0.028749991208314896
0 0.5143750309944153 0.3606249988079071 0.013749981299042702 0.026249980553984642
0 0.3531250059604645 0.35999998450279236 0.016249990090727806 0.022500013932585716
0 0.390625 0.3581250309944153 0.011249994859099388 0.016250014305114746
0 0.09312500059604645 0.3631249964237213 0.018749993294477463 0.023749995976686478
0 0.1118750125169754 0.3606249988079071 0.013749992474913597 0.01875000074505806
0 0.5662499666213989 0.3581250011920929 0.012500000186264515 0.01875000074505806
0 0.5456250309944153 0.3568750023841858 0.011250019073486328 0.021249985322356224
0 0.33125001192092896 0.35875001549720764 0.012500000186264515 0.020000005140900612
0 0.029375001788139343 0.36250001192092896 0.013749999925494194 0.01749999448657036
