0 0.14726562798023224 0.439453125 0.05234374850988388 0.06796874850988388
0 0.8746093511581421 0.3324218690395355 0.03671874850988388 0.04921875149011612
0 0.510546863079071 0.28632813692092896 0.01796874962747097 0.02890625037252903
0 0.3109374940395355 0.2855468690395355 0.015625 0.02265625074505806
0 0.05039062350988388 0.3402343690395355 0.02109375037252903 0.02578124962747097
0 0.15546874701976776 0.28125 0.0078125 0.012500000186264515
0 0.12187500298023224 0.28046876192092896 0.0078125 0.012500000186264515
0 0.20468750596046448 0.283203125 0.01406249962747097 0.01640624925494194
0 0.11328125 0.27812498807907104 0.0078125 0.0078125
0 0.04609375074505806 0.2796874940395355 0.0078125 0.012500000186264515
