0 0.6898437738418579 1.424218773841858 0.1171875 0.18906250596046448
0 1.41796875 1.0617187023162842 0.0390625 0.04843749850988388
0 2.026562452316284 1.1218750476837158 0.05000000074505806 0.078125
0 2.5546875 1.442968726158142 0.15312500298023224 0.1953125
0 1.2273437976837158 1.1515624523162842 0.05156249925494194 0.07500000298023224
0 1.8976562023162842 1.057031273841858 0.03281249850988388 0.04843749850988388
0 1.5031249523162842 1.0281250476837158 0.02500000037252903 0.03750000149011612
0 1.544531226158142 1.009374976158142 0.01718750037252903 0.02812499925494194
0 1.568750023841858 0.9976562261581421 0.015625 0.0234375
0 1.8429687023162842 1.0304687023162842 0.01718750037252903 0.03593749925494194
0 1.810937523841858 1.0125000476837158 0.015625 0.02812499925494194
0 1.834375023841858 0.9906250238418579 0.015625 0.015625
0 1.896875023841858 0.9859374761581421 0.015625 0.015625
0 1.7781250476837158 0.983593761920929 0.015625 0.01718750037252903
