0 0.17499999701976776 0.21812501549720764 0.04249999672174454 0.04874999448657036
0 0.36375001072883606 0.1850000023841858 0.03499998897314072 0.0325000062584877
0 0.4206250309944153 0.1900000125169754 0.03874998167157173 0.03249999135732651
0 0.07750000059604645 0.3243750035762787 0.07250000536441803 0.08875000476837158
0 0.21937498450279236 0.16562500596046448 0.026250004768371582 0.03125
0 0.5018750429153442 0.19062499701976776 0.041249990463256836 0.03125
0 0.22312501072883606 0.14874999225139618 0.016249990090727806 0.02250000275671482
0 0.39750000834465027 0.1599999964237213 0.020000029355287552 0.029999995604157448
0 0.46937504410743713 0.1443749964237213 0.016249990090727806 0.023749995976686478
0 0.5081250071525574 0.15000000596046448 0.016249990090727806 0.02500000037252903
0 0.015000000596046448 0.19500000774860382 0.02500000037252903 0.03500000387430191
0 0.07312500476837158 0.16625000536441803 0.023750001564621925 0.029999995604157448
0 0.10312499850988388 0.14937500655651093 0.0162500087171793 0.02124999836087227
0 0.5475000143051147 0.07062499970197678 0.015000009909272194 0.026250004768371582
0 0.5225000381469727 0.11125000566244125 0.015000009909272194 0.025000005960464478
0 0.49937501549720764 0.11437499523162842 0.016250038519501686 0.023750007152557373
0 0.7918750047683716 0.14000001549720764 0.02375001832842827 0.044999994337558746
0 0.15125000476837158 0.1262499988079071 0.012500000186264515 0.012500000186264515
0 0.46875 0.10875000804662704 0.009999990463256836 0.017500007525086403
0 0.45875000953674316 0.13624998927116394 0.012500000186264515 0.017500007525086403
0 0.46812501549720764 0.044999998062849045 0.013749981299042702 0.020000001415610313
0 0.2618750035762787 0.12125001102685928 0.00875000935047865 0.010000002570450306
0 0.21125002205371857 0.1418749988079071 0.010000014677643776 0.01875000074505806
0 0.20624999701976776 0.13187500834465027 0.007500004954636097 0.013750004582107067
0 0.22312501072883606 0.13562500476837158 0.016249990090727806 0.02124999836087227
0 0.23125000298023224 0.12312500178813934 0.009999990463256836 0.013750004582107067
0 0.1993750035762787 0.1287499964237213 0.00875000935047865 0.015000009909272194
0 0.08999999612569809 0.14124999940395355 0.009999996051192284 0.015000009909272194
0 0.11937500536441803 0.13062500953674316 0.011249994859099388 0.013749992474913597
0 0.09187500178813934 0.1237499937415123 0.008750003762543201 0.010000002570450306
0 0.2874999940395355 0.11937500536441803 0.007500004954636097 0.00875000935047865
0 0.10750000178813934 0.13437500596046448 0.010000002570450306 0.013750004582107067
0 0.04750000312924385 0.12999999523162842 0.010000002570450306 0.010000002570450306
0 0.4350000321865082 0.10625000298023224 0.009999990463256836 0.015000003390014172
0 0.07062499970197678 0.12562499940395355 0.00874999724328518 0.00875000935047865
0 0.4781250059604645 0.020625000819563866 0.011250019073486328 0.01875000074505806
0 0.1287499964237213 0.12125001102685928 0.012500000186264515 0.010000002570450306
0 0.17125001549720764 0.12250000238418579 0.010000002570450306 0.012500000186264515
0 0.20250001549720764 0.11874999850988388 0.007499992847442627 0.010000002570450306
0 0.039374999701976776 0.12999999523162842 0.008750000968575478 0.010000002570450306
0 0.2162499874830246 0.11749999225139618 0.007500004954636097 0.010000002570450306
0 0.10499999672174454 0.12250000238418579 0.007499992847442627 0.007500004954636097
0 0.011875000782310963 0.13437500596046448 0.008750000968575478 0.011249994859099388
0 0.6387499570846558 0.13562500476837158 0.015000009909272194 0.02124999836087227
0 0.3050000071525574 0.11812500655651093 0.007500004954636097 0.011250006966292858
0 0.08312500268220901 0.14124999940395355 0.00874999724328518 0.01749999448657036
0 0.17750000953674316 0.11687500774860382 0.007499992847442627 0.011249994859099388
0 0.16749998927116394 0.11749999225139618 0.007499992847442627 0.007499992847442627
0 0.20875000953674316 0.11874999850988388 0.007500004954636097 0.010000002570450306
0 0.13500000536441803 0.12062499672174454 0.007500004954636097 0.00874999724328518
