0 0.50341796875 0.34033203125 0.0166015625 0.0244140625
0 0.572021484375 0.333251953125 0.01708984375 0.02001953125
0 0.815673828125 0.550048828125 0.06396484375 0.10107421875
0 0.8515625 0.400634765625 0.029296875 0.04052734375
0 0.40380859375 0.35791015625 0.0234375 0.03125
0 0.67919921875 0.32470703125 0.009765625 0.0146484375
0 0.877685546875 0.353515625 0.01708984375 0.0205078125
0 0.9072265625 0.3408203125 0.015625 0.0166015625
0 0.73291015625 0.321533203125 0.01171875 0.01611328125
0 0.7998046875 0.322265625 0.0107421875 0.013671875
0 0.9208984375 0.333740234375 0.0107421875 0.01318359375
0 0.924560546875 0.327880859375 0.00732421875 0.01123046875
