0 0.86865234375 0.477783203125 0.060546875 0.08056640625
0 0.416259765625 0.34130859375 0.01708984375 0.02734375
0 0.232666015625 0.39404296875 0.03369140625 0.04296875
0 0.675048828125 0.357177734375 0.02099609375 0.02880859375
0 0.261962890625 0.32373046875 0.01416015625 0.0244140625
0 0.52734375 0.319091796875 0.01171875 0.01904296875
0 0.622314453125 0.314208984375 0.01025390625 0.01513671875
0 0.289794921875 0.32666015625 0.02392578125 0.013671875
0 0.751220703125 0.32421875 0.01025390625 0.015625
0 0.700927734375 0.330078125 0.01025390625 0.01953125
0 0.81591796875 0.324951171875 0.0087890625 0.01513671875
0 0.474853515625 0.3017578125 0.01025390625 0.013671875
0 0.78515625 0.31396484375 0.009765625 0.0126953125
