0 0.3402343690395355 0.279296875 0.01171875 0.01796874962747097
0 0.29218751192092896 0.2730468809604645 0.0078125 0.01171875
0 0.23515625298023224 0.43671876192092896 0.06093750149011612 0.08124999701976776
0 0.3648437559604645 0.30156248807907104 0.01875000074505806 0.02968749962747097
0 0.40742188692092896 0.2562499940395355 0.008593750186264515 0.015625
0 0.6890624761581421 0.2828125059604645 0.01718750037252903 0.0234375
0 0.302734375 0.2562499940395355 0.007031249813735485 0.010937499813735485
0 0.498046875 0.25664061307907104 0.008593750186264515 0.01171875
0 0.20781250298023224 0.2710937559604645 0.0078125 0.010937499813735485
0 0.15859374403953552 0.2679687440395355 0.0078125 0.00937500037252903
0 0.248046875 0.24843749403953552 0.007031249813735485 0.0078125
