0 0.9012500047683716 0.8671875 0.09749999642372131 0.25312501192092896
0 0.6637499928474426 0.4703125059604645 0.029999999329447746 0.12187500298023224
0 0.3631249964237213 0.3890624940395355 0.01875000074505806 0.08437500149011612
0 0.26249998807907104 0.4984374940395355 0.03500000014901161 0.11562500149011612
0 0.2318750023841858 0.40156251192092896 0.03125 0.06562499701976776
0 0.3981249928474426 0.3515625 0.01875000074505806 0.05937499925494194
0 0.4312500059604645 0.32499998807907104 0.014999999664723873 0.05000000074505806
0 0.6150000095367432 0.36406248807907104 0.017500000074505806 0.078125
0 0.5762500166893005 0.296875 0.012500000186264515 0.05000000074505806
0 0.5868750214576721 0.3140625059604645 0.011250000447034836 0.046875
0 0.609375 0.32343751192092896 0.013749999925494194 0.05937499925494194
