0 0.201171875 0.46435546875 0.072265625 0.123046875
0 0.847412109375 0.47509765625 0.09716796875 0.1259765625
0 0.316162109375 0.399169921875 0.03466796875 0.04833984375
0 0.389404296875 0.34619140625 0.01904296875 0.0263671875
0 0.42724609375 0.318359375 0.009765625 0.017578125
0 0.690185546875 0.386474609375 0.03466796875 0.04052734375
0 0.6103515625 0.348388671875 0.0185546875 0.02587890625
0 0.560302734375 0.32080078125 0.01220703125 0.015625
0 0.046875 0.608154296875 0.09375 0.23583984375
0 0.4453125 0.3046875 0.005859375 0.0087890625
0 0.440673828125 0.309326171875 0.00732421875 0.01025390625
0 0.54443359375 0.310302734375 0.0078125 0.01123046875
0 0.533935546875 0.305419921875 0.00732421875 0.01025390625
0 0.524658203125 0.30078125 0.00537109375 0.0078125
0 0.45166015625 0.30078125 0.0048828125 0.0078125
0 0.5205078125 0.297119140625 0.0048828125 0.00732421875
0 0.457763671875 0.29736328125 0.00537109375 0.0078125
