0 0.9585937261581421 0.26953125 0.09218750149011612 0.1171875
0 0.671093761920929 0.20781250298023224 0.06406249850988388 0.09062500298023224
0 0.930468738079071 0.10312499850988388 0.03281249850988388 0.046875
0 0.5625 0.15859374403953552 0.04062499850988388 0.06093750149011612
0 0.40937501192092896 0.14765624701976776 0.05312500149011612 0.0390625
0 0.4140625 0.18515625596046448 0.05000000074505806 0.0703125
0 0.8460937738418579 0.16875000298023224 0.0546875 0.07187499850988388
0 0.10000000149011612 0.15859374403953552 0.04062499850988388 0.05781250074505806
0 0.55078125 0.13046875596046448 0.03281249850988388 0.04531250149011612
0 1.0234375 0.12421874701976776 0.03750000149011612 0.05156249925494194
0 0.8531249761581421 0.09296874701976776 0.02187499962747097 0.03593749925494194
0 0.547656238079071 0.109375 0.02968749962747097 0.03750000149011612
0 0.3414062559604645 0.10468749701976776 0.0234375 0.03437500074505806
0 0.1796875 0.10078124701976776 0.02500000037252903 0.03593749925494194
0 0.4921875 0.10312499850988388 0.02500000037252903 0.03750000149011612
0 0.7749999761581421 0.10000000149011612 0.02500000037252903 0.03750000149011612
0 1.0593750476837158 0.08828125149011612 0.02812499925494194 0.04218750074505806
0 1.1398437023162842 0.09062500298023224 0.02656250074505806 0.04374999925494194
0 0.07500000298023224 0.08906249701976776 0.03437500074505806 0.04062499850988388
0 0.6304687261581421 0.11171875149011612 0.0234375 0.03593749925494194
