0 2.723437547683716 0.9859374761581421 0.12812499701976776 0.16249999403953552
0 0.9750000238418579 0.706250011920929 0.078125 0.10000000149011612
0 1.4679687023162842 0.5414062738418579 0.03593749925494194 0.04843749850988388
0 1.755468726158142 0.6429687738418579 0.06718750298023224 0.08281250298023224
0 0.9781249761581421 0.5960937738418579 0.05000000074505806 0.05781250074505806
0 1.1710937023162842 0.515625 0.02656250074505806 0.03750000149011612
0 0.79296875 0.5484374761581421 0.03281249850988388 0.04374999925494194
0 0.727343738079071 0.5234375 0.02031249925494194 0.03125
0 0.07265625149011612 1.502343773841858 0.14218750596046448 0.2890625
0 0.9789062738418579 0.4984374940395355 0.01718750037252903 0.02812499925494194
0 0.840624988079071 0.48750001192092896 0.015625 0.015625
0 0.749218761920929 0.4898437559604645 0.01718750037252903 0.02031249925494194
0 0.647656261920929 0.5140625238418579 0.01718750037252903 0.015625
