0 0.705078125 0.33710938692092896 0.03046875074505806 0.04453124850988388
0 0.584765613079071 0.2621093690395355 0.007031249813735485 0.01640624925494194
0 0.39453125 0.2867187559604645 0.015625 0.02656250074505806
0 0.43085938692092896 0.2679687440395355 0.01015624962747097 0.01875000074505806
0 0.25703126192092896 0.3671875 0.03750000149011612 0.0546875
0 0.6953125 0.23125000298023224 0.010937499813735485 0.01718750037252903
0 0.6031249761581421 0.2750000059604645 0.00937500037252903 0.02187499962747097
0 0.46367186307907104 0.2515625059604645 0.01015624962747097 0.015625
0 0.563281238079071 0.248046875 0.0078125 0.01328125037252903
0 0.47382813692092896 0.24101562798023224 0.007031249813735485 0.01015624962747097
