0 0.37562501430511475 0.5718749761581421 0.07124999910593033 0.20624999701976776
0 0.30125001072883606 0.49531251192092896 0.054999999701976776 0.17812499403953552
0 0.6549999713897705 0.4390625059604645 0.04749999940395355 0.15312500298023224
0 0.6106250286102295 0.37812501192092896 0.03375000134110451 0.125
0 0.5218750238418579 0.29374998807907104 0.028750000521540642 0.08749999850988388
0 0.6175000071525574 0.296875 0.027499999850988388 0.09375
0 0.9725000262260437 0.4749999940395355 0.05249999836087227 0.16875000298023224
0 0.06562499701976776 0.706250011920929 0.09624999761581421 0.26875001192092896
0 0.30687499046325684 0.3531250059604645 0.03125 0.10625000298023224
0 0.2306250035762787 0.24687500298023224 0.04125000163912773 0.14374999701976776
0 0.515625 0.23125000298023224 0.026249999180436134 0.04374999925494194
0 0.5787500143051147 0.24062499403953552 0.02500000037252903 0.05624999850988388
0 0.46562498807907104 0.265625 0.023749999701976776 0.07500000298023224
0 0.4300000071525574 0.24843749403953552 0.017500000074505806 0.06562499701976776
0 0.12062499672174454 0.13750000298023224 0.07874999940395355 0.13124999403953552
0 0.29124999046325684 0.2828125059604645 0.017500000074505806 0.078125
0 0.3556250035762787 0.22812500596046448 0.016249999403953552 0.0625
0 0.2824999988079071 0.25 0.014999999664723873 0.06875000149011612
0 0.9024999737739563 0.9203125238418579 0.04749999940395355 0.15312500298023224
0 0.2981249988079071 0.21406249701976776 0.011250000447034836 0.046875
0 0.1706250011920929 0.2562499940395355 0.026249999180436134 0.06875000149011612
