0 0.662109375 0.364013671875 0.0205078125 0.03173828125
0 0.606689453125 0.33642578125 0.01416015625 0.021484375
0 0.3583984375 0.376708984375 0.0224609375 0.03466796875
0 0.435791015625 0.336669921875 0.01025390625 0.01611328125
0 0.46484375 0.323486328125 0.0087890625 0.01416015625
0 0.57861328125 0.3232421875 0.009765625 0.0146484375
0 0.4814453125 0.3115234375 0.005859375 0.0087890625
0 0.975341796875 0.535400390625 0.04638671875 0.11083984375
0 0.487060546875 0.309814453125 0.00537109375 0.00927734375
0 0.516357421875 0.307861328125 0.00732421875 0.00927734375
