0 0.3375000059604645 0.24812500178813934 0.05750000476837158 0.07375001907348633
0 0.7706249952316284 0.18062500655651093 0.041249990463256836 0.05375000089406967
0 0.8418749570846558 0.3525000214576721 0.10624995082616806 0.0924999937415123
0 0.40687498450279236 0.14562499523162842 0.023749995976686478 0.03374999761581421
0 0.6206250190734863 0.13437500596046448 0.021250009536743164 0.03125
0 0.14875000715255737 0.36124998331069946 0.12250001728534698 0.07500000298023224
0 0.6312500238418579 0.11750000715255737 0.015000009909272194 0.02500000037252903
0 0.6000000238418579 0.10499999672174454 0.012500000186264515 0.019999999552965164
0 0.41750001907348633 0.11437499523162842 0.0175000187009573 0.023750007152557373
0 0.4124999940395355 0.09312500059604645 0.0175000187009573 0.023750007152557373
0 0.5543749928474426 0.09687499701976776 0.011249971576035023 0.01875000074505806
0 0.5356249809265137 0.09125000238418579 0.00875000935047865 0.014999997802078724
