0 3.0374999046325684 1.748437523841858 0.2906250059604645 0.32499998807907104
0 1.5125000476837158 1.20703125 0.09062500298023224 0.12031249701976776
0 2.2523436546325684 1.1531250476837158 0.0703125 0.09062500298023224
0 1.765625 1.0234375 0.03437500074505806 0.05000000074505806
0 1.8078124523162842 0.987500011920929 0.03125 0.04062499850988388
0 2.8414063453674316 1.095312476158142 0.0390625 0.0625
0 2.0570311546325684 0.9984375238418579 0.0234375 0.03437500074505806
0 2.3531250953674316 0.9906250238418579 0.02187499962747097 0.03437500074505806
0 2.928906202316284 1.11328125 0.04531250149011612 0.05781250074505806
0 2.475781202316284 0.9765625 0.02031249925494194 0.02812499925494194
