0 0.23486328125 0.45556640625 0.0439453125 0.0654296875
0 0.225341796875 0.383056640625 0.02685546875 0.03662109375
0 0.89794921875 0.392578125 0.033203125 0.0439453125
0 0.662109375 0.349609375 0.0166015625 0.025390625
0 0.518310546875 0.336669921875 0.01611328125 0.02099609375
0 0.16357421875 0.32470703125 0.0068359375 0.01171875
0 0.294677734375 0.32763671875 0.01416015625 0.0146484375
0 0.4072265625 0.33154296875 0.0126953125 0.017578125
0 0.1376953125 0.35693359375 0.015625 0.0224609375
0 0.104248046875 0.34130859375 0.01318359375 0.0166015625
0 0.271484375 0.32275390625 0.009765625 0.01171875
0 0.119873046875 0.332763671875 0.00830078125 0.01220703125
0 0.304443359375 0.31103515625 0.00537109375 0.0078125
0 0.414306640625 0.30712890625 0.00537109375 0.0087890625
0 0.34375 0.314208984375 0.0068359375 0.01025390625
0 0.40625 0.3037109375 0.0048828125 0.0068359375
0 0.218505859375 0.318115234375 0.00732421875 0.00927734375
0 0.516357421875 0.3017578125 0.00732421875 0.009765625
0 0.61767578125 0.298583984375 0.0068359375 0.00927734375
0 0.7080078125 0.295166015625 0.0048828125 0.00830078125
0 0.6640625 0.29248046875 0.0048828125 0.0068359375
