0 0.250244140625 0.444091796875 0.05126953125 0.06005859375
0 0.452392578125 0.33349609375 0.01318359375 0.0185546875
0 0.234375 0.368896484375 0.0205078125 0.02880859375
0 0.238037109375 0.34130859375 0.01318359375 0.017578125
0 0.762939453125 0.35595703125 0.02099609375 0.033203125
0 0.324462890625 0.320556640625 0.00927734375 0.01318359375
0 0.4306640625 0.32373046875 0.01171875 0.0166015625
0 0.5859375 0.3466796875 0.0185546875 0.0263671875
0 0.596923828125 0.309814453125 0.00732421875 0.01025390625
0 0.271484375 0.32861328125 0.0078125 0.013671875
0 0.382080078125 0.31494140625 0.00732421875 0.0107421875
0 0.521728515625 0.315673828125 0.01025390625 0.01318359375
0 0.474853515625 0.310546875 0.00634765625 0.0107421875
0 0.7177734375 0.308349609375 0.005859375 0.01123046875
0 0.581298828125 0.30517578125 0.00634765625 0.0087890625
0 0.7109375 0.30224609375 0.0048828125 0.0087890625
0 0.839599609375 0.30810546875 0.00634765625 0.01171875
0 0.823974609375 0.30224609375 0.00634765625 0.0087890625
0 0.90185546875 0.302490234375 0.0068359375 0.00927734375
0 0.9677734375 0.3076171875 0.0078125 0.0107421875
