0 0.8656250238418579 0.5023437738418579 0.078125 0.10781250149011612
0 0.582812488079071 0.48828125 0.05624999850988388 0.09218750149011612
0 0.30937498807907104 0.4749999940395355 0.03750000149011612 0.05000000074505806
0 0.49296873807907104 0.4820312559604645 0.0390625 0.07343749701976776
0 0.5492187738418579 0.47578126192092896 0.03593749925494194 0.06093750149011612
0 0.453125 0.4742187559604645 0.03125 0.04218750074505806
0 0.7015625238418579 0.4749999940395355 0.02812499925494194 0.04374999925494194
0 0.01953125 0.4789062440395355 0.03593749925494194 0.06093750149011612
0 0.1875 0.4789062440395355 0.04062499850988388 0.05781250074505806
0 1.23046875 0.4710937440395355 0.0234375 0.0390625
0 1.119531273841858 0.47187501192092896 0.03281249850988388 0.04374999925494194
0 0.7421875 0.46953123807907104 0.02500000037252903 0.03593749925494194
0 0.9906250238418579 0.4710937440395355 0.03125 0.04531250149011612
0 0.659375011920929 0.4593749940395355 0.015625 0.02187499962747097
0 0.9593750238418579 0.46796876192092896 0.02187499962747097 0.03281249850988388
0 0.938281238079071 0.46406251192092896 0.01718750037252903 0.02500000037252903
0 1.01953125 0.46562498807907104 0.02968749962747097 0.03750000149011612
0 0.760937511920929 0.46015626192092896 0.01875000074505806 0.02656250074505806
0 1.087499976158142 0.46171873807907104 0.01875000074505806 0.02656250074505806
0 0.80078125 0.45390623807907104 0.01718750037252903 0.02031249925494194
0 0.921093761920929 0.45781248807907104 0.01406249962747097 0.02187499962747097
0 0.25390625 0.45625001192092896 0.010937499813735485 0.01875000074505806
0 0.13124999403953552 0.45781248807907104 0.015625 0.02187499962747097
0 0.34375 0.45625001192092896 0.012500000186264515 0.01875000074505806
