0 0.3361979126930237 0.31302085518836975 0.04218750074505806 0.06354167312383652
0 0.31432291865348816 0.24140624701976776 0.024479150772094727 0.028645824640989304
0 0.17031249403953552 0.3854166865348816 0.05104166269302368 0.08020834624767303
0 0.35729166865348816 0.2580729126930237 0.02812499925494194 0.03697915002703667
0 0.2669270932674408 0.2302083522081375 0.015104174613952637 0.022916674613952637
0 0.86223965883255 0.32239586114883423 0.043229199945926666 0.06562499701976776
0 0.7200521230697632 0.23671874403953552 0.022395800799131393 0.03177082538604736
0 0.39505210518836975 0.19322916865348816 0.010937499813735485 0.014583349227905273
0 0.1692708432674408 0.21901042759418488 0.011458325199782848 0.016145849600434303
0 0.581250011920929 0.20807293057441711 0.016666650772094727 0.0234375
0 0.25729167461395264 0.1979166716337204 0.010416651144623756 0.013541663065552711
0 0.08958333730697632 0.22109374403953552 0.00937500037252903 0.015104174613952637
