0 0.7106249928474426 0.21875 0.06124997138977051 0.08999999612569809
0 0.6268750429153442 0.16437499225139618 0.04374999925494194 0.05874999612569809
0 0.35499998927116394 0.12937501072883606 0.03750000149011612 0.04874999448657036
0 0.6056250333786011 0.12562499940395355 0.02375001832842827 0.046250008046627045
0 0.05125000327825546 0.14937499165534973 0.04000000283122063 0.05624999850988388
0 0.515625 0.10562501102685928 0.03125 0.023750007152557373
0 0.7337499856948853 0.07562500238418579 0.012500000186264515 0.02124999836087227
0 0.8931249380111694 0.12937501072883606 0.026249980553984642 0.04624999687075615
0 0.878125011920929 0.08437500149011612 0.016250038519501686 0.023750001564621925
0 0.7793749570846558 0.0793750062584877 0.013750028796494007 0.023750001564621925
0 0.9906250238418579 0.08749999850988388 0.013749981299042702 0.027500003576278687
0 0.7549999952316284 0.07375000417232513 0.012500000186264515 0.020000005140900612
0 0.9212499856948853 0.0793750062584877 0.0175000187009573 0.021250003948807716
0 0.8556249737739563 0.07312500476837158 0.013749981299042702 0.021250003948807716
0 0.9643750190734863 0.07562500238418579 0.013750076293945312 0.01875000074505806
