0 1.1281249523162842 0.3609375059604645 0.09375 0.10625000298023224
0 0.4632812440395355 0.2945312559604645 0.05781250074505806 0.07968749850988388
0 0.4937500059604645 0.20000000298023224 0.02812499925494194 0.04374999925494194
0 0.8960937261581421 0.2109375 0.04531250149011612 0.05000000074505806
0 0.71484375 0.16718749701976776 0.0234375 0.03125
0 0.46953123807907104 0.16953125596046448 0.02031249925494194 0.02968749962747097
0 0.8125 0.14765624701976776 0.015625 0.0234375
0 0.617968738079071 0.13750000298023224 0.010937499813735485 0.01875000074505806
0 0.6929687261581421 0.1484375 0.01406249962747097 0.02187499962747097
0 0.768750011920929 0.13828125596046448 0.015625 0.02031249925494194
0 0.48359376192092896 0.15625 0.01718750037252903 0.02500000037252903
0 0.942187488079071 0.14609375596046448 0.015625 0.0234375
0 0.535937488079071 0.14687499403953552 0.01875000074505806 0.02500000037252903
0 1.193750023841858 0.15000000596046448 0.015625 0.02187499962747097
0 1.2195312976837158 0.18593749403953552 0.0234375 0.02187499962747097
0 0.6625000238418579 0.12812499701976776 0.00937500037252903 0.00937500037252903
0 0.8500000238418579 0.13906249403953552 0.012500000186264515 0.012500000186264515
0 0.835156261920929 0.12578125298023224 0.010937499813735485 0.010937499813735485
0 1.0070312023162842 0.13906249403953552 0.02031249925494194 0.02187499962747097
0 0.8828125 0.13359375298023224 0.00937500037252903 0.01406249962747097
0 0.8687499761581421 0.13046875596046448 0.00937500037252903 0.01406249962747097
0 0.796875 0.12265624850988388 0.00937500037252903 0.010937499813735485
