0 0.18906250596046448 0.046875 0.05312500149011612 0.05312500149011612
0 0.10000000149011612 0.078125 0.06562499701976776 0.08749999850988388
0 0.983593761920929 0.08281250298023224 0.07656250149011612 0.10312499850988388
0 1.0085937976837158 0.16171875596046448 0.12968750298023224 0.14218750596046448
0 0.73046875 0.02578124962747097 0.04843749850988388 0.05156249925494194
0 1.173437476158142 0.3734374940395355 0.15312500298023224 0.25
0 0.971875011920929 0.02812499925494194 0.0625 0.05624999850988388
0 0.38984376192092896 0.01953125 0.04531250149011612 0.0390625
0 1.20703125 0.07265625149011612 0.08281250298023224 0.0703125
0 0.569531261920929 0.01796874962747097 0.04531250149011612 0.03593749925494194
0 0.15156249701976776 0.0234375 0.03750000149011612 0.046875
