0 2.660937547683716 1.5703125 0.19374999403953552 0.28125
0 0.8531249761581421 1.3390624523162842 0.14687499403953552 0.18125000596046448
0 1.3445312976837158 1.0437500476837158 0.03593749925494194 0.05312500149011612
0 2.0390625 1.1640625 0.07187499850988388 0.109375
0 1.8984375 1.087499976158142 0.05624999850988388 0.07187499850988388
0 0.44921875 1.161718726158142 0.06406249850988388 0.08281250298023224
0 1.83984375 1.041406273841858 0.03593749925494194 0.0546875
0 1.369531273841858 1.014062523841858 0.0390625 0.05937499925494194
0 1.756250023841858 0.9867187738418579 0.03125 0.05156249925494194
0 0.91796875 1.041406273841858 0.03593749925494194 0.04531250149011612
0 1.7140624523162842 0.9742187261581421 0.02187499962747097 0.03281249850988388
0 1.337499976158142 0.9585937261581421 0.02187499962747097 0.0234375
0 1.1804687976837158 0.9765625 0.01718750037252903 0.02500000037252903
0 0.971875011920929 1.014062523841858 0.02500000037252903 0.03437500074505806
0 1.290624976158142 0.9820312261581421 0.01875000074505806 0.02656250074505806
0 1.033593773841858 0.97265625 0.01718750037252903 0.0234375
0 0.852343738079071 0.9937499761581421 0.0234375 0.02812499925494194
0 0.8765624761581421 0.979687511920929 0.01875000074505806 0.02500000037252903
0 0.40546876192092896 1.015625 0.02656250074505806 0.03437500074505806
0 0.69921875 0.987500011920929 0.02031249925494194 0.02812499925494194
0 1.5632812976837158 0.965624988079071 0.02031249925494194 0.02812499925494194
0 1.0656249523162842 0.957812488079071 0.01875000074505806 0.01875000074505806
0 0.13515624403953552 1.046875 0.03281249850988388 0.03437500074505806
0 0.4671874940395355 0.987500011920929 0.01875000074505806 0.02500000037252903
0 0.8421875238418579 0.9632812738418579 0.015625 0.0234375
0 0.649218738079071 0.9710937738418579 0.01718750037252903 0.0234375
