0 0.8299999833106995 0.640625 0.07249999791383743 0.20624999701976776
0 0.25062501430511475 0.551562488079071 0.04874999821186066 0.14687499403953552
0 0.36500000953674316 0.40937501192092896 0.027499999850988388 0.10000000149011612
0 0.4025000035762787 0.34687501192092896 0.019999999552965164 0.06875000149011612
0 0.6487500071525574 0.37187498807907104 0.02500000037252903 0.09375
0 0.5699999928474426 0.30937498807907104 0.014999999664723873 0.07500000298023224
0 0.5612499713897705 0.2734375 0.012500000186264515 0.05312500149011612
0 0.9131249785423279 0.328125 0.036249998956918716 0.07500000298023224
0 0.6150000095367432 0.2421875 0.009999999776482582 0.04062499850988388
0 0.4675000011920929 0.2750000059604645 0.012500000186264515 0.05624999850988388
0 0.24312500655651093 0.21718749403953552 0.028750000521540642 0.08437500149011612
0 0.41312500834465027 0.17343750596046448 0.011250000447034836 0.046875
0 0.7237499952316284 0.26249998807907104 0.02250000089406967 0.04374999925494194
0 0.37062498927116394 0.18593749403953552 0.013749999925494194 0.05312500149011612
0 0.5243750214576721 0.2265625 0.008750000037252903 0.03437500074505806
