0 0.184326171875 0.5777994990348816 0.03564453125 0.0709635391831398
0 0.655029296875 0.5221354365348816 0.02685546875 0.0533854179084301
0 0.619384765625 0.4498697817325592 0.01123046875 0.02213541604578495
0 0.39794921875 0.4635416567325592 0.0146484375 0.02734375
0 0.459228515625 0.4365234375 0.00830078125 0.017578125
0 0.455810546875 0.4244791567325592 0.00732421875 0.013020833022892475
0 0.46337890625 0.4195963442325592 0.0048828125 0.011067708022892475
0 0.529052734375 0.4166666567325592 0.00634765625 0.010416666977107525
0 0.51318359375 0.4127604067325592 0.0048828125 0.009114583022892475
0 0.565185546875 0.4287109375 0.00927734375 0.014973958022892475
0 0.451904296875 0.4156900942325592 0.00537109375 0.008463541977107525
0 0.451171875 0.412109375 0.0048828125 0.009114583022892475
0 0.53466796875 0.4085286557674408 0.0048828125 0.0071614584885537624
0 0.45556640625 0.4108072817325592 0.0048828125 0.0065104165114462376
0 0.54833984375 0.40625 0.0048828125 0.0065104165114462376
0 0.57177734375 0.4088541567325592 0.0048828125 0.0065104165114462376
