0 0.4050000309944153 0.2006249874830246 0.03750002384185791 0.04874999448657036
0 0.42375001311302185 0.14750000834465027 0.02500000037252903 0.020000005140900612
0 0.7224999666213989 0.18562500178813934 0.03750000149011612 0.04374999925494194
0 0.38749998807907104 0.12812499701976776 0.009999990463256836 0.01875000074505806
0 0.44312500953674316 0.1262499988079071 0.011250019073486328 0.01749999448657036
0 0.65625 0.14374999701976776 0.0175000187009573 0.02749999798834324
0 0.45375004410743713 0.12187500298023224 0.009999990463256836 0.01625000312924385
0 0.46562498807907104 0.11625000089406967 0.00875000935047865 0.012500000186264515
0 0.628125011920929 0.12812499701976776 0.013749981299042702 0.02124999836087227
0 0.48249998688697815 0.11312500387430191 0.00750002870336175 0.011249994859099388
0 0.5581250190734863 0.08687500655651093 0.016249990090727806 0.01875000074505806
