0 0.127685546875 0.477783203125 0.06591796875 0.07177734375
0 0.781005859375 0.368408203125 0.02392578125 0.03173828125
0 0.27197265625 0.378662109375 0.0234375 0.03759765625
0 0.191162109375 0.360595703125 0.02001953125 0.02685546875
0 0.616455078125 0.34228515625 0.01806640625 0.0234375
0 0.484619140625 0.3310546875 0.01513671875 0.01953125
0 0.282958984375 0.329833984375 0.01123046875 0.01611328125
0 0.17138671875 0.331298828125 0.0107421875 0.01513671875
0 0.39013671875 0.3271484375 0.01171875 0.0185546875
0 0.353271484375 0.306396484375 0.00732421875 0.01025390625
0 0.05810546875 0.35595703125 0.017578125 0.0224609375
0 0.200439453125 0.32080078125 0.01123046875 0.0146484375
0 0.136962890625 0.330810546875 0.01025390625 0.01220703125
0 0.260498046875 0.313720703125 0.00830078125 0.01025390625
0 0.147705078125 0.3203125 0.00634765625 0.009765625
0 0.24072265625 0.311767578125 0.005859375 0.00830078125
0 0.442138671875 0.2998046875 0.00537109375 0.0078125
0 0.34716796875 0.302490234375 0.005859375 0.00732421875
0 0.056396484375 0.330322265625 0.01123046875 0.01123046875
0 0.4306640625 0.29736328125 0.0048828125 0.0068359375
0 0.515380859375 0.29541015625 0.00732421875 0.0078125
