0 0.3356249928474426 0.22874999046325684 0.041249990463256836 0.05249998718500137
0 0.390625 0.18250000476837158 0.021250033751130104 0.03500000387430191
0 0.7518750429153442 0.2381249964237213 0.04374999925494194 0.0637500062584877
0 0.8668750524520874 0.12125001102685928 0.04875002056360245 0.06000000238418579
0 0.6081250309944153 0.16312500834465027 0.01875000074505806 0.03125
0 0.29749998450279236 0.1837500035762787 0.0325000062584877 0.02500000037252903
0 0.4143750071525574 0.15937499701976776 0.016249990090727806 0.026250004768371582
0 0.5800000429153442 0.14624999463558197 0.012500000186264515 0.02500000037252903
0 0.5543749928474426 0.13750000298023224 0.00875000935047865 0.01749999448657036
0 0.5387499928474426 0.13187500834465027 0.00750002870336175 0.016249990090727806
0 0.893750011920929 0.28812500834465027 0.07749996334314346 0.08124999701976776
0 0.4318750500679016 0.13500000536441803 0.013750028796494007 0.022499989718198776
0 0.3499999940395355 0.14874999225139618 0.020000005140900612 0.02749999798834324
0 0.5725000500679016 0.12000000476837158 0.00750002870336175 0.012500000186264515
