0 0.31812500953674316 0.39625000953674316 0.06875000149011612 0.08000002056360245
0 0.4856249690055847 0.3824999928474426 0.053749989718198776 0.059999991208314896
0 0.671875 0.37312501668930054 0.046250008046627045 0.05625002458691597
0 0.8524999618530273 0.3675000071525574 0.04499997943639755 0.05499999597668648
0 0.07187499850988388 0.4425000250339508 0.11874999850988388 0.15000002086162567
0 0.5562499761581421 0.35500001907348633 0.012500000186264515 0.01749999448657036
0 0.39000001549720764 0.36500000953674316 0.012500000186264515 0.020000005140900612
0 0.4337500035762787 0.3568750023841858 0.007499980740249157 0.013750004582107067
0 0.3606249988079071 0.36125001311302185 0.011250019073486328 0.01749999448657036
0 0.21562500298023224 0.3700000047683716 0.013750004582107067 0.019999980926513672
0 0.14000001549720764 0.3725000023841858 0.014999997802078724 0.022500013932585716
0 0.4150000214576721 0.3581250309944153 0.010000037960708141 0.016250014305114746
0 0.5175000429153442 0.35624998807907104 0.012500000186264515 0.01749999448657036
0 0.6162499785423279 0.3525000214576721 0.012500000186264515 0.020000005140900612
0 0.7581250071525574 0.3474999964237213 0.011250019073486328 0.014999985694885254
0 0.9306249618530273 0.34312501549720764 0.016249943524599075 0.01875000074505806
0 0.8075000643730164 0.34562498331069946 0.0150000574067235 0.01875000074505806
0 0.7243750095367432 0.3462499976158142 0.011250019073486328 0.012500000186264515
0 0.2750000059604645 0.3643750250339508 0.009999990463256836 0.016250014305114746
0 0.7699999809265137 0.34375 0.00750002870336175 0.012500000186264515
0 0.8756250143051147 0.34437501430511475 0.013749981299042702 0.01875000074505806
0 0.9893749952316284 0.3425000309944153 0.016250038519501686 0.020000005140900612
0 0.6812499761581421 0.34687501192092896 0.007499980740249157 0.013750004582107067
0 0.824999988079071 0.3425000309944153 0.012500000186264515 0.01749999448657036
0 0.8931249380111694 0.3387500047683716 0.008750056847929955 0.015000009909272194
0 0.9606250524520874 0.3368750214576721 0.013749981299042702 0.016249990090727806
0 0.1525000035762787 0.3681250214576721 0.010000002570450306 0.013750004582107067
0 0.628125011920929 0.34937500953674316 0.00875000935047865 0.013750004582107067
