0 0.2914062440395355 0.33281248807907104 0.03281249850988388 0.046875
0 0.3207031190395355 0.2835937440395355 0.01953125 0.02968749962747097
0 0.9703124761581421 0.48750001192092896 0.05624999850988388 0.12031249701976776
0 0.6722656488418579 0.2855468690395355 0.02734375 0.03515625
0 0.5355468988418579 0.2593750059604645 0.01953125 0.02656250074505806
0 0.240234375 0.265625 0.01171875 0.01718750037252903
0 0.45429688692092896 0.248046875 0.008593750186264515 0.01796874962747097
0 0.25390625 0.24453124403953552 0.0078125 0.012500000186264515
0 0.35468751192092896 0.24453124403953552 0.0078125 0.015625
0 0.14882811903953552 0.259765625 0.008593750186264515 0.014843749813735485
0 0.530468761920929 0.21718749403953552 0.0078125 0.0078125
