0 1.46875 0.6312500238418579 0.05624999850988388 0.08749999850988388
0 0.571093738079071 0.6796875 0.06406249850988388 0.08124999701976776
0 0.567187488079071 0.5992187261581421 0.02812499925494194 0.05156249925494194
0 0.635937511920929 0.633593738079071 0.03125 0.06093750149011612
0 1.1492187976837158 0.5679687261581421 0.0234375 0.04843749850988388
0 0.87890625 0.557812511920929 0.02031249925494194 0.03750000149011612
0 0.612500011920929 0.5570312738418579 0.015625 0.03281249850988388
0 0.37890625 0.58984375 0.02031249925494194 0.02656250074505806
0 0.3960937559604645 0.5609375238418579 0.01406249962747097 0.01875000074505806
0 0.33203125 0.5562499761581421 0.01406249962747097 0.012500000186264515
0 0.24843749403953552 0.577343761920929 0.015625 0.01406249962747097
0 0.28437501192092896 0.58203125 0.015625 0.02031249925494194
0 0.46484375 0.5570312738418579 0.01406249962747097 0.02031249925494194
