0 0.6796875 0.503125011920929 0.06562499701976776 0.09687499701976776
0 0.942187488079071 0.3515625 0.015625 0.02500000037252903
0 1.5617187023162842 0.5718749761581421 0.06406249850988388 0.08749999850988388
0 0.71484375 0.38984376192092896 0.03593749925494194 0.0546875
0 1.192968726158142 0.4140625 0.0390625 0.046875
0 0.7203124761581421 0.3203125 0.015625 0.02500000037252903
0 0.6468750238418579 0.33906251192092896 0.02187499962747097 0.02500000037252903
0 0.9375 0.3335937559604645 0.015625 0.02031249925494194
0 0.8031250238418579 0.31562501192092896 0.015625 0.015625
0 0.971875011920929 0.328125 0.015625 0.02187499962747097
