0 0.6656249761581421 0.582812488079071 0.061250001192092896 0.203125
0 0.5724999904632568 0.4296875 0.03999999910593033 0.140625
0 0.7393749952316284 0.4281249940395355 0.04874999821186066 0.17499999701976776
0 0.6106250286102295 0.4000000059604645 0.03375000134110451 0.125
0 0.06937500089406967 0.6468750238418579 0.08124999701976776 0.23125000298023224
0 0.1393750011920929 0.4937500059604645 0.05624999850988388 0.16249999403953552
0 0.25 0.43281251192092896 0.03999999910593033 0.140625
0 0.5199999809265137 0.31562501192092896 0.027499999850988388 0.09375
0 0.32624998688697815 0.3656249940395355 0.027499999850988388 0.10000000149011612
0 0.36250001192092896 0.2906250059604645 0.02250000089406967 0.07500000298023224
0 0.5681250095367432 0.33281248807907104 0.026249999180436134 0.09062500298023224
0 0.5506250262260437 0.3046875 0.021250000223517418 0.078125
0 0.32749998569488525 0.31562501192092896 0.02500000037252903 0.11249999701976776
0 0.5462499856948853 0.2906250059604645 0.02250000089406967 0.10000000149011612
0 0.625 0.22968749701976776 0.029999999329447746 0.109375
