0 0.96044921875 0.492919921875 0.068359375 0.07763671875
0 0.7978515625 0.40234375 0.0341796875 0.04296875
0 0.43505859375 0.375732421875 0.0244140625 0.03564453125
0 0.486572265625 0.3466796875 0.01806640625 0.025390625
0 0.53271484375 0.3193359375 0.0087890625 0.013671875
0 0.66162109375 0.32568359375 0.009765625 0.0146484375
0 0.645751953125 0.313232421875 0.00732421875 0.01025390625
0 0.8056640625 0.321044921875 0.005859375 0.01220703125
0 0.50927734375 0.331787109375 0.0146484375 0.02001953125
0 0.548095703125 0.30908203125 0.00634765625 0.009765625
0 0.85498046875 0.34228515625 0.015625 0.0224609375
0 0.766845703125 0.30908203125 0.00634765625 0.0087890625
0 0.735595703125 0.30322265625 0.00537109375 0.0068359375
0 0.55517578125 0.3056640625 0.005859375 0.0087890625
0 0.64453125 0.30322265625 0.0048828125 0.005859375
0 0.6572265625 0.300048828125 0.0048828125 0.00537109375
0 0.80615234375 0.304443359375 0.0048828125 0.00634765625
0 0.629638671875 0.30419921875 0.00634765625 0.0078125
0 0.92822265625 0.3173828125 0.0107421875 0.01171875
0 0.919677734375 0.307861328125 0.00634765625 0.00732421875
0 0.912353515625 0.3056640625 0.00634765625 0.005859375
0 0.61962890625 0.3017578125 0.0048828125 0.0048828125
0 0.560546875 0.30322265625 0.0048828125 0.005859375
0 0.564208984375 0.3017578125 0.00537109375 0.005859375
0 0.5673828125 0.300537109375 0.0048828125 0.00537109375
0 0.7880859375 0.3017578125 0.0048828125 0.0048828125
0 0.755859375 0.302734375 0.0048828125 0.0048828125
0 0.83740234375 0.303955078125 0.005859375 0.00537109375
0 0.81640625 0.3037109375 0.0048828125 0.0048828125
