0 0.47929686307907104 0.25468748807907104 0.01171875 0.015625
0 0.33476561307907104 0.29609376192092896 0.02578124962747097 0.03125
0 0.602343738079071 0.27031248807907104 0.01718750037252903 0.02500000037252903
0 0.771484375 0.3125 0.03671874850988388 0.04843749850988388
0 0.23476561903953552 0.3726562559604645 0.05078125 0.0625
0 0.326171875 0.2750000059604645 0.008593750186264515 0.01718750037252903
0 0.22499999403953552 0.2613281309604645 0.0078125 0.01171875
0 0.27851563692092896 0.26289063692092896 0.008593750186264515 0.014843749813735485
0 0.28984373807907104 0.25117188692092896 0.0078125 0.01015624962747097
0 0.3792968690395355 0.25 0.008593750186264515 0.012500000186264515
0 0.21796874701976776 0.25468748807907104 0.0078125 0.00937500037252903
0 0.17031249403953552 0.26249998807907104 0.0078125 0.010937499813735485
0 0.13593749701976776 0.2640624940395355 0.0078125 0.010937499813735485
0 0.12343750149011612 0.26093751192092896 0.0078125 0.00937500037252903
0 0.7203124761581421 0.23789063096046448 0.0078125 0.008593750186264515
0 0.5367187261581421 0.23671874403953552 0.0078125 0.0078125
0 0.484375 0.23593750596046448 0.0078125 0.0078125
0 0.5882812738418579 0.23906250298023224 0.0078125 0.0078125
0 0.6117187738418579 0.23749999701976776 0.0078125 0.0078125
0 0.503125011920929 0.23867186903953552 0.0078125 0.008593750186264515
0 0.07109375298023224 0.27031248807907104 0.0078125 0.010937499813735485
