0 0.6274999976158142 0.1912500113248825 0.0350000374019146 0.050000011920928955
0 0.81187504529953 0.14250001311302185 0.033750008791685104 0.03750000149011612
0 0.21562500298023224 0.35374999046325684 0.09624999761581421 0.08999998867511749
0 0.8831250071525574 0.1756249964237213 0.06124992296099663 0.041249990463256836
0 0.3918750286102295 0.1887499988079071 0.03875000402331352 0.0625
0 0.43562498688697815 0.15062500536441803 0.026250028982758522 0.033750008791685104
0 0.5562499761581421 0.1443749964237213 0.019999980926513672 0.03125
0 0.39625000953674316 0.13500000536441803 0.0175000187009573 0.027500009164214134
0 0.8268750309944153 0.3606249988079071 0.11124996840953827 0.07375001907348633
0 0.4962500035762787 0.1237499937415123 0.012500000186264515 0.02250000275671482
0 0.43937501311302185 0.11562500149011612 0.00875000935047865 0.01875000074505806
0 0.7381250262260437 0.08937500417232513 0.00875000935047865 0.013750004582107067
0 0.628125011920929 0.078125 0.00875000935047865 0.01374999899417162
0 0.8531249761581421 0.09437499940395355 0.013749981299042702 0.01875000074505806
0 0.6856249570846558 0.08687499910593033 0.00875000935047865 0.01374999899417162
