0 0.8203125 1.4874999523162842 0.15937499701976776 0.22187499701976776
0 1.353124976158142 1.1015625 0.046875 0.07500000298023224
0 2.1898436546325684 1.169531226158142 0.07343749701976776 0.11406250298023224
0 1.8820312023162842 1.0265624523162842 0.03593749925494194 0.05312500149011612
0 2.7789063453674316 1.071874976158142 0.04531250149011612 0.06562499701976776
0 1.446874976158142 1.04296875 0.03125 0.0546875
0 1.4968750476837158 1.015625 0.02500000037252903 0.04062499850988388
0 1.786718726158142 0.999218761920929 0.01718750037252903 0.0234375
0 1.774999976158142 0.992968738079071 0.015625 0.02031249925494194
0 1.51953125 1.0007812976837158 0.01718750037252903 0.0234375
0 1.540624976158142 0.9906250238418579 0.015625 0.02187499962747097
0 1.9226562976837158 1.005468726158142 0.0234375 0.02968749962747097
0 1.7421875 0.98046875 0.015625 0.02031249925494194
