0 1.06640625 0.698437511920929 0.05781250074505806 0.078125
0 0.7679687738418579 1.0109374523162842 0.16093750298023224 0.20937499403953552
0 1.7546875476837158 0.6585937738418579 0.05312500149011612 0.07343749701976776
0 2.2132811546325684 0.8984375 0.12968750298023224 0.15312500298023224
0 1.134374976158142 0.614062488079071 0.04062499850988388 0.05312500149011612
0 1.6140625476837158 0.592968761920929 0.03437500074505806 0.05781250074505806
0 1.4296875 0.5484374761581421 0.03125 0.04374999925494194
0 1.3273437023162842 0.538281261920929 0.03281249850988388 0.0390625
0 1.080468773841858 0.5625 0.02656250074505806 0.03125
0 1.1554687023162842 0.5765625238418579 0.04531250149011612 0.04374999925494194
0 0.86328125 0.57421875 0.02656250074505806 0.02656250074505806
0 0.9828125238418579 0.565625011920929 0.02812499925494194 0.03125
0 1.170312523841858 0.535937488079071 0.02500000037252903 0.03750000149011612
0 0.582812488079071 0.5914062261581421 0.01875000074505806 0.02656250074505806
0 1.509374976158142 0.563281238079071 0.02812499925494194 0.03593749925494194
0 0.6015625 0.573437511920929 0.02500000037252903 0.03125
0 0.3335937559604645 0.61328125 0.01718750037252903 0.02656250074505806
