0 0.3368750214576721 0.21625001728534698 0.04874999448657036 0.0625000149011612
0 0.40937501192092896 0.14874999225139618 0.028750013560056686 0.044999994337558746
0 0.574999988079071 0.15000000596046448 0.022499989718198776 0.03500000387430191
0 0.5300000309944153 0.12375000864267349 0.015000009909272194 0.02500000037252903
0 0.6493750214576721 0.21124999225139618 0.05124998092651367 0.062499988824129105
0 0.7518750429153442 0.140625 0.03874998167157173 0.02875000238418579
0 0.7212499976158142 0.12062499672174454 0.022500038146972656 0.02875000238418579
0 0.484375 0.1106250062584877 0.016249990090727806 0.02124999836087227
0 0.43562498688697815 0.12999999523162842 0.021250009536743164 0.02749999798834324
0 0.7887499928474426 0.08937500417232513 0.00750002870336175 0.013750004582107067
0 0.699999988079071 0.08437500149011612 0.007499980740249157 0.01125000137835741
0 0.7518750429153442 0.08187500387430191 0.00875000935047865 0.01125000137835741
0 0.6574999690055847 0.08312500268220901 0.00750002870336175 0.011249994859099388
0 0.6018750071525574 0.07562500238418579 0.011250019073486328 0.01374999899417162
0 0.4350000023841858 0.1106250062584877 0.012500000186264515 0.02124999836087227
0 0.40187501907348633 0.10312499850988388 0.011250019073486328 0.0162500087171793
0 0.6868749856948853 0.09187500178813934 0.008749961853027344 0.01125000137835741
0 0.6368750333786011 0.08187500387430191 0.011250019073486328 0.01625000312924385
0 0.3231250047683716 0.09937500208616257 0.00875000935047865 0.01625000312924385
