0 0.266357421875 0.5677083134651184 0.04638671875 0.078125
0 0.589599609375 0.4602864682674408 0.01708984375 0.02994791604578495
0 0.403076171875 0.4664713442325592 0.01708984375 0.0319010429084301
0 0.667236328125 0.5367838740348816 0.03466796875 0.0618489570915699
0 0.56494140625 0.4401041567325592 0.0107421875 0.02083333395421505
0 0.453125 0.4332682192325592 0.01171875 0.02018229104578495
0 0.46826171875 0.4283854067325592 0.0068359375 0.013020833022892475
0 0.55224609375 0.4319661557674408 0.0078125 0.01627604104578495
0 0.320068359375 0.4430338442325592 0.01123046875 0.02018229104578495
0 0.26318359375 0.427734375 0.0048828125 0.009114583022892475
0 0.3056640625 0.4342447817325592 0.0068359375 0.013020833022892475
0 0.39794921875 0.427734375 0.0068359375 0.01171875
0 0.485107421875 0.4228515625 0.00537109375 0.009765625
0 0.2490234375 0.4244791567325592 0.0048828125 0.009114583022892475
0 0.103515625 0.4459635317325592 0.009765625 0.014322916977107525
0 0.1357421875 0.439453125 0.0078125 0.013020833022892475
0 0.130126953125 0.4326171875 0.00537109375 0.009765625
0 0.048828125 0.4423828125 0.0078125 0.013671875
0 0.32275390625 0.4215494692325592 0.0048828125 0.008463541977107525
0 0.18310546875 0.4339192807674408 0.0068359375 0.011067708022892475
0 0.40625 0.4212239682674408 0.0048828125 0.009114583022892475
0 0.375 0.4173177182674408 0.0048828125 0.0078125
0 0.538818359375 0.4225260317325592 0.00537109375 0.010416666977107525
0 0.53369140625 0.419921875 0.0048828125 0.010416666977107525
0 0.2763671875 0.4208984375 0.0048828125 0.008463541977107525
0 0.31005859375 0.4176432192325592 0.0048828125 0.0071614584885537624
0 0.416015625 0.4124349057674408 0.0048828125 0.008463541977107525
0 0.2255859375 0.4205729067325592 0.005859375 0.009114583022892475
0 0.2890625 0.4127604067325592 0.0048828125 0.0065104165114462376
