0 0.8662109375 0.6458333134651184 0.064453125 0.11328125
0 0.534423828125 0.4807942807674408 0.02783203125 0.044921875
0 0.21728515625 0.5126953125 0.0224609375 0.0436197929084301
0 0.27685546875 0.4645182192325592 0.0146484375 0.02669270895421505
0 0.45947265625 0.4498697817325592 0.01171875 0.02604166604578495
0 0.422119140625 0.4332682192325592 0.00732421875 0.01627604104578495
0 0.298095703125 0.4475911557674408 0.00830078125 0.01627604104578495
0 0.40673828125 0.4264322817325592 0.0078125 0.015625
0 0.311767578125 0.4329427182674408 0.00634765625 0.013020833022892475
0 0.392822265625 0.4205729067325592 0.00537109375 0.010416666977107525
0 0.387939453125 0.4169921875 0.00537109375 0.009765625
0 0.32421875 0.4222005307674408 0.0048828125 0.008463541977107525
0 0.3193359375 0.4261067807674408 0.0048828125 0.009765625
0 0.32763671875 0.4195963442325592 0.0048828125 0.0071614584885537624
0 0.38232421875 0.4153645932674408 0.0048828125 0.009114583022892475
