0 0.1953125 0.35234373807907104 0.0546875 0.06562499701976776
0 0.34648436307907104 0.2906250059604645 0.014843749813735485 0.02812499925494194
0 0.40937501192092896 0.2710937559604645 0.010937499813735485 0.0234375
0 0.6234375238418579 0.29609376192092896 0.015625 0.03125
0 0.585156261920929 0.2730468809604645 0.010937499813735485 0.02109375037252903
0 0.4632812440395355 0.25703126192092896 0.0078125 0.010937499813735485
0 0.37031251192092896 0.25390625 0.0078125 0.010937499813735485
0 0.296875 0.2593750059604645 0.0078125 0.012500000186264515
0 0.538281261920929 0.2621093690395355 0.010937499813735485 0.014843749813735485
0 0.37773436307907104 0.26249998807907104 0.008593750186264515 0.01406249962747097
0 0.768359363079071 0.35820311307907104 0.03203124925494194 0.06796874850988388
