0 0.6012499928474426 0.44679054617881775 0.03500000014901161 0.048986487090587616
0 0.19625000655651093 0.4543918967247009 0.027499999850988388 0.05067567527294159
0 0.5587499737739563 0.40625 0.019999999552965164 0.042229730635881424
0 0.26875001192092896 0.3859797418117523 0.014999999664723873 0.02871621586382389
0 0.07000000029802322 0.5396959185600281 0.05249999836087227 0.08614864945411682
0 0.2306250035762787 0.4248310923576355 0.01875000074505806 0.03885135054588318
0 0.5093749761581421 0.3944256901741028 0.013749999925494194 0.02871621586382389
0 0.3787499964237213 0.3885135054588318 0.012500000186264515 0.02364864945411682
0 0.125 0.42145270109176636 0.019999999552965164 0.042229730635881424
0 0.15812499821186066 0.3859797418117523 0.01875000074505806 0.03209459409117699
