0 0.706250011920929 1.0359375476837158 0.15312500298023224 0.22499999403953552
0 1.083593726158142 0.6976562738418579 0.06093750149011612 0.09218750149011612
0 1.466406226158142 0.578125 0.02968749962747097 0.04374999925494194
0 2.331249952316284 0.956250011920929 0.125 0.16562500596046448
0 1.828125 0.6499999761581421 0.046875 0.05937499925494194
0 0.979687511920929 0.6015625 0.03437500074505806 0.04374999925494194
0 0.971875011920929 0.559374988079071 0.02187499962747097 0.03125
0 0.91796875 0.539843738079071 0.02031249925494194 0.02968749962747097
0 0.8609374761581421 0.53515625 0.01875000074505806 0.02656250074505806
0 1.0546875 0.5218750238418579 0.015625 0.02187499962747097
0 1.142187476158142 0.5289062261581421 0.015625 0.0234375
0 1.2765624523162842 0.543749988079071 0.03437500074505806 0.03437500074505806
