0 0.19687500596046448 1.002343773841858 0.17499999701976776 0.20781250298023224
0 1.841406226158142 0.717968761920929 0.0859375 0.14218750596046448
0 0.534375011920929 0.69140625 0.05312500149011612 0.07968749850988388
0 0.557812511920929 0.5765625238418579 0.02812499925494194 0.04062499850988388
0 0.8843749761581421 0.5257812738418579 0.02500000037252903 0.04531250149011612
0 0.3539062440395355 0.5570312738418579 0.02031249925494194 0.03593749925494194
0 0.667187511920929 0.51953125 0.02187499962747097 0.0390625
0 1.193750023841858 0.561718761920929 0.03750000149011612 0.05156249925494194
0 0.46562498807907104 0.5570312738418579 0.02187499962747097 0.03281249850988388
0 0.5062500238418579 0.5296875238418579 0.015625 0.01875000074505806
0 0.15859374403953552 0.57421875 0.01718750037252903 0.0234375
0 1.4812500476837158 0.48515623807907104 0.015625 0.0234375
0 1.8312499523162842 0.49687498807907104 0.03437500074505806 0.03750000149011612
0 1.0546875 0.47968751192092896 0.015625 0.02500000037252903
0 0.28984373807907104 0.5625 0.01718750037252903 0.02187499962747097
0 0.3046875 0.546093761920929 0.015625 0.01718750037252903
