0 2.18359375 1.248437523841858 0.1015625 0.13437500596046448
0 1.892187476158142 1.083593726158142 0.05312500149011612 0.0703125
0 1.7765624523162842 1.021093726158142 0.03437500074505806 0.04531250149011612
0 0.87890625 1.282812476158142 0.1015625 0.140625
0 0.792187511920929 1.18359375 0.07187499850988388 0.10781250149011612
0 1.328125 1.041406273841858 0.04062499850988388 0.0546875
0 1.404687523841858 0.9937499761581421 0.02500000037252903 0.03437500074505806
0 1.435937523841858 0.979687511920929 0.02187499962747097 0.03125
0 1.2312500476837158 1.091406226158142 0.046875 0.0703125
0 1.115625023841858 1.015625 0.03125 0.04374999925494194
0 0.7359374761581421 1.068750023841858 0.04374999925494194 0.05624999850988388
0 1.7390625476837158 0.996874988079071 0.02500000037252903 0.03437500074505806
0 1.7039062976837158 0.977343738079071 0.02031249925494194 0.03281249850988388
0 1.6765625476837158 0.965624988079071 0.015625 0.02500000037252903
0 0.885937511920929 0.979687511920929 0.02187499962747097 0.02812499925494194
0 0.8656250238418579 0.961718738079071 0.01875000074505806 0.0234375
0 1.3640625476837158 0.9671875238418579 0.015625 0.02500000037252903
0 0.09062500298023224 1.024999976158142 0.04374999925494194 0.04374999925494194
0 0.46015626192092896 0.987500011920929 0.02656250074505806 0.03125
0 0.5546875 1.0031249523162842 0.02812499925494194 0.03750000149011612
0 0.41015625 0.975781261920929 0.02031249925494194 0.02968749962747097
0 1.4734375476837158 0.9546874761581421 0.015625 0.01875000074505806
0 1.498437523841858 0.9468749761581421 0.015625 0.015625
0 0.6031249761581421 0.973437488079071 0.02500000037252903 0.02500000037252903
0 0.5328124761581421 0.965624988079071 0.01875000074505806 0.02187499962747097
