0 0.41552734375 0.366943359375 0.0224609375 0.03466796875
0 0.69287109375 0.356201171875 0.0224609375 0.02880859375
0 0.1455078125 0.60205078125 0.0830078125 0.134765625
0 0.646728515625 0.32861328125 0.01416015625 0.0205078125
0 0.509033203125 0.308349609375 0.00927734375 0.01318359375
0 0.463134765625 0.331298828125 0.01416015625 0.02001953125
0 0.727783203125 0.32666015625 0.01318359375 0.015625
0 0.66748046875 0.31298828125 0.009765625 0.01171875
0 0.710205078125 0.30126953125 0.00634765625 0.0087890625
0 0.62109375 0.30029296875 0.0068359375 0.009765625
0 0.723388671875 0.31103515625 0.01123046875 0.0126953125
0 0.789794921875 0.31982421875 0.01025390625 0.013671875
0 0.55419921875 0.302978515625 0.0078125 0.01025390625
0 0.778076171875 0.310302734375 0.00830078125 0.01123046875
0 0.769287109375 0.30322265625 0.00830078125 0.009765625
0 0.986572265625 0.318603515625 0.01318359375 0.02197265625
0 0.87060546875 0.315185546875 0.01171875 0.01220703125
0 0.844970703125 0.306640625 0.00732421875 0.009765625
