0 0.8006250262260437 0.5278716087341309 0.051249999552965164 0.07939188927412033
0 0.7268750071525574 0.4679054021835327 0.036249998956918716 0.06081081181764603
0 0.2018750011920929 0.5143581032752991 0.038750000298023224 0.06925676017999649
0 0.5331249833106995 0.42905405163764954 0.013749999925494194 0.04054053872823715
0 0.3700000047683716 0.4577702581882477 0.019999999552965164 0.04729729890823364
0 0.78125 0.43412160873413086 0.02500000037252903 0.0439189188182354
0 0.8987500071525574 0.4130067527294159 0.017500000074505806 0.03885135054588318
0 0.6449999809265137 0.40371620655059814 0.012500000186264515 0.027027027681469917
0 0.6262500286102295 0.4130067527294159 0.014999999664723873 0.03209459409117699
0 0.4724999964237213 0.39695945382118225 0.009999999776482582 0.01689189113676548
0 0.7162500023841858 0.39104729890823364 0.009999999776482582 0.025337837636470795
0 0.5881249904632568 0.3994932472705841 0.008750000037252903 0.025337837636470795
0 0.5356249809265137 0.4003378450870514 0.013749999925494194 0.030405405908823013
0 0.35624998807907104 0.4011824429035187 0.012500000186264515 0.0219594594091177
0 0.8131250143051147 0.39695945382118225 0.016249999403953552 0.03378378227353096
0 0.28437501192092896 0.39780405163764954 0.011250000447034836 0.0219594594091177
0 0.13750000298023224 0.3994932472705841 0.012500000186264515 0.0219594594091177
0 0.04625000059604645 0.4011824429035187 0.009999999776482582 0.018581081181764603
