0 0.5919271111488342 0.37453705072402954 0.015104166232049465 0.03981481492519379
0 0.20807291567325592 0.529629647731781 0.03281249850988388 0.08888889104127884
0 0.35494792461395264 0.37546294927597046 0.01614583283662796 0.03981481492519379
0 0.3713541626930237 0.35740742087364197 0.012500000186264515 0.03333333507180214
0 0.7015625238418579 0.49537035822868347 0.02812499925494194 0.07962962985038757
0 0.3388020694255829 0.3444444537162781 0.00989583320915699 0.031481482088565826
0 0.5403645634651184 0.3421296179294586 0.01197916641831398 0.03055555559694767
0 0.4911458194255829 0.3194444477558136 0.008333333767950535 0.020370369777083397
0 0.29296875 0.3462963104248047 0.01197916641831398 0.029629629105329514
0 0.23880209028720856 0.34768518805503845 0.010937499813735485 0.026851851493120193
0 0.27421873807907104 0.31296294927597046 0.00572916679084301 0.018518518656492233
0 0.67578125 0.31203705072402954 0.0078125 0.025925925001502037
0 0.5562499761581421 0.28796297311782837 0.0052083334885537624 0.014814814552664757
0 0.5994791388511658 0.2916666567325592 0.0052083334885537624 0.014814814552664757
0 0.11953125149011612 0.35555556416511536 0.00989583320915699 0.024074073880910873
0 0.6955729126930237 0.3254629671573639 0.008854166604578495 0.01944444514811039
0 0.01822916604578495 0.3731481432914734 0.0072916666977107525 0.024074073880910873
0 0.15859374403953552 0.3314814865589142 0.0078125 0.018518518656492233
0 0.4140625 0.3115740716457367 0.008333333767950535 0.021296296268701553
0 0.046875 0.3481481373310089 0.0072916666977107525 0.018518518656492233
0 0.565625011920929 0.2953703701496124 0.0052083334885537624 0.018518518656492233
0 0.6583333611488342 0.3087962865829468 0.00937500037252903 0.01944444514811039
0 0.6385416388511658 0.29398149251937866 0.0062500000931322575 0.021296296268701553
0 0.7309895753860474 0.3097222149372101 0.008854166604578495 0.017592592164874077
