0 0.380615234375 0.373291015625 0.02783203125 0.02685546875
0 0.412841796875 0.345947265625 0.02197265625 0.03662109375
0 0.6640625 0.36376953125 0.0224609375 0.0283203125
0 0.631591796875 0.34521484375 0.01416015625 0.041015625
0 0.568359375 0.32373046875 0.0146484375 0.0146484375
0 0.615478515625 0.338134765625 0.01806640625 0.03173828125
0 0.422119140625 0.337646484375 0.01904296875 0.03662109375
0 0.44140625 0.32470703125 0.009765625 0.0146484375
0 0.43603515625 0.333984375 0.01171875 0.017578125
0 0.587890625 0.33251953125 0.015625 0.0185546875
0 0.45263671875 0.3193359375 0.0078125 0.01171875
