0 1.911718726158142 0.609375 0.0390625 0.05312500149011612
0 1.8742187023162842 0.5367187261581421 0.0234375 0.04843749850988388
0 1.842187523841858 0.52734375 0.01875000074505806 0.0234375
0 2.0859375 0.546093761920929 0.015625 0.0234375
0 1.1179687976837158 0.58203125 0.0390625 0.0546875
0 1.263281226158142 0.5234375 0.02031249925494194 0.03437500074505806
0 1.5929687023162842 0.510937511920929 0.01406249962747097 0.02187499962747097
0 2.172656297683716 0.56640625 0.02656250074505806 0.04843749850988388
0 1.7781250476837158 0.534375011920929 0.015625 0.02812499925494194
0 0.11953125149011612 0.604687511920929 0.02968749962747097 0.03125
0 0.3343749940395355 0.6039062738418579 0.03125 0.04218750074505806
0 0.7796875238418579 0.526562511920929 0.01875000074505806 0.02500000037252903
0 1.127343773841858 0.5101562738418579 0.01718750037252903 0.0234375
0 0.9359375238418579 0.512499988079071 0.02187499962747097 0.03125
0 0.28515625 0.5687500238418579 0.02031249925494194 0.03125
0 0.47265625 0.5390625 0.01406249962747097 0.02187499962747097
0 1.235937476158142 0.510937511920929 0.01875000074505806 0.02187499962747097
0 1.8093750476837158 0.4976562559604645 0.015625 0.02031249925494194
0 1.9343750476837158 0.503125011920929 0.015625 0.015625
0 1.0281250476837158 0.49609375 0.015625 0.01406249962747097
0 1.2960937023162842 0.49609375 0.01406249962747097 0.01718750037252903
0 2.05859375 0.512499988079071 0.01406249962747097 0.015625
0 1.670312523841858 0.4945312440395355 0.015625 0.01406249962747097
0 0.901562511920929 0.4921875 0.015625 0.015625
