0 0.7987500429153442 0.24124999344348907 0.0625 0.07000000774860382
0 0.3837500214576721 0.18187502026557922 0.0325000062584877 0.043750010430812836
0 0.5481250286102295 0.1393750011920929 0.01875000074505806 0.026249993592500687
0 0.42375001311302185 0.1275000125169754 0.015000009909272194 0.019999992102384567
0 0.4918749928474426 0.11687500774860382 0.00875000935047865 0.013750004582107067
0 0.6887499690055847 0.08937500417232513 0.020000029355287552 0.02124999836087227
0 0.4312500059604645 0.10499999672174454 0.007499980740249157 0.010000002570450306
0 0.5800000429153442 0.09125000238418579 0.012500000186264515 0.010000002570450306
0 0.4162500500679016 0.11499999463558197 0.00750002870336175 0.012500000186264515
0 0.38875001668930054 0.10437500476837158 0.015000009909272194 0.013750004582107067
