0 0.18710938096046448 0.6923611164093018 0.04609375074505806 0.12638889253139496
0 0.4742187559604645 0.49791666865348816 0.01406249962747097 0.04027777910232544
0 0.35429686307907104 0.4895833432674408 0.01015624962747097 0.02916666679084301
0 0.265625 0.5881944298744202 0.02187499962747097 0.05972222238779068
0 0.2523437440395355 0.5395833253860474 0.01875000074505806 0.04305555671453476
0 0.158203125 0.5243055820465088 0.01171875 0.03194444626569748
0 0.22187499701976776 0.518750011920929 0.010937499813735485 0.03194444626569748
0 0.10273437201976776 0.5298610925674438 0.008593750186264515 0.02638888917863369
0 0.31132811307907104 0.4861111044883728 0.008593750186264515 0.02500000037252903
0 0.08984375 0.5215277671813965 0.0078125 0.02361111156642437
