0 0.641406238079071 0.6070312261581421 0.0390625 0.05781250074505806
0 1.028906226158142 0.52734375 0.02968749962747097 0.04218750074505806
0 0.609375 0.577343761920929 0.02812499925494194 0.04218750074505806
0 0.12812499701976776 0.6617187261581421 0.03125 0.04843749850988388
0 0.952343761920929 0.518750011920929 0.02656250074505806 0.03750000149011612
0 0.875781238079071 0.510937511920929 0.0234375 0.03750000149011612
0 0.5796874761581421 0.5625 0.02187499962747097 0.03750000149011612
0 0.05546874925494194 0.707812488079071 0.04531250149011612 0.078125
0 1.274999976158142 0.48515623807907104 0.02187499962747097 0.03593749925494194
0 0.19062499701976776 0.6304687261581421 0.02812499925494194 0.04218750074505806
0 1.40625 0.46406251192092896 0.02187499962747097 0.02812499925494194
0 1.5203125476837158 0.46484375 0.02187499962747097 0.03281249850988388
0 1.2234375476837158 0.46562498807907104 0.015625 0.02500000037252903
0 1.310937523841858 0.46406251192092896 0.015625 0.02812499925494194
0 1.1765625476837158 0.484375 0.02187499962747097 0.03125
0 1.1062500476837158 0.4820312559604645 0.01875000074505806 0.02656250074505806
0 0.24062499403953552 0.602343738079071 0.02187499962747097 0.03281249850988388
0 0.2640624940395355 0.589062511920929 0.01875000074505806 0.03125
0 0.2874999940395355 0.578125 0.015625 0.02812499925494194
0 1.876562476158142 0.4820312559604645 0.03750000149011612 0.04218750074505806
0 1.662500023841858 0.46875 0.02187499962747097 0.03437500074505806
0 0.6390625238418579 0.51953125 0.015625 0.0234375
0 0.784375011920929 0.5054687261581421 0.015625 0.02968749962747097
0 1.032812476158142 0.47968751192092896 0.015625 0.02812499925494194
