0 0.2199999988079071 0.17499999701976776 0.04750000312924385 0.06750001013278961
0 0.06187499687075615 0.15062500536441803 0.038750000298023224 0.05875001102685928
0 0.12937501072883606 0.10187499225139618 0.026250004768371582 0.03374999761581421
0 0.6350000500679016 0.2487500011920929 0.07000003010034561 0.10249999910593033
0 0.8456250429153442 0.08500000089406967 0.026250075548887253 0.03750000149011612
0 0.46875 0.10625000298023224 0.03750000149011612 0.027500003576278687
0 0.6775000095367432 0.0793750062584877 0.02500000037252903 0.033750005066394806
0 0.7556250095367432 0.06812499463558197 0.021249961107969284 0.028749996796250343
0 0.14812500774860382 0.08250000327825546 0.01625000312924385 0.022499997168779373
0 0.8700000047683716 0.06937500089406967 0.02500000037252903 0.03125
0 0.24062499403953552 0.08812500536441803 0.021250009536743164 0.03125
0 0.020625000819563866 0.0925000011920929 0.01875000074505806 0.02749999798834324
0 0.6262499690055847 0.07124999910593033 0.022499989718198776 0.027500003576278687
0 0.45749998092651367 0.06750000268220901 0.015000009909272194 0.020000005140900612
0 0.4943750500679016 0.07999999821186066 0.016249990090727806 0.0325000062584877
0 0.4256249964237213 0.07312500476837158 0.01875000074505806 0.021250003948807716
0 0.37062501907348633 0.06187499687075615 0.008749986067414284 0.016249995678663254
0 0.7081249952316284 0.05562499910593033 0.00875000935047865 0.016249999403953552
0 0.5337499976158142 0.06312499940395355 0.012500000186264515 0.01625000312924385
0 0.5843750238418579 0.05937499925494194 0.011250019073486328 0.01625000312924385
0 0.20875000953674316 0.06937500089406967 0.009999990463256836 0.01374999899417162
0 0.05750000476837158 0.08062499761581421 0.015000003390014172 0.023750001564621925
0 0.1118750125169754 0.07000000774860382 0.00874999724328518 0.015000003390014172
0 0.25187501311302185 0.08312500268220901 0.016250014305114746 0.023749995976686478
0 0.6899999976158142 0.05562499910593033 0.010000037960708141 0.016249999403953552
0 0.8018749952316284 0.058125000447034836 0.013750028796494007 0.021250000223517418
0 0.9462499618530273 0.054375000298023224 0.00999994296580553 0.016249999403953552
0 0.5762499570846558 0.06687500327825546 0.015000009909272194 0.01374999899417162
0 0.2787500023841858 0.06937500089406967 0.012500000186264515 0.01875000074505806
0 0.3618749976158142 0.06312499940395355 0.00875000935047865 0.01625000312924385
0 0.07000000774860382 0.07562500238418579 0.015000003390014172 0.02124999836087227
0 0.8475000262260437 0.05249999836087227 0.012500000186264515 0.017500001937150955
