0 0.0390625 0.4169270992279053 0.06145833805203438 0.09739582240581512
0 0.4749999940395355 0.2317708432674408 0.023958349600434303 0.030208325013518333
0 0.5669270753860474 0.21718749403953552 0.01718750037252903 0.01875000074505806
0 0.8343750238418579 0.25833335518836975 0.014583301730453968 0.02187499962747097
0 0.9736979603767395 0.4307292103767395 0.046354103833436966 0.07604165375232697
0 0.6755208373069763 0.21276041865348816 0.010416698642075062 0.01406249962747097
0 0.2223958522081375 0.21562500298023224 0.017708325758576393 0.023958325386047363
0 0.8091146349906921 0.23515625298023224 0.011979198083281517 0.01406249962747097
0 0.7007812261581421 0.20781250298023224 0.008854150772094727 0.00937500037252903
0 0.714062511920929 0.20468750596046448 0.007291650865226984 0.008333325386047363
0 0.8072916865348816 0.22343750298023224 0.012500000186264515 0.016666674986481667
0 0.7213541865348816 0.19921875 0.008333349600434303 0.0078125
0 0.655468761920929 0.1875 0.0078125 0.008333337493240833
