0 0.3725000023841858 0.17499999701976776 0.02500000037252903 0.04249999672174454
0 0.38749998807907104 0.1381250023841858 0.015000009909272194 0.023749995976686478
0 0.6037500500679016 0.13312499225139618 0.020000029355287552 0.02875000238418579
0 0.34187501668930054 0.1237499937415123 0.011250019073486328 0.017500007525086403
0 0.9581249952316284 0.25562500953674316 0.0587499625980854 0.07625000178813934
0 0.6675000190734863 0.14937499165534973 0.022499989718198776 0.03125
0 0.2175000160932541 0.14000001549720764 0.01749999448657036 0.02250000275671482
0 0.5162500143051147 0.11749999225139618 0.009999990463256836 0.017500007525086403
0 0.4462500214576721 0.11375000327825546 0.010000037960708141 0.014999997802078724
0 0.08437500149011612 0.14124999940395355 0.01625000312924385 0.020000005140900612
0 0.34937500953674316 0.11499999463558197 0.00875000935047865 0.012500000186264515
0 0.53125 0.1081249937415123 0.007499980740249157 0.011250006966292858
0 0.13437500596046448 0.11937500536441803 0.011249994859099388 0.013750004582107067
0 0.42875003814697266 0.10625000298023224 0.00750002870336175 0.010000002570450306
