0 0.33125001192092896 0.373046875 0.03281249850988388 0.06171875074505806
0 0.868359386920929 0.3375000059604645 0.02734375 0.046875
0 0.70703125 0.26953125 0.015625 0.0234375
0 0.474609375 0.26953125 0.01171875 0.0234375
0 0.533984363079071 0.2523437440395355 0.008593750186264515 0.01406249962747097
0 0.6292968988418579 0.24179688096046448 0.008593750186264515 0.01171875
0 0.725781261920929 0.24882812798023224 0.0078125 0.01328125037252903
0 0.8570312261581421 0.24453124403953552 0.0078125 0.010937499813735485
0 0.940625011920929 0.24609375 0.0078125 0.00937500037252903
0 0.788281261920929 0.24453124403953552 0.0078125 0.010937499813735485
0 0.7171875238418579 0.23867186903953552 0.00937500037252903 0.01015624962747097
0 0.8062499761581421 0.236328125 0.0078125 0.008593750186264515
