0 0.67578125 0.4507812559604645 0.0390625 0.0546875
0 0.2734375 0.538281261920929 0.07187499850988388 0.09531249850988388
0 0.7578125 0.38984376192092896 0.02187499962747097 0.02968749962747097
0 0.84375 0.4140625 0.02812499925494194 0.04062499850988388
0 1.22265625 0.4703125059604645 0.04843749850988388 0.06875000149011612
0 1.1453125476837158 0.3882812559604645 0.03125 0.0390625
0 0.862500011920929 0.4007812440395355 0.03125 0.04218750074505806
0 0.663281261920929 0.3804687559604645 0.02031249925494194 0.02656250074505806
0 0.953906238079071 0.3765625059604645 0.0234375 0.02812499925494194
0 0.26875001192092896 0.375 0.015625 0.02187499962747097
0 0.36796873807907104 0.38203126192092896 0.01718750037252903 0.0234375
0 0.11328125 0.38203126192092896 0.01718750037252903 0.0234375
0 0.5625 0.375 0.015625 0.02187499962747097
0 0.749218761920929 0.37109375 0.01406249962747097 0.02031249925494194
0 0.04296875 0.375 0.01406249962747097 0.01875000074505806
