0 0.923828125 0.4124999940395355 0.05390625074505806 0.07500000298023224
0 0.09296874701976776 0.48750001192092896 0.078125 0.1015625
0 0.4039062559604645 0.29374998807907104 0.03125 0.03437500074505806
0 0.763671875 0.31562501192092896 0.02734375 0.03750000149011612
0 0.5160156488418579 0.25468748807907104 0.01171875 0.02031249925494194
0 0.67578125 0.26171875 0.01406249962747097 0.02031249925494194
0 0.7085937261581421 0.234375 0.0078125 0.012500000186264515
0 0.6304687261581421 0.23320312798023224 0.0078125 0.008593750186264515
0 0.690625011920929 0.24531249701976776 0.0078125 0.012500000186264515
0 0.7281249761581421 0.22968749701976776 0.0078125 0.0078125
0 0.6703125238418579 0.22734375298023224 0.0078125 0.0078125
0 0.5914062261581421 0.24296875298023224 0.0078125 0.012500000186264515
