0 0.632031261920929 1.62890625 0.22343750298023224 0.2734375
0 1.314843773841858 1.1414062976837158 0.0703125 0.08906249701976776
0 1.666406273841858 1.0671875476837158 0.03281249850988388 0.05312500149011612
0 2.358593702316284 1.162500023841858 0.05781250074505806 0.08437500149011612
0 2.4859375953674316 1.095312476158142 0.046875 0.05937499925494194
0 2.0210938453674316 1.040624976158142 0.02968749962747097 0.04062499850988388
0 3.12890625 1.5499999523162842 0.13593749701976776 0.23749999701976776
0 2.6195311546325684 1.041406273841858 0.03281249850988388 0.04218750074505806
0 2.4203124046325684 1.0421874523162842 0.04374999925494194 0.046875
0 2.79296875 1.044531226158142 0.03593749925494194 0.0390625
0 2.9296875 1.1046874523162842 0.05000000074505806 0.05937499925494194
