0 0.85833340883255 0.2684895992279053 0.03645830228924751 0.05781250074505806
0 0.22421875596046448 0.2669270932674408 0.022395825013518333 0.03593749925494194
0 0.3036458492279053 0.22812500596046448 0.014583325013518333 0.022916674613952637
0 0.2653645873069763 0.2200520932674408 0.011979174800217152 0.018229175359010696
0 0.1705729216337204 0.22369793057441711 0.010937499813735485 0.016145849600434303
0 0.7549479603767395 0.25859373807907104 0.02656250074505806 0.033854175359010696
0 0.7708333730697632 0.22317710518836975 0.015625 0.024479174986481667
0 0.5963541865348816 0.20703125 0.014583349227905273 0.02031249925494194
0 0.06197916716337204 0.24140624701976776 0.012500000186264515 0.02031249925494194
0 0.9351562261581421 0.23880210518836975 0.016145801171660423 0.022395825013518333
0 0.78515625 0.19192709028720856 0.008854150772094727 0.010937499813735485
