0 0.3333333432674408 0.2679687440395355 0.03229167312383652 0.04218750074505806
0 0.53515625 0.22682292759418488 0.0234375 0.02656250074505806
0 0.5513020753860474 0.21901042759418488 0.016145801171660423 0.0234375
0 0.8005208969116211 0.2447916716337204 0.01562504842877388 0.023958349600434303
0 0.5606771111488342 0.19322916865348816 0.010937499813735485 0.013541663065552711
0 0.7085937261581421 0.2044270932674408 0.009895849041640759 0.011979174800217152
0 0.5638021230697632 0.18281249701976776 0.0078125 0.011458337306976318
0 0.5367187261581421 0.17578125 0.0057291509583592415 0.0078125
0 0.4697917103767395 0.17031249403953552 0.005208349321037531 0.005208337213844061
0 0.65625 0.18645833432674408 0.005208349321037531 0.007291674613952637
0 0.6057292222976685 0.17734375596046448 0.005208349321037531 0.005729162599891424
0 0.3921875059604645 0.16770833730697632 0.005208325572311878 0.005208325572311878
0 0.4166666865348816 0.16614583134651184 0.005208349321037531 0.005208325572311878
0 0.34427085518836975 0.16562500596046448 0.005208325572311878 0.005208337213844061
