0 0.20624999701976776 0.864062488079071 0.10999999940395355 0.2593750059604645
0 0.6974999904632568 0.4390625059604645 0.03750000149011612 0.12187500298023224
0 0.3568750023841858 0.484375 0.04125000163912773 0.13124999403953552
0 0.4950000047683716 0.34843748807907104 0.027499999850988388 0.09687499701976776
0 0.8287500143051147 0.17812499403953552 0.04749999940395355 0.16249999403953552
0 0.5556250214576721 0.3140625059604645 0.021250000223517418 0.078125
0 0.699999988079071 0.2828125059604645 0.019999999552965164 0.05937499925494194
0 0.621874988079071 0.30156248807907104 0.021250000223517418 0.078125
0 0.6868749856948853 0.16249999403953552 0.013749999925494194 0.05000000074505806
0 0.949999988079071 0.22343750298023224 0.007499999832361937 0.03437500074505806
0 0.7562500238418579 0.2718749940395355 0.017500000074505806 0.05624999850988388
0 0.9006249904632568 0.932812511920929 0.08124999701976776 0.12812499701976776
0 0.9225000143051147 0.23749999701976776 0.009999999776482582 0.03750000149011612
