0 1.072656273841858 0.31953126192092896 0.10468749701976776 0.12656250596046448
0 0.862500011920929 0.25 0.06562499701976776 0.09062500298023224
0 0.47734373807907104 0.4203124940395355 0.12031249701976776 0.15312500298023224
0 0.5453125238418579 0.20390625298023224 0.046875 0.06718750298023224
0 0.5874999761581421 0.16562500596046448 0.03437500074505806 0.05312500149011612
0 0.6156250238418579 0.14453125 0.03125 0.04531250149011612
0 0.6937500238418579 0.13671875 0.03125 0.04531250149011612
0 0.7992187738418579 0.11953125149011612 0.02656250074505806 0.04218750074505806
0 0.770312488079071 0.10234375298023224 0.01875000074505806 0.03593749925494194
0 0.51171875 0.2867187559604645 0.04843749850988388 0.11093749850988388
0 0.8578125238418579 0.18515625596046448 0.05000000074505806 0.06718750298023224
0 0.7679687738418579 0.06484375149011612 0.0234375 0.02968749962747097
0 0.3187499940395355 0.04453124850988388 0.16875000298023224 0.08906249701976776
0 0.47187501192092896 0.03125 0.10000000149011612 0.05937499925494194
0 0.655468761920929 0.12265624850988388 0.02656250074505806 0.04218750074505806
0 0.84375 0.11874999850988388 0.03125 0.04374999925494194
