0 0.12744140625 0.5 0.0693359375 0.083984375
0 0.3662109375 0.3544921875 0.0205078125 0.0263671875
0 0.420654296875 0.32861328125 0.01220703125 0.017578125
0 0.5771484375 0.348388671875 0.017578125 0.02392578125
0 0.550048828125 0.327392578125 0.01123046875 0.01513671875
0 0.5390625 0.320556640625 0.0078125 0.01123046875
0 0.462646484375 0.315185546875 0.00634765625 0.00927734375
0 0.451171875 0.31689453125 0.0048828125 0.0107421875
0 0.531494140625 0.31689453125 0.00537109375 0.009765625
0 0.3466796875 0.321533203125 0.0087890625 0.01220703125
0 0.476806640625 0.3125 0.00537109375 0.0068359375
0 0.52392578125 0.3125 0.005859375 0.0087890625
0 0.401123046875 0.314453125 0.00537109375 0.0087890625
0 0.156005859375 0.32421875 0.00732421875 0.009765625
0 0.21240234375 0.318115234375 0.0048828125 0.00830078125
0 0.175048828125 0.321044921875 0.00634765625 0.00830078125
0 0.0986328125 0.322265625 0.005859375 0.0078125
0 0.162353515625 0.317626953125 0.00537109375 0.00732421875
0 0.2412109375 0.3115234375 0.005859375 0.0087890625
0 0.009521484375 0.347412109375 0.01513671875 0.01806640625
0 0.203125 0.314208984375 0.0048828125 0.00634765625
0 0.27978515625 0.315673828125 0.0048828125 0.00634765625
0 0.325439453125 0.318115234375 0.00537109375 0.00830078125
0 0.28857421875 0.31103515625 0.0048828125 0.005859375
0 0.2646484375 0.313232421875 0.0048828125 0.00732421875
0 0.33056640625 0.3125 0.0048828125 0.0068359375
0 0.2685546875 0.308837890625 0.0048828125 0.00537109375
0 0.35400390625 0.30419921875 0.0048828125 0.0048828125
0 0.37744140625 0.309814453125 0.0048828125 0.00537109375
0 0.3173828125 0.309814453125 0.0048828125 0.00634765625
0 0.39306640625 0.3037109375 0.0048828125 0.0048828125
0 0.40673828125 0.311767578125 0.0048828125 0.00537109375
0 0.5205078125 0.311279296875 0.0048828125 0.00732421875
0 0.341796875 0.30517578125 0.0048828125 0.0048828125
0 0.4130859375 0.30712890625 0.0048828125 0.0048828125
0 0.29638671875 0.306640625 0.0048828125 0.0048828125
