0 0.370849609375 0.5078125 0.02490234375 0.0455729179084301
0 0.430908203125 0.4547525942325592 0.01318359375 0.02669270895421505
0 0.8701171875 0.6155598759651184 0.060546875 0.0930989608168602
0 0.611572265625 0.4453125 0.01318359375 0.0234375
0 0.45703125 0.435546875 0.009765625 0.01822916604578495
0 0.468017578125 0.4254557192325592 0.00927734375 0.013671875
0 0.61767578125 0.4303385317325592 0.0087890625 0.015625
0 0.756103515625 0.4264322817325592 0.00634765625 0.01171875
0 0.565185546875 0.4241536557674408 0.00830078125 0.013671875
0 0.559814453125 0.4205729067325592 0.00634765625 0.01171875
0 0.4765625 0.4186197817325592 0.0068359375 0.01171875
0 0.482666015625 0.4143880307674408 0.00537109375 0.011067708022892475
0 0.5478515625 0.4150390625 0.0048828125 0.009765625
0 0.5576171875 0.4111328125 0.0048828125 0.008463541977107525
