0 0.772656261920929 0.5882812738418579 0.0546875 0.07343749701976776
0 1.4578125476837158 0.5390625 0.04374999925494194 0.05937499925494194
0 1.2117187976837158 0.4945312440395355 0.0234375 0.0390625
0 0.7953125238418579 0.5171874761581421 0.02500000037252903 0.03750000149011612
0 0.14453125 1.0343749523162842 0.11093749850988388 0.17812499403953552
0 1.158593773841858 0.4710937440395355 0.0234375 0.03281249850988388
0 0.13437500596046448 0.6109374761581421 0.03437500074505806 0.0625
0 0.8984375 0.48124998807907104 0.015625 0.02812499925494194
0 0.9828125238418579 0.4632812440395355 0.015625 0.0234375
0 1.1953125 0.4585937559604645 0.015625 0.0234375
0 1.157812476158142 0.453125 0.015625 0.015625
0 0.9515625238418579 0.4593749940395355 0.015625 0.015625
0 1.1453125476837158 0.4453125 0.015625 0.015625
0 1.0281250476837158 0.44843751192092896 0.015625 0.015625
0 1.259374976158142 0.43437498807907104 0.015625 0.015625
0 0.16875000298023224 0.600781261920929 0.03125 0.0546875
