0 0.14453125 0.7847222089767456 0.06614582985639572 0.17499999701976776
0 0.23880209028720856 0.5314815044403076 0.03802083432674408 0.08703703433275223
0 0.590624988079071 0.39027777314186096 0.01770833320915699 0.0416666679084301
0 0.39895832538604736 0.34583333134651184 0.012500000186264515 0.03055555559694767
0 0.23671874403953552 0.3898148238658905 0.01718750037252903 0.03888889029622078
0 0.19036458432674408 0.3569444417953491 0.010937499813735485 0.03055555559694767
0 0.3088541626930237 0.32175925374031067 0.008333333767950535 0.021296296268701553
0 0.21484375 0.32083332538604736 0.006770833395421505 0.01944444514811039
0 0.10338541865348816 0.3481481373310089 0.0078125 0.02222222276031971
0 0.04322916641831398 0.32870370149612427 0.0052083334885537624 0.011111111380159855
0 0.05833333358168602 0.3444444537162781 0.0052083334885537624 0.01666666753590107
0 0.14218750596046448 0.32083332538604736 0.0052083334885537624 0.012037036940455437
0 0.01770833320915699 0.3421296179294586 0.0072916666977107525 0.015740741044282913
