0 0.7529296875 0.4765625 0.0634765625 0.076171875
0 0.589599609375 0.357177734375 0.02001953125 0.02880859375
0 0.666015625 0.345703125 0.0146484375 0.0234375
0 0.148681640625 0.4482421875 0.05029296875 0.060546875
0 0.790283203125 0.380859375 0.03173828125 0.037109375
0 0.609375 0.3310546875 0.0107421875 0.015625
0 0.537109375 0.334228515625 0.0126953125 0.01806640625
0 0.330810546875 0.36083984375 0.01806640625 0.0263671875
0 0.3623046875 0.339111328125 0.01171875 0.01806640625
0 0.499755859375 0.325927734375 0.01123046875 0.01611328125
0 0.3427734375 0.332275390625 0.009765625 0.01513671875
0 0.732666015625 0.330322265625 0.01025390625 0.01513671875
0 0.574951171875 0.320068359375 0.00927734375 0.01416015625
0 0.436767578125 0.322509765625 0.01123046875 0.01611328125
0 0.666748046875 0.318115234375 0.01025390625 0.01416015625
0 0.155517578125 0.328857421875 0.00634765625 0.01220703125
0 0.274169921875 0.33203125 0.01220703125 0.017578125
0 0.373291015625 0.322021484375 0.00830078125 0.01123046875
0 0.828369140625 0.345703125 0.01220703125 0.0185546875
0 0.049560546875 0.33447265625 0.00830078125 0.01171875
0 0.208251953125 0.333984375 0.01025390625 0.013671875
0 0.266845703125 0.324951171875 0.00927734375 0.01220703125
0 0.552490234375 0.314697265625 0.00732421875 0.01220703125
0 0.0693359375 0.339111328125 0.0107421875 0.01416015625
0 0.6025390625 0.30908203125 0.0068359375 0.0087890625
0 0.6298828125 0.311767578125 0.0068359375 0.01318359375
0 0.521484375 0.306396484375 0.0048828125 0.00927734375
0 0.587890625 0.306884765625 0.0048828125 0.00830078125
0 0.533935546875 0.310546875 0.00537109375 0.009765625
0 0.57568359375 0.304931640625 0.0048828125 0.00830078125
