0 0.965576171875 0.458740234375 0.05712890625 0.06591796875
0 0.294189453125 0.409912109375 0.04052734375 0.04736328125
0 0.711669921875 0.359130859375 0.02197265625 0.02490234375
0 0.4052734375 0.350341796875 0.01953125 0.02685546875
0 0.654052734375 0.335693359375 0.01318359375 0.01611328125
0 0.486083984375 0.33349609375 0.01416015625 0.0185546875
0 0.60791015625 0.322021484375 0.009765625 0.01318359375
0 0.496826171875 0.321533203125 0.00830078125 0.01220703125
0 0.577880859375 0.313232421875 0.00732421875 0.01025390625
0 0.559326171875 0.308837890625 0.00732421875 0.00927734375
0 0.544189453125 0.3037109375 0.00537109375 0.0068359375
0 0.52783203125 0.300048828125 0.0048828125 0.00732421875
0 0.51806640625 0.29931640625 0.0048828125 0.005859375
0 0.483642578125 0.314208984375 0.00732421875 0.00927734375
0 0.51220703125 0.298828125 0.0048828125 0.0048828125
0 0.470703125 0.30517578125 0.0048828125 0.0068359375
0 0.4755859375 0.309814453125 0.0048828125 0.00830078125
0 0.50634765625 0.298828125 0.0048828125 0.005859375
0 0.4990234375 0.298095703125 0.0048828125 0.00537109375
0 0.466796875 0.301513671875 0.0048828125 0.00634765625
0 0.4619140625 0.300537109375 0.0048828125 0.00732421875
