0 0.21406249701976776 0.9742187261581421 0.15937499701976776 0.19218750298023224
0 1.25 0.7132812738418579 0.06562499701976776 0.09218750149011612
0 0.14374999701976776 0.6734374761581421 0.05000000074505806 0.05937499925494194
0 0.4671874940395355 0.5914062261581421 0.02500000037252903 0.03281249850988388
0 0.757031261920929 0.6429687738418579 0.04218750074505806 0.0546875
0 0.37812501192092896 0.5726562738418579 0.015625 0.0234375
0 0.13671875 0.616406261920929 0.02031249925494194 0.03281249850988388
0 0.34062498807907104 0.567187488079071 0.015625 0.02187499962747097
0 0.30156248807907104 0.5625 0.012500000186264515 0.01875000074505806
0 0.2734375 0.559374988079071 0.012500000186264515 0.01875000074505806
0 0.14374999701976776 0.589062511920929 0.015625 0.02187499962747097
0 0.15000000596046448 0.574999988079071 0.012500000186264515 0.015625
