0 0.19921875 0.463623046875 0.0751953125 0.12841796875
0 0.318115234375 0.3984375 0.03955078125 0.048828125
0 0.8505859375 0.47021484375 0.0908203125 0.1259765625
0 0.689208984375 0.385009765625 0.03564453125 0.04345703125
0 0.38916015625 0.345947265625 0.01953125 0.02783203125
0 0.60888671875 0.347412109375 0.0166015625 0.02685546875
0 0.559326171875 0.31982421875 0.00927734375 0.0146484375
0 0.543701171875 0.310302734375 0.00732421875 0.01123046875
0 0.427490234375 0.318359375 0.01123046875 0.015625
0 0.045654296875 0.63134765625 0.09130859375 0.1875
0 0.533203125 0.305419921875 0.0068359375 0.01025390625
0 0.451171875 0.301025390625 0.005859375 0.00830078125
0 0.44091796875 0.308349609375 0.0087890625 0.01123046875
0 0.44580078125 0.3056640625 0.0048828125 0.0107421875
0 0.4580078125 0.297607421875 0.0048828125 0.00634765625
0 0.52490234375 0.301025390625 0.0048828125 0.00927734375
0 0.51708984375 0.294677734375 0.005859375 0.00732421875
