0 0.94580078125 0.51171875 0.0654296875 0.0927734375
0 0.691650390625 0.373046875 0.03076171875 0.0361328125
0 0.3623046875 0.3779296875 0.02734375 0.0341796875
0 0.42724609375 0.335693359375 0.013671875 0.02294921875
0 0.58984375 0.322509765625 0.01171875 0.01513671875
0 0.696533203125 0.3447265625 0.01708984375 0.0234375
0 0.613037109375 0.334228515625 0.01513671875 0.01904296875
0 0.456298828125 0.31787109375 0.00927734375 0.0126953125
0 0.92041015625 0.34521484375 0.0126953125 0.0205078125
0 0.830078125 0.319580078125 0.0107421875 0.01416015625
0 0.56982421875 0.31298828125 0.0078125 0.0107421875
0 0.521240234375 0.303955078125 0.00537109375 0.00830078125
0 0.466064453125 0.310546875 0.00732421875 0.009765625
0 0.723388671875 0.304443359375 0.00634765625 0.00927734375
0 0.6416015625 0.3046875 0.005859375 0.009765625
0 0.488037109375 0.30712890625 0.00732421875 0.009765625
0 0.697265625 0.300048828125 0.0068359375 0.00830078125
0 0.80029296875 0.306640625 0.0068359375 0.009765625
0 0.7705078125 0.30126953125 0.0048828125 0.0078125
0 0.890380859375 0.311767578125 0.00830078125 0.01025390625
0 0.599365234375 0.300537109375 0.00537109375 0.00732421875
0 0.5546875 0.302001953125 0.005859375 0.00830078125
0 0.990234375 0.317626953125 0.0087890625 0.01220703125
0 0.573974609375 0.308349609375 0.00537109375 0.01123046875
