0 0.11999999731779099 0.23906250298023224 0.05000000074505806 0.18437500298023224
0 0.15312500298023224 0.140625 0.038750000298023224 0.15625
0 0.9737499952316284 0.31562501192092896 0.04500000178813934 0.22499999403953552
0 0.023125000298023224 0.4234375059604645 0.04625000059604645 0.24062499403953552
0 0.8306249976158142 0.05312500149011612 0.04125000163912773 0.10000000149011612
0 0.02812499925494194 0.0625 0.028750000521540642 0.11249999701976776
0 0.9412500262260437 0.07343749701976776 0.04500000178813934 0.140625
0 0.12187500298023224 0.03125 0.023749999701976776 0.0625
0 0.40687501430511475 0.03593749925494194 0.026249999180436134 0.07187499850988388
0 0.2224999964237213 0.03281249850988388 0.02250000089406967 0.06562499701976776
0 0.65625 0.0390625 0.019999999552965164 0.07187499850988388
0 0.12937499582767487 0.10781250149011612 0.028750000521540642 0.09062500298023224
