0 0.3765625059604645 0.29296875 0.01718750037252903 0.02500000037252903
0 0.559374988079071 0.2574218809604645 0.00937500037252903 0.01640624925494194
0 0.6421874761581421 0.31328123807907104 0.02812499925494194 0.04218750074505806
0 0.29765623807907104 0.3343749940395355 0.02968749962747097 0.04218750074505806
0 0.5972656011581421 0.28046876192092896 0.01796874962747097 0.02656250074505806
0 0.4320312440395355 0.2613281309604645 0.01406249962747097 0.01953125
0 0.7464843988418579 0.236328125 0.01640624925494194 0.02734375
0 0.44804686307907104 0.24492187798023224 0.008593750186264515 0.01171875
0 0.45781248807907104 0.23828125 0.0078125 0.010937499813735485
0 0.9886718988418579 0.25390625 0.008593750186264515 0.012500000186264515
0 0.4945312440395355 0.23085936903953552 0.0078125 0.008593750186264515
0 0.5453125238418579 0.24257811903953552 0.0078125 0.008593750186264515
0 0.45390623807907104 0.23046875 0.0078125 0.0078125
0 0.4429687559604645 0.23749999701976776 0.0078125 0.0078125
0 0.3960937559604645 0.23828125 0.0078125 0.0078125
0 0.22578124701976776 0.2523437440395355 0.0078125 0.0078125
0 0.30859375 0.24609375 0.0078125 0.0078125
0 0.3109374940395355 0.24062499403953552 0.0078125 0.0078125
0 0.23984375596046448 0.24609375 0.0078125 0.0078125
