0 0.76513671875 0.398681640625 0.033203125 0.04345703125
0 0.341552734375 0.40283203125 0.03271484375 0.044921875
0 0.4384765625 0.339599609375 0.01171875 0.01904296875
0 0.641357421875 0.341552734375 0.01318359375 0.02001953125
0 0.596923828125 0.322021484375 0.00927734375 0.01416015625
0 0.46484375 0.322509765625 0.0078125 0.01318359375
0 0.47265625 0.3134765625 0.0048828125 0.0078125
0 0.58203125 0.315673828125 0.005859375 0.00830078125
0 0.482421875 0.310791015625 0.0048828125 0.00830078125
0 0.59521484375 0.310791015625 0.005859375 0.00830078125
0 0.519775390625 0.30859375 0.00537109375 0.0068359375
0 0.619140625 0.307861328125 0.0048828125 0.00732421875
0 0.6357421875 0.305419921875 0.0048828125 0.00537109375
