0 0.8017578125 0.41162109375 0.0380859375 0.0478515625
0 0.431396484375 0.3525390625 0.02392578125 0.03125
0 0.855712890625 0.3525390625 0.01904296875 0.0234375
0 0.297607421875 0.383544921875 0.03173828125 0.04052734375
0 0.51416015625 0.338134765625 0.01953125 0.02392578125
0 0.623291015625 0.32421875 0.01416015625 0.0166015625
0 0.6943359375 0.318115234375 0.0107421875 0.01220703125
0 0.8701171875 0.335693359375 0.01171875 0.01513671875
0 0.87255859375 0.32080078125 0.0087890625 0.0107421875
0 0.876708984375 0.327392578125 0.00830078125 0.01220703125
0 0.756103515625 0.31640625 0.00732421875 0.009765625
0 0.859619140625 0.3115234375 0.00537109375 0.0068359375
0 0.86572265625 0.315673828125 0.0078125 0.00927734375
