0 0.7197265625 0.373291015625 0.0283203125 0.04150390625
0 0.128662109375 0.415771484375 0.03955078125 0.05224609375
0 0.546630859375 0.321533203125 0.01220703125 0.01611328125
0 0.477294921875 0.31494140625 0.00927734375 0.013671875
0 0.616943359375 0.33935546875 0.01611328125 0.0234375
0 0.27587890625 0.3515625 0.015625 0.0244140625
0 0.218017578125 0.31640625 0.01025390625 0.0166015625
0 0.2763671875 0.334228515625 0.0107421875 0.02294921875
0 0.1953125 0.3310546875 0.0107421875 0.0185546875
0 0.295654296875 0.31201171875 0.00927734375 0.0146484375
0 0.0654296875 0.333740234375 0.0107421875 0.01708984375
0 0.374755859375 0.3125 0.01025390625 0.013671875
0 0.0703125 0.321044921875 0.0087890625 0.01123046875
0 0.318603515625 0.29541015625 0.00634765625 0.0078125
0 0.136474609375 0.307373046875 0.00634765625 0.00732421875
0 0.244873046875 0.30078125 0.00537109375 0.0068359375
0 0.122314453125 0.32177734375 0.00927734375 0.0107421875
0 0.119140625 0.314697265625 0.0078125 0.00927734375
0 0.1630859375 0.308349609375 0.0068359375 0.00830078125
0 0.04736328125 0.316162109375 0.0068359375 0.00830078125
0 0.35546875 0.2900390625 0.0048828125 0.005859375
0 0.385986328125 0.2900390625 0.00537109375 0.0068359375
