0 0.03812500089406967 0.2881249785423279 0.06625000387430191 0.08374998718500137
0 0.6693750619888306 0.2537500262260437 0.053749989718198776 0.07500000298023224
0 0.3343749940395355 0.2150000035762787 0.041249990463256836 0.0650000125169754
0 0.49500003457069397 0.23375001549720764 0.03750000149011612 0.07250000536441803
0 0.9475000500679016 0.3193749785423279 0.05000000074505806 0.09874999523162842
0 0.796875 0.23500001430511475 0.06875000149011612 0.05000000074505806
0 0.831250011920929 0.15937499701976776 0.030000019818544388 0.05874999612569809
0 0.21687500178813934 0.19875000417232513 0.026249980553984642 0.060000013560056686
0 0.703125 0.16249999403953552 0.04374999925494194 0.03500000387430191
0 0.09125000238418579 0.19812500476837158 0.0325000062584877 0.048750005662441254
