0 0.508593738079071 0.390625 0.12968750298023224 0.15000000596046448
0 1.0515625476837158 0.2992187440395355 0.09375 0.11406250298023224
0 0.85546875 0.23828125 0.05781250074505806 0.0859375
0 0.8515625 0.17499999701976776 0.046875 0.0625
0 0.5492187738418579 0.19296875596046448 0.05156249925494194 0.06406249850988388
0 0.614062488079071 0.13828125596046448 0.02812499925494194 0.04531250149011612
0 0.686718761920929 0.13046875596046448 0.02968749962747097 0.04218750074505806
0 0.7890625 0.11328125 0.02812499925494194 0.04531250149011612
0 0.758593738079071 0.10000000149011612 0.0234375 0.03750000149011612
0 0.83203125 0.11484374850988388 0.03281249850988388 0.04218750074505806
0 0.586718738079071 0.15859374403953552 0.03593749925494194 0.0546875
0 0.6499999761581421 0.11874999850988388 0.03437500074505806 0.04374999925494194
0 0.39921873807907104 0.03281249850988388 0.14531250298023224 0.06562499701976776
0 0.508593738079071 0.02734375 0.0859375 0.0546875
0 0.758593738079071 0.0625 0.0234375 0.03125
0 0.6195312738418579 0.01640624925494194 0.02031249925494194 0.03281249850988388
0 1.2265625 0.47734373807907104 0.03750000149011612 0.04218750074505806
