0 0.6387499570846558 0.22312501072883606 0.040000010281801224 0.05875001102685928
0 0.5637499690055847 0.2068750113248825 0.03499998897314072 0.05375000089406967
0 0.546875 0.18250000476837158 0.02375001832842827 0.040000010281801224
0 0.37812501192092896 0.19374999403953552 0.03125 0.04250000789761543
0 0.3606249988079071 0.16187500953674316 0.021250009536743164 0.02875000238418579
0 0.5087500214576721 0.16375000774860382 0.0175000187009573 0.029999995604157448
0 0.4493750035762787 0.1525000035762787 0.016250038519501686 0.02749999798834324
0 0.4231249690055847 0.13312500715255737 0.013750028796494007 0.01875000074505806
0 0.4306250214576721 0.1431250125169754 0.016250038519501686 0.02124999836087227
0 0.4050000309944153 0.1275000125169754 0.01250002346932888 0.017500007525086403
0 0.3931249976158142 0.12312500178813934 0.011249994859099388 0.013750004582107067
0 0.3375000059604645 0.13437500596046448 0.012500000186264515 0.01875000074505806
0 0.3581250309944153 0.12437500059604645 0.011249994859099388 0.01875000074505806
