0 0.0703125 0.4508463442325592 0.0126953125 0.01888020895421505
0 0.168212890625 0.4322916567325592 0.01123046875 0.01822916604578495
0 0.08203125 0.4358724057674408 0.009765625 0.014973958022892475
0 0.2744140625 0.4065755307674408 0.0048828125 0.009765625
0 0.3359375 0.4020182192325592 0.0048828125 0.012369791977107525
0 0.200927734375 0.4176432192325592 0.00537109375 0.011067708022892475
0 0.139892578125 0.4261067807674408 0.00830078125 0.014973958022892475
0 0.2548828125 0.4098307192325592 0.0048828125 0.009765625
0 0.773681640625 0.4378255307674408 0.01123046875 0.02408854104578495
0 0.29736328125 0.400390625 0.0048828125 0.010416666977107525
0 0.3076171875 0.4078775942325592 0.0048828125 0.011067708022892475
0 0.325927734375 0.4055989682674408 0.00537109375 0.01171875
0 0.2158203125 0.4231770932674408 0.0068359375 0.014322916977107525
