0 0.37187498807907104 0.17421874403953552 0.10000000149011612 0.1328125
0 1.2062499523162842 0.23515625298023224 0.08124999701976776 0.13906249403953552
0 1.15625 0.13593749701976776 0.07187499850988388 0.09687499701976776
0 1.0242187976837158 0.09609375149011612 0.0546875 0.07968749850988388
0 0.625781238079071 0.12265624850988388 0.05156249925494194 0.08906249701976776
0 0.930468738079071 0.03593749925494194 0.03593749925494194 0.05312500149011612
0 0.6429687738418579 0.03750000149011612 0.03593749925494194 0.05312500149011612
0 1.0382812023162842 0.06562499701976776 0.0390625 0.0625
0 0.647656261920929 0.07890625298023224 0.03593749925494194 0.05781250074505806
0 0.11953125149011612 0.4671874940395355 0.07343749701976776 0.05937499925494194
0 0.551562488079071 0.01718750037252903 0.06875000149011612 0.03125
