0 0.08250000327825546 0.3449999988079071 0.0950000062584877 0.10500001907348633
0 0.32750001549720764 0.171875 0.0325000062584877 0.04374999925494194
0 0.4412500262260437 0.13250000774860382 0.017499972134828568 0.029999995604157448
0 0.7606250047683716 0.21000000834465027 0.04874997213482857 0.06000000238418579
0 0.5993750095367432 0.12062499672174454 0.013749981299042702 0.02124999836087227
0 0.6037500500679016 0.14687499403953552 0.022499989718198776 0.03125
0 0.8393750190734863 0.15125000476837158 0.033749960362911224 0.02749999798834324
0 0.5612500309944153 0.1081249937415123 0.009999990463256836 0.01625000312924385
0 0.4650000035762787 0.10500000417232513 0.007499980740249157 0.012500005774199963
0 0.43562498688697815 0.11124999821186066 0.013750028796494007 0.017500007525086403
