0 0.3434895873069763 0.2874999940395355 0.03802082687616348 0.048958323895931244
0 0.2671875059604645 0.397916704416275 0.06354167312383652 0.09375002235174179
0 0.6377604603767395 0.22499999403953552 0.018229151144623756 0.030208325013518333
0 0.30390626192092896 0.25703126192092896 0.028645824640989304 0.03593749925494194
0 0.8127604722976685 0.2718749940395355 0.027604151517152786 0.041666675359010696
0 0.2658854126930237 0.2380208522081375 0.02031249925494194 0.02812499925494194
0 0.4244791865348816 0.19687500596046448 0.011458349414169788 0.015625
0 0.17786458134651184 0.21901042759418488 0.011979174800217152 0.01718750037252903
0 0.1041666716337204 0.21666666865348816 0.009375005960464478 0.013541650958359241
0 0.2799479365348816 0.19713541865348816 0.008854150772094727 0.011979162693023682
