0 0.2607421875 0.4384765625 0.048828125 0.05859375
0 0.402099609375 0.346923828125 0.02294921875 0.02392578125
0 0.58740234375 0.342041015625 0.0166015625 0.02392578125
0 0.442626953125 0.3251953125 0.01123046875 0.0166015625
0 0.56201171875 0.3251953125 0.0107421875 0.0146484375
0 0.55029296875 0.31884765625 0.0087890625 0.01171875
0 0.46630859375 0.316162109375 0.0078125 0.01123046875
0 0.47607421875 0.314453125 0.0068359375 0.009765625
0 0.36767578125 0.3203125 0.0078125 0.01171875
0 0.067626953125 0.342041015625 0.01806640625 0.02197265625
0 0.0390625 0.375244140625 0.02734375 0.02880859375
0 0.41748046875 0.314697265625 0.0048828125 0.00732421875
0 0.39208984375 0.31005859375 0.0048828125 0.005859375
0 0.18408203125 0.32177734375 0.0078125 0.0107421875
0 0.200439453125 0.319580078125 0.00732421875 0.01025390625
0 0.345703125 0.316162109375 0.0048828125 0.00830078125
0 0.5361328125 0.3125 0.0048828125 0.0068359375
0 0.53173828125 0.3115234375 0.0048828125 0.0068359375
0 0.29931640625 0.313720703125 0.0048828125 0.00634765625
0 0.54345703125 0.315673828125 0.005859375 0.00927734375
0 0.489501953125 0.311767578125 0.00537109375 0.00634765625
0 0.128173828125 0.31982421875 0.00634765625 0.0078125
0 0.2236328125 0.312255859375 0.005859375 0.00732421875
0 0.234619140625 0.31640625 0.00634765625 0.0078125
0 0.30517578125 0.31005859375 0.0048828125 0.005859375
0 0.05126953125 0.330322265625 0.0087890625 0.01220703125
0 0.25927734375 0.3095703125 0.0048828125 0.0048828125
0 0.042236328125 0.32666015625 0.00732421875 0.0107421875
0 0.28369140625 0.31201171875 0.0048828125 0.0068359375
0 0.3330078125 0.30810546875 0.0048828125 0.0048828125
