0 0.7431640625 0.399658203125 0.0400390625 0.04736328125
0 0.34912109375 0.402587890625 0.037109375 0.04736328125
0 0.43115234375 0.340576171875 0.0185546875 0.02294921875
0 0.6357421875 0.338134765625 0.017578125 0.02294921875
0 0.5947265625 0.31884765625 0.0107421875 0.0146484375
0 0.622314453125 0.304931640625 0.00634765625 0.01025390625
0 0.57763671875 0.30859375 0.0087890625 0.01171875
0 0.85791015625 0.359375 0.0224609375 0.0283203125
0 0.728515625 0.333740234375 0.015625 0.02099609375
0 0.567138671875 0.303955078125 0.00732421875 0.01025390625
0 0.6533203125 0.31396484375 0.009765625 0.015625
0 0.775634765625 0.314697265625 0.00830078125 0.01416015625
0 0.725341796875 0.306396484375 0.00732421875 0.01220703125
0 0.6904296875 0.3017578125 0.005859375 0.009765625
0 0.683349609375 0.301513671875 0.00537109375 0.01025390625
0 0.44677734375 0.321533203125 0.01171875 0.01611328125
0 0.6025390625 0.30126953125 0.005859375 0.0087890625
0 0.86669921875 0.328369140625 0.013671875 0.01806640625
0 0.67236328125 0.29931640625 0.0048828125 0.0078125
0 0.558837890625 0.300537109375 0.00537109375 0.00830078125
0 0.45947265625 0.3115234375 0.009765625 0.0126953125
0 0.469482421875 0.30517578125 0.00830078125 0.0107421875
0 0.594970703125 0.299072265625 0.00537109375 0.00732421875
0 0.58740234375 0.29833984375 0.0048828125 0.0078125
0 0.5537109375 0.29931640625 0.0048828125 0.0078125
0 0.56494140625 0.298828125 0.0048828125 0.0087890625
0 0.64501953125 0.297607421875 0.0048828125 0.00537109375
0 0.472900390625 0.30078125 0.00634765625 0.009765625
0 0.5517578125 0.298095703125 0.0048828125 0.00634765625
0 0.49365234375 0.2978515625 0.0048828125 0.0068359375
0 0.5380859375 0.297119140625 0.0048828125 0.00732421875
