0 0.76513671875 0.53515625 0.03515625 0.05859375
0 0.35107421875 0.49609375 0.0185546875 0.046875
0 0.188232421875 0.4583333432674408 0.02978515625 0.0234375
0 0.495361328125 0.4407552182674408 0.01220703125 0.02213541604578495
0 0.75 0.4417317807674408 0.0107421875 0.02018229104578495
0 0.720703125 0.4554036557674408 0.0146484375 0.02669270895421505
0 0.676513671875 0.4241536557674408 0.00634765625 0.013671875
0 0.597900390625 0.4261067807674408 0.00732421875 0.01627604104578495
0 0.14501953125 0.455078125 0.021484375 0.0377604179084301
0 0.36962890625 0.4137369692325592 0.01171875 0.021484375
0 0.810302734375 0.4401041567325592 0.00830078125 0.015625
0 0.8037109375 0.421875 0.0048828125 0.013020833022892475
0 0.41796875 0.4046224057674408 0.0078125 0.014973958022892475
0 0.75634765625 0.4231770932674408 0.0068359375 0.01171875
0 0.7392578125 0.4244791567325592 0.0068359375 0.013020833022892475
0 0.39599609375 0.4013671875 0.0068359375 0.011067708022892475
0 0.869873046875 0.4401041567325592 0.00830078125 0.015625
0 0.72314453125 0.4173177182674408 0.0048828125 0.009114583022892475
0 0.876708984375 0.4378255307674408 0.00634765625 0.012369791977107525
0 0.8447265625 0.4290364682674408 0.0048828125 0.01171875
0 0.401123046875 0.4007161557674408 0.00537109375 0.012369791977107525
0 0.4306640625 0.4020182192325592 0.0048828125 0.0071614584885537624
0 0.65234375 0.4065755307674408 0.0048828125 0.008463541977107525
0 0.669921875 0.4111328125 0.0048828125 0.009765625
0 0.6201171875 0.4055989682674408 0.0048828125 0.009114583022892475
0 0.783203125 0.4104817807674408 0.0048828125 0.0071614584885537624
0 0.767578125 0.4186197817325592 0.0048828125 0.009114583022892475
0 0.732421875 0.408203125 0.0048828125 0.0065104165114462376
0 0.6865234375 0.4055989682674408 0.0048828125 0.0065104165114462376
0 0.677734375 0.4095052182674408 0.0048828125 0.009114583022892475
0 0.6279296875 0.4016927182674408 0.0048828125 0.0065104165114462376
0 0.77490234375 0.408203125 0.0048828125 0.0065104165114462376
0 0.58984375 0.4016927182674408 0.0048828125 0.0065104165114462376
0 0.7255859375 0.4140625 0.0048828125 0.0078125
0 0.83154296875 0.4127604067325592 0.0048828125 0.0065104165114462376
0 0.595458984375 0.4026692807674408 0.00537109375 0.0071614584885537624
0 0.598876953125 0.4013671875 0.00537109375 0.0071614584885537624
0 0.40673828125 0.400390625 0.0048828125 0.013020833022892475
0 0.66796875 0.4036458432674408 0.0048828125 0.0065104165114462376
0 0.96337890625 0.4195963442325592 0.0048828125 0.009765625
