0 0.15625 0.6520833373069763 0.04218750074505806 0.1180555522441864
0 0.3179687559604645 0.5145833492279053 0.012500000186264515 0.04305555671453476
0 0.369140625 0.4819444417953491 0.008593750186264515 0.02777777798473835
0 0.579296886920929 0.4472222328186035 0.01015624962747097 0.04444444552063942
0 0.7359374761581421 0.48819443583488464 0.012500000186264515 0.03750000149011612
0 0.7261718511581421 0.4652777910232544 0.01015624962747097 0.02500000037252903
0 0.5453125238418579 0.4486111104488373 0.012500000186264515 0.0416666679084301
0 0.5093749761581421 0.4590277671813965 0.0078125 0.02083333395421505
0 0.3921875059604645 0.4513888955116272 0.0078125 0.03888889029622078
0 0.6128906011581421 0.45625001192092896 0.008593750186264515 0.02083333395421505
0 0.36406248807907104 0.4583333432674408 0.0078125 0.02500000037252903
0 0.41015625 0.45972222089767456 0.0078125 0.02222222276031971
0 0.390625 0.47013887763023376 0.0078125 0.02083333395421505
0 0.49609375 0.4548611044883728 0.0078125 0.015277777798473835
0 0.48515623807907104 0.44305557012557983 0.0078125 0.01666666753590107
0 0.4898437559604645 0.44930556416511536 0.0078125 0.01805555634200573
0 0.421875 0.4513888955116272 0.0078125 0.013888888992369175
0 0.42890626192092896 0.4472222328186035 0.0078125 0.013888888992369175
0 0.667187511920929 0.43611112236976624 0.0078125 0.013888888992369175
0 0.7289062738418579 0.4555555582046509 0.0078125 0.02500000037252903
