0 0.858203113079071 0.28046876192092896 0.02734375 0.04218750074505806
0 0.39335936307907104 0.19140625 0.01953125 0.0234375
0 0.34648436307907104 0.24882812798023224 0.03359375149011612 0.04609375074505806
0 0.629687488079071 0.19179686903953552 0.012500000186264515 0.02109375037252903
0 0.24765625596046448 0.17031249403953552 0.0078125 0.012500000186264515
0 0.3050781190395355 0.17460937798023224 0.008593750186264515 0.014843749813735485
0 0.484375 0.17226561903953552 0.0078125 0.01328125037252903
0 0.40625 0.16679687798023224 0.0078125 0.01171875
0 0.35859376192092896 0.16523437201976776 0.0078125 0.008593750186264515
0 0.328125 0.16562500596046448 0.0078125 0.0078125
