0 0.198486328125 0.46533203125 0.07763671875 0.126953125
0 0.68896484375 0.38623046875 0.0341796875 0.0400390625
0 0.850830078125 0.472412109375 0.09228515625 0.13134765625
0 0.388671875 0.346435546875 0.0185546875 0.02294921875
0 0.610107421875 0.34814453125 0.02099609375 0.0244140625
0 0.316162109375 0.398193359375 0.03466796875 0.04833984375
0 0.559814453125 0.320068359375 0.01025390625 0.01416015625
0 0.544677734375 0.310546875 0.00732421875 0.0107421875
0 0.53369140625 0.305419921875 0.0068359375 0.00927734375
0 0.42724609375 0.318115234375 0.0107421875 0.01513671875
0 0.440673828125 0.309326171875 0.00732421875 0.01025390625
0 0.52490234375 0.300537109375 0.0068359375 0.00830078125
0 0.451171875 0.300537109375 0.005859375 0.00830078125
0 0.045166015625 0.6337890625 0.08935546875 0.177734375
0 0.446044921875 0.30517578125 0.00634765625 0.009765625
0 0.457763671875 0.297119140625 0.00537109375 0.00732421875
0 0.5126953125 0.2919921875 0.0048828125 0.0068359375
0 0.517578125 0.29443359375 0.0048828125 0.0068359375
0 0.52001953125 0.297607421875 0.0048828125 0.00830078125
0 0.51025390625 0.28955078125 0.0048828125 0.0048828125
