0 0.546875 0.6929687261581421 0.05624999850988388 0.08906249701976776
0 0.616406261920929 0.6929687261581421 0.05156249925494194 0.09531249850988388
0 1.65625 0.659375011920929 0.0625 0.09375
0 0.08437500149011612 0.6742187738418579 0.03125 0.06093750149011612
0 1.2976562976837158 0.48750001192092896 0.02031249925494194 0.03750000149011612
0 0.692187488079071 0.4976562559604645 0.015625 0.0234375
0 0.9554687738418579 0.49531251192092896 0.02031249925494194 0.03125
0 0.9296875 0.4976562559604645 0.015625 0.02968749962747097
0 1.0203125476837158 0.4507812559604645 0.015625 0.02031249925494194
0 1.220312476158142 0.44999998807907104 0.015625 0.01875000074505806
0 1.006250023841858 0.45234376192092896 0.015625 0.01718750037252903
