0 0.15125000476837158 0.707812488079071 0.057500001043081284 0.20937499403953552
0 0.05999999865889549 0.6078125238418579 0.03999999910593033 0.16562500596046448
0 0.05937499925494194 0.8765624761581421 0.07625000178813934 0.24062499403953552
0 0.22562499344348907 0.47187501192092896 0.03375000134110451 0.10625000298023224
0 0.4518750011920929 0.515625 0.04374999925494194 0.15000000596046448
0 0.596875011920929 0.5703125 0.04125000163912773 0.15312500298023224
0 0.13124999403953552 0.4437499940395355 0.02500000037252903 0.10000000149011612
0 0.6631249785423279 0.699999988079071 0.051249999552965164 0.21875
0 0.33812499046325684 0.4984374940395355 0.03375000134110451 0.10312499850988388
0 0.6831250190734863 0.3828125 0.03375000134110451 0.140625
0 0.6693750023841858 0.53125 0.036249998956918716 0.13124999403953552
0 0.48625001311302185 0.3843750059604645 0.032499998807907104 0.05624999850988388
0 0.5737500190734863 0.3812499940395355 0.029999999329447746 0.10000000149011612
0 0.8450000286102295 0.4625000059604645 0.05249999836087227 0.20000000298023224
0 0.5362499952316284 0.49687498807907104 0.042500000447034836 0.08749999850988388
0 0.800000011920929 0.4281249940395355 0.03999999910593033 0.18125000596046448
0 0.7450000047683716 0.4203124940395355 0.03999999910593033 0.15937499701976776
0 0.023749999701976776 0.4359374940395355 0.02500000037252903 0.09687499701976776
