0 0.73193359375 0.3916015625 0.033203125 0.0439453125
0 0.645751953125 0.342529296875 0.01806640625 0.02490234375
0 0.330322265625 0.399169921875 0.03662109375 0.04833984375
0 0.70654296875 0.329833984375 0.0146484375 0.01904296875
0 0.609375 0.3251953125 0.0126953125 0.0185546875
0 0.8232421875 0.3642578125 0.0263671875 0.0341796875
0 0.41162109375 0.3447265625 0.017578125 0.0234375
0 0.657470703125 0.31884765625 0.00830078125 0.013671875
0 0.589599609375 0.31787109375 0.01025390625 0.0126953125
0 0.7861328125 0.32080078125 0.009765625 0.0146484375
0 0.63525390625 0.31298828125 0.0078125 0.0107421875
0 0.446533203125 0.32470703125 0.01220703125 0.017578125
0 0.459228515625 0.317626953125 0.00732421875 0.01318359375
0 0.5771484375 0.312744140625 0.0068359375 0.01025390625
0 0.61767578125 0.310791015625 0.0068359375 0.00927734375
0 0.736328125 0.31298828125 0.005859375 0.009765625
0 0.69140625 0.310546875 0.0048828125 0.0078125
0 0.882080078125 0.33544921875 0.01318359375 0.0185546875
0 0.758544921875 0.316650390625 0.00732421875 0.01025390625
0 0.571533203125 0.310302734375 0.00537109375 0.00830078125
0 0.5517578125 0.30615234375 0.0048828125 0.005859375
0 0.466064453125 0.308837890625 0.00634765625 0.00927734375
0 0.49462890625 0.30712890625 0.0068359375 0.0078125
