0 0.42500001192092896 0.21875 0.07500000298023224 0.0950000137090683
0 0.5118750333786011 0.15687499940395355 0.06374998390674591 0.04374999925494194
0 0.05624999850988388 0.16312500834465027 0.05000000074505806 0.0637500062584877
0 0.17750000953674316 0.09812500327825546 0.02250000275671482 0.036250002682209015
0 0.5562499761581421 0.09937499463558197 0.030000019818544388 0.04374999552965164
0 0.8774999380111694 0.078125 0.019999980926513672 0.036250002682209015
0 0.4256250262260437 0.07999999821186066 0.021250009536743164 0.0325000062584877
0 0.21937501430511475 0.08374999463558197 0.01875000074505806 0.032499998807907104
0 0.11687500774860382 0.06812500208616257 0.01875000074505806 0.03125
0 0.6543749570846558 0.07625000178813934 0.021250009536743164 0.032499998807907104
0 0.9281250238418579 0.35999998450279236 0.0662500411272049 0.07749998569488525
