0 0.3460937440395355 0.39814814925193787 0.02552083320915699 0.05000000074505806
0 0.8658854365348816 0.5106481313705444 0.02760416641831398 0.07314814627170563
0 0.6997395753860474 0.3578703701496124 0.01197916641831398 0.02500000037252903
0 0.8695312738418579 0.427314817905426 0.01614583283662796 0.032407406717538834
0 0.5377604365348816 0.3513889014720917 0.02031249925494194 0.032407406717538834
0 0.6528645753860474 0.31898146867752075 0.013020833022892475 0.034259259700775146
0 0.6294270753860474 0.3203703761100769 0.013020833022892475 0.01666666753590107
0 0.9369791746139526 0.4870370328426361 0.01770833320915699 0.051851850003004074
0 0.8481770753860474 0.37731480598449707 0.010937499813735485 0.028703704476356506
0 0.9666666388511658 0.4347222149372101 0.012500000186264515 0.026851851493120193
0 0.17760416865348816 0.3333333432674408 0.01145833358168602 0.024074073880910873
0 0.0846354141831398 0.33703702688217163 0.01614583283662796 0.031481482088565826
0 0.007031249813735485 0.4055555462837219 0.01197916641831398 0.03888889029622078
