0 0.25439453125 0.452392578125 0.0498046875 0.06591796875
0 0.816162109375 0.44189453125 0.05517578125 0.044921875
0 0.621826171875 0.361328125 0.02294921875 0.0322265625
0 0.780517578125 0.3701171875 0.02001953125 0.03125
0 0.6640625 0.34423828125 0.017578125 0.0244140625
0 0.55224609375 0.3369140625 0.013671875 0.0185546875
0 0.364501953125 0.3603515625 0.02685546875 0.0244140625
0 0.805419921875 0.34423828125 0.01416015625 0.0234375
0 0.71337890625 0.333251953125 0.0126953125 0.02099609375
0 0.391357421875 0.337646484375 0.01123046875 0.02099609375
0 0.509765625 0.329345703125 0.0107421875 0.01220703125
0 0.429443359375 0.3232421875 0.00927734375 0.015625
0 0.60498046875 0.3349609375 0.0146484375 0.015625
0 0.4814453125 0.32421875 0.0078125 0.013671875
0 0.366943359375 0.328125 0.00927734375 0.01171875
