0 0.214599609375 0.371826171875 0.02294921875 0.03271484375
0 0.463623046875 0.340576171875 0.01611328125 0.02392578125
0 0.638916015625 0.397705078125 0.03271484375 0.04541015625
0 0.074951171875 0.51318359375 0.06591796875 0.0830078125
0 0.396240234375 0.318359375 0.01025390625 0.017578125
0 0.255615234375 0.3173828125 0.00830078125 0.013671875
0 0.106689453125 0.335205078125 0.01220703125 0.01806640625
0 0.364013671875 0.30810546875 0.00732421875 0.01171875
0 0.26171875 0.30712890625 0.0078125 0.0107421875
0 0.14697265625 0.30908203125 0.0068359375 0.0107421875
0 0.326171875 0.2978515625 0.005859375 0.0087890625
