0 0.7723958492279053 0.46666666865348816 0.03229166567325592 0.07222222536802292
0 0.3815104067325592 0.3708333373069763 0.02239583246409893 0.0416666679084301
0 0.5546875 0.35046297311782837 0.015625 0.026851851493120193
0 0.7158854007720947 0.36157408356666565 0.01197916641831398 0.02500000037252903
0 0.8851562738418579 0.47268518805503845 0.01927083358168602 0.049074072390794754
0 0.6890624761581421 0.3333333432674408 0.00937500037252903 0.02777777798473835
0 0.2619791626930237 0.3231481611728668 0.012500000186264515 0.02777777798473835
0 0.9838541746139526 0.44675925374031067 0.012500000186264515 0.028703704476356506
0 0.875781238079071 0.39259257912635803 0.00989583320915699 0.025925925001502037
0 0.04921875149011612 0.3629629611968994 0.01197916641831398 0.020370369777083397
0 0.12473957985639572 0.36666667461395264 0.01406249962747097 0.025925925001502037
0 0.18411459028720856 0.32407405972480774 0.008854166604578495 0.018518518656492233
