0 0.20703125 0.6499999761581421 0.04062499850988388 0.0833333358168602
0 0.6976562738418579 0.5180555582046509 0.02187499962747097 0.0555555559694767
0 0.27070313692092896 0.4993055462837219 0.01796874962747097 0.04305555671453476
0 0.24765625596046448 0.46736112236976624 0.012500000186264515 0.03194444626569748
0 0.513671875 0.44236111640930176 0.01640624925494194 0.03194444626569748
0 0.27617186307907104 0.4312500059604645 0.008593750186264515 0.01805555634200573
0 0.19492188096046448 0.4625000059604645 0.01015624962747097 0.02500000037252903
0 0.37109375 0.4270833432674408 0.0078125 0.02361111156642437
0 0.09921874850988388 0.4763889014720917 0.0078125 0.01944444514811039
0 0.9320312738418579 0.4416666626930237 0.012500000186264515 0.03333333507180214
0 0.17734375596046448 0.4451389014720917 0.0078125 0.02083333395421505
0 0.02656250074505806 0.4756944477558136 0.0078125 0.01805555634200573
