0 1.247656226158142 0.7914062738418579 0.08281250298023224 0.11406250298023224
0 1.751562476158142 0.66015625 0.04062499850988388 0.06093750149011612
0 2.6460938453674316 0.895312488079071 0.07656250149011612 0.109375
0 2.3125 0.7132812738418579 0.04374999925494194 0.06093750149011612
0 1.8046875 0.6109374761581421 0.03125 0.04062499850988388
0 1.821874976158142 0.5835937261581421 0.01875000074505806 0.02968749962747097
0 2.203125 0.6499999761581421 0.02812499925494194 0.05000000074505806
0 2.143749952316284 0.608593761920929 0.01875000074505806 0.02656250074505806
0 2.0703125 0.5453125238418579 0.015625 0.02187499962747097
0 2.0843749046325684 0.5843750238418579 0.015625 0.02812499925494194
0 0.43437498807907104 1.208593726158142 0.14687499403953552 0.2796874940395355
0 2.02734375 0.569531261920929 0.01718750037252903 0.01718750037252903
0 1.8234374523162842 0.559374988079071 0.015625 0.02187499962747097
