0 0.8337499499320984 0.22625000774860382 0.08000002056360245 0.10749999433755875
0 0.8925000429153442 0.18000000715255737 0.0625 0.08500001579523087
0 0.4362500309944153 0.08500000089406967 0.03750000149011612 0.054999999701976776
0 0.24375000596046448 0.09750000387430191 0.047499991953372955 0.06750000268220901
0 0.5200000405311584 0.0768750011920929 0.03750000149011612 0.05375000089406967
0 0.6193750500679016 0.06937500089406967 0.033750008791685104 0.05375000089406967
0 0.12437500059604645 0.13624998927116394 0.06874999403953552 0.08500000089406967
0 0.7262499928474426 0.058125000447034836 0.03250002861022949 0.04625000059604645
0 0.9700000882148743 0.1368750035762787 0.05500001832842827 0.07375000417232513
0 0.861875057220459 0.07125000655651093 0.03125 0.05249999836087227
0 0.9362500309944153 0.09375 0.03750000149011612 0.05499999597668648
0 0.5900000333786011 0.05062500387430191 0.027499962598085403 0.04125000163912773
0 0.9225000143051147 0.08250000327825546 0.0350000374019146 0.05000000447034836
