0 0.5546875 0.6390625238418579 0.05000000074505806 0.07187499850988388
0 0.817187488079071 0.582812488079071 0.02187499962747097 0.03750000149011612
0 0.765625 0.56640625 0.01875000074505806 0.02656250074505806
0 1.0656249523162842 0.5531250238418579 0.015625 0.02187499962747097
0 1.0859375 0.55078125 0.015625 0.02031249925494194
0 0.893750011920929 0.55078125 0.015625 0.02031249925494194
0 1.236718773841858 0.578906238079071 0.02031249925494194 0.03593749925494194
0 1.360937476158142 0.5375000238418579 0.015625 0.015625
0 1.3203125 0.5523437261581421 0.015625 0.0234375
0 1.1953125 0.535937488079071 0.015625 0.015625
0 1.0750000476837158 0.535937488079071 0.015625 0.015625
