0 0.255126953125 0.42138671875 0.03564453125 0.0498046875
0 0.178955078125 0.377685546875 0.02880859375 0.03076171875
0 0.314208984375 0.333251953125 0.01123046875 0.01806640625
0 0.435302734375 0.3330078125 0.01416015625 0.0205078125
0 0.54931640625 0.339599609375 0.017578125 0.02099609375
0 0.727294921875 0.3623046875 0.02197265625 0.029296875
0 0.195068359375 0.33349609375 0.01318359375 0.0166015625
0 0.09228515625 0.32666015625 0.0087890625 0.01171875
0 0.236328125 0.32080078125 0.009765625 0.0146484375
0 0.03076171875 0.334228515625 0.0107421875 0.01416015625
0 0.04638671875 0.3642578125 0.01953125 0.0234375
0 0.1640625 0.330322265625 0.0107421875 0.01513671875
0 0.185546875 0.31884765625 0.0087890625 0.009765625
0 0.399169921875 0.304931640625 0.00634765625 0.00830078125
0 0.301025390625 0.3115234375 0.00732421875 0.0107421875
0 0.28173828125 0.309814453125 0.0068359375 0.00830078125
0 0.39404296875 0.30126953125 0.0048828125 0.005859375
0 0.57421875 0.2958984375 0.0048828125 0.0068359375
0 0.653076171875 0.29345703125 0.00537109375 0.0078125
0 0.537109375 0.293701171875 0.0048828125 0.00634765625
0 0.495361328125 0.2998046875 0.00634765625 0.0087890625
0 0.33154296875 0.300048828125 0.0048828125 0.00830078125
0 0.482421875 0.296630859375 0.0048828125 0.00732421875
0 0.688720703125 0.289306640625 0.00537109375 0.00927734375
0 0.6982421875 0.28955078125 0.005859375 0.009765625
