0 1.1960937976837158 1.201562523841858 0.1015625 0.11874999850988388
0 1.795312523841858 1.11328125 0.06875000149011612 0.1015625
0 2.340625047683716 1.044531226158142 0.04062499850988388 0.04843749850988388
0 2.803906202316284 1.1749999523162842 0.07656250149011612 0.10000000149011612
0 2.4515624046325684 1.032812476158142 0.03125 0.0625
0 2.526562452316284 1.021093726158142 0.03437500074505806 0.04218750074505806
0 2.797656297683716 1.126562476158142 0.0546875 0.06875000149011612
0 2.8343749046325684 1.099218726158142 0.04374999925494194 0.05781250074505806
0 2.62109375 1.0085937976837158 0.0234375 0.03281249850988388
0 2.710156202316284 0.995312511920929 0.02031249925494194 0.02500000037252903
0 2.928906202316284 1.037500023841858 0.03593749925494194 0.04062499850988388
0 2.754687547683716 0.9937499761581421 0.02187499962747097 0.03750000149011612
0 2.9703125953674316 1.015625 0.02500000037252903 0.03437500074505806
0 2.793750047683716 0.9867187738418579 0.015625 0.0234375
0 2.825000047683716 0.9828125238418579 0.015625 0.02187499962747097
0 2.8499999046325684 0.981249988079071 0.015625 0.01875000074505806
0 0.8187500238418579 1.002343773841858 0.05000000074505806 0.02656250074505806
0 1.3210937976837158 0.97265625 0.04531250149011612 0.0234375
0 1.8203125 0.9515625238418579 0.02812499925494194 0.02187499962747097
