0 0.21796874701976776 0.2718749940395355 0.0546875 0.0625
0 0.625781238079071 0.234375 0.04843749850988388 0.03750000149011612
0 0.508593738079071 0.22109374403953552 0.04843749850988388 0.0390625
0 0.09687499701976776 0.4046874940395355 0.08437500149011612 0.11249999701976776
0 0.45625001192092896 0.22890624403953552 0.04374999925494194 0.0390625
0 0.2750000059604645 0.20703125 0.02812499925494194 0.03593749925494194
0 0.653124988079071 0.13984374701976776 0.02187499962747097 0.03281249850988388
0 0.684374988079071 0.08671875298023224 0.02187499962747097 0.0390625
0 0.992968738079071 0.17734375596046448 0.02968749962747097 0.06093750149011612
0 0.637499988079071 0.1875 0.01875000074505806 0.03437500074505806
0 0.624218761920929 0.14296874403953552 0.0234375 0.02968749962747097
0 0.01875000074505806 0.24453124403953552 0.03750000149011612 0.04531250149011612
0 0.5874999761581421 0.18125000596046448 0.01875000074505806 0.02812499925494194
0 0.09140624850988388 0.21015624701976776 0.02968749962747097 0.03281249850988388
0 0.2796874940395355 0.18828125298023224 0.02187499962747097 0.02656250074505806
0 0.12890625 0.18593749403953552 0.02031249925494194 0.02500000037252903
0 0.2789062559604645 0.16796875 0.01406249962747097 0.02031249925494194
0 0.13359375298023224 0.16640624403953552 0.01406249962747097 0.01718750037252903
0 0.26484376192092896 0.17499999701976776 0.01718750037252903 0.02500000037252903
0 0.5445312261581421 0.1328125 0.01406249962747097 0.02187499962747097
0 0.5859375 0.13593749701976776 0.015625 0.02187499962747097
0 0.2890625 0.15390625596046448 0.00937500037252903 0.01406249962747097
0 0.18984374403953552 0.15781250596046448 0.01406249962747097 0.015625
0 0.15000000596046448 0.16328124701976776 0.01875000074505806 0.01718750037252903
0 0.2578125 0.16328124701976776 0.00937500037252903 0.01406249962747097
0 0.11406250298023224 0.17656250298023224 0.012500000186264515 0.01875000074505806
0 0.585156261920929 0.05781250074505806 0.02031249925494194 0.02812499925494194
0 0.573437511920929 0.17109374701976776 0.01875000074505806 0.0234375
0 0.328125 0.15312500298023224 0.00937500037252903 0.012500000186264515
0 0.25 0.16015625 0.00937500037252903 0.01718750037252903
0 0.11484374850988388 0.15546874701976776 0.010937499813735485 0.01406249962747097
0 0.4820312559604645 0.11171875149011612 0.03593749925494194 0.04218750074505806
0 0.05937499925494194 0.16328124701976776 0.012500000186264515 0.01406249962747097
0 0.21484375 0.15390625596046448 0.01406249962747097 0.01406249962747097
0 0.08906249701976776 0.15703125298023224 0.00937500037252903 0.010937499813735485
0 0.36250001192092896 0.15156249701976776 0.00937500037252903 0.012500000186264515
0 0.13124999403953552 0.15390625596046448 0.00937500037252903 0.010937499813735485
0 0.3812499940395355 0.1484375 0.00937500037252903 0.012500000186264515
0 0.27031248807907104 0.14687499403953552 0.00937500037252903 0.012500000186264515
0 0.26093751192092896 0.15078124403953552 0.00937500037252903 0.01406249962747097
0 0.2984375059604645 0.14765624701976776 0.00937500037252903 0.010937499813735485
