0 0.21124999225139618 0.265625 0.08000000566244125 0.04874999448657036
0 0.3956250250339508 0.17499999701976776 0.026250004768371582 0.0325000062584877
0 0.6737500429153442 0.17000000178813934 0.03499998897314072 0.04500000551342964
0 0.7925000190734863 0.24437499046325684 0.0625 0.07124998420476913
0 0.6381250619888306 0.14625000953674316 0.023749971762299538 0.030000006780028343
0 0.6131249666213989 0.13624998927116394 0.01875000074505806 0.02250000275671482
0 0.5768750309944153 0.12937501072883606 0.013749981299042702 0.01875000074505806
0 0.46812501549720764 0.1275000125169754 0.013749981299042702 0.019999992102384567
0 0.6000000238418579 0.13062500953674316 0.0175000187009573 0.026249993592500687
0 0.45250001549720764 0.13624998927116394 0.012500000186264515 0.02250000275671482
