0 0.760546863079071 0.24726562201976776 0.008593750186264515 0.01328125037252903
0 0.11562500149011612 0.37968748807907104 0.03593749925494194 0.05312500149011612
0 0.51171875 0.24882812798023224 0.010937499813735485 0.014843749813735485
0 0.69921875 0.35039061307907104 0.03437500074505806 0.05234374850988388
0 0.43437498807907104 0.27265626192092896 0.01718750037252903 0.02187499962747097
0 0.641406238079071 0.24687500298023224 0.0078125 0.012500000186264515
0 0.5433593988418579 0.24062499403953552 0.008593750186264515 0.012500000186264515
0 0.61328125 0.23554687201976776 0.0078125 0.008593750186264515
0 0.71875 0.236328125 0.0078125 0.01015624962747097
0 0.6937500238418579 0.22968749701976776 0.0078125 0.0078125
