0 0.6975000500679016 0.12437500804662704 0.059999991208314896 0.07874999940395355
0 0.6725000143051147 0.34562501311302185 0.07249999046325684 0.10375001281499863
0 0.36500000953674316 0.05874999612569809 0.047499991953372955 0.07000000029802322
0 0.5837500095367432 0.07437499612569809 0.02500000037252903 0.04124999791383743
0 0.29625001549720764 0.37562498450279236 0.04249999672174454 0.046249985694885254
0 0.5543749928474426 0.13250000774860382 0.011249971576035023 0.01749999448657036
0 0.5337499976158142 0.1106250062584877 0.007499980740249157 0.011249994859099388
0 0.4962500035762787 0.11437499523162842 0.007499980740249157 0.011250006966292858
0 0.4787500500679016 0.1756249964237213 0.020000029355287552 0.033750008791685104
0 0.4637499749660492 0.08875000476837158 0.015000009909272194 0.017500001937150955
0 0.46875 0.12937501072883606 0.012500000186264515 0.01625000312924385
