0 0.7668749690055847 0.24937501549720764 0.07625003159046173 0.10375000536441803
0 0.39250001311302185 0.20750001072883606 0.07000000774860382 0.08500000089406967
0 0.12124999612569809 0.18312498927116394 0.05250000208616257 0.07375000417232513
0 0.22374999523162842 0.07562500238418579 0.02500000037252903 0.036250002682209015
0 0.3643750250339508 0.08249999582767487 0.028750013560056686 0.03999999910593033
0 0.8068750500679016 0.09875000268220901 0.033750008791685104 0.04750000312924385
0 0.6331250071525574 0.08875000476837158 0.03125 0.042500000447034836
0 0.6475000381469727 0.07750000059604645 0.022499989718198776 0.03750000149011612
0 0.4818750023841858 0.09437499940395355 0.03125 0.036250002682209015
0 0.4987500309944153 0.07375000417232513 0.022499989718198776 0.03750000149011612
0 0.9781249761581421 0.08500000089406967 0.028750037774443626 0.04500000551342964
0 0.8206250071525574 0.08124999701976776 0.023749923333525658 0.03750000149011612
0 0.013125000521540642 0.3774999976158142 0.026250001043081284 0.04249999672174454
