0 0.3487499952316284 0.7640625238418579 0.0925000011920929 0.296875
0 0.6625000238418579 0.6171875 0.07249999791383743 0.234375
0 0.8268749713897705 0.503125011920929 0.05375000089406967 0.16875000298023224
0 0.6937500238418579 0.4296875 0.03999999910593033 0.140625
0 0.15062500536441803 0.5765625238418579 0.0637499988079071 0.21562500298023224
0 0.4675000011920929 0.35624998807907104 0.032499998807907104 0.11874999850988388
0 0.2381249964237213 0.33906251192092896 0.036249998956918716 0.12187500298023224
0 0.36250001192092896 0.31562501192092896 0.03500000014901161 0.10625000298023224
0 0.3306249976158142 0.27031248807907104 0.026249999180436134 0.09062500298023224
0 0.18250000476837158 0.4781250059604645 0.04500000178813934 0.16875000298023224
0 0.9399999976158142 0.375 0.032499998807907104 0.10625000298023224
0 0.7862499952316284 0.33281248807907104 0.027499999850988388 0.10312499850988388
0 0.8631250262260437 0.28437501192092896 0.026249999180436134 0.08749999850988388
0 0.9606249928474426 0.31718748807907104 0.026249999180436134 0.09687499701976776
0 0.7306249737739563 0.2828125059604645 0.021250000223517418 0.08437500149011612
0 0.26374998688697815 0.25468748807907104 0.02250000089406967 0.09062500298023224
0 0.30125001072883606 0.20468750596046448 0.019999999552965164 0.06562499701976776
0 0.7074999809265137 0.2562499940395355 0.02250000089406967 0.09375
0 0.6200000047683716 0.19218750298023224 0.019999999552965164 0.07187499850988388
0 0.38187500834465027 0.23125000298023224 0.01875000074505806 0.06875000149011612
0 0.5724999904632568 0.21250000596046448 0.019999999552965164 0.06875000149011612
0 0.3268750011920929 0.15781250596046448 0.01875000074505806 0.07187499850988388
0 0.13437500596046448 0.03750000149011612 0.04625000059604645 0.07500000298023224
0 0.3737500011920929 0.1171875 0.014999999664723873 0.05937499925494194
0 0.3956249952316284 0.0703125 0.008750000037252903 0.03437500074505806
0 0.3881250023841858 0.16562500596046448 0.021250000223517418 0.06875000149011612
0 0.41062501072883606 0.13124999403953552 0.013749999925494194 0.05624999850988388
0 0.5962499976158142 0.13593749701976776 0.012500000186264515 0.05937499925494194
0 0.5712500214576721 0.15468749403953552 0.014999999664723873 0.05312500149011612
0 0.5793750286102295 0.1171875 0.016249999403953552 0.05312500149011612
0 0.42625001072883606 0.09062500298023224 0.014999999664723873 0.05624999850988388
