0 0.8500000238418579 1.083593726158142 0.17499999701976776 0.23281249403953552
0 1.9562499523162842 0.659375011920929 0.04374999925494194 0.06562499701976776
0 2.0718750953674316 0.680468738079071 0.06875000149011612 0.04843749850988388
0 0.59375 1.407812476158142 0.19062499701976776 0.36250001192092896
0 2.421875 0.719531238079071 0.06562499701976776 0.0546875
0 2.2632813453674316 0.702343761920929 0.06406249850988388 0.04531250149011612
0 1.642187476158142 0.577343761920929 0.02500000037252903 0.04218750074505806
0 1.3992187976837158 0.617968738079071 0.03593749925494194 0.04843749850988388
0 1.88671875 0.567187488079071 0.02031249925494194 0.03750000149011612
0 1.916406273841858 0.5648437738418579 0.02031249925494194 0.02968749962747097
