0 0.3359375 0.6875 0.078125 0.10000000149011612
0 1.3624999523162842 0.546875 0.03750000149011612 0.05000000074505806
0 0.90625 0.518750011920929 0.02812499925494194 0.04374999925494194
0 1.548437476158142 0.739062488079071 0.08437500149011612 0.11249999701976776
0 1.3976562023162842 0.508593738079071 0.0234375 0.0390625
0 1.088281273841858 0.49140626192092896 0.0234375 0.03281249850988388
0 1.4812500476837158 0.48906248807907104 0.01875000074505806 0.02812499925494194
0 1.290624976158142 0.4742187559604645 0.015625 0.0234375
0 1.592187523841858 0.484375 0.015625 0.02187499962747097
0 1.7265625 0.4828124940395355 0.015625 0.015625
