0 0.9624999761581421 0.33812499046325684 0.07250003516674042 0.11625001579523087
0 0.9293750524520874 0.25562500953674316 0.06624994426965714 0.08624999225139618
0 0.809374988079071 0.23187501728534698 0.05624999850988388 0.07874999940395355
0 0.7475000619888306 0.19875000417232513 0.04500002786517143 0.05750000476837158
0 0.6950000524520874 0.171875 0.03750000149011612 0.05125000327825546
0 0.027499999850988388 0.2581250071525574 0.044999998062849045 0.07625000178813934
0 0.048750001937150955 0.22812500596046448 0.04750000312924385 0.06875000149011612
0 0.22312501072883606 0.18187499046325684 0.028749991208314896 0.04624999687075615
0 0.17499999701976776 0.12000000476837158 0.02500000037252903 0.042500000447034836
0 0.16500000655651093 0.19625000655651093 0.04250000789761543 0.05749999359250069
0 0.25312501192092896 0.17687499523162842 0.026250004768371582 0.03374999761581421
0 0.14000001549720764 0.10499999672174454 0.019999992102384567 0.03999999910593033
0 0.6381250023841858 0.1599999964237213 0.01875000074505806 0.03750000149011612
0 0.34187501668930054 0.14625000953674316 0.016249990090727806 0.030000006780028343
0 0.39250001311302185 0.1418749988079071 0.02500002458691597 0.023749995976686478
0 0.37687501311302185 0.13375000655651093 0.013750004582107067 0.030000006780028343
0 0.2893750071525574 0.1574999988079071 0.04125001281499863 0.02500000037252903
0 0.5881250500679016 0.12312500178813934 0.013750028796494007 0.03374999761581421
0 0.14000000059604645 0.15125000476837158 0.03750000149011612 0.04750000312924385
0 0.39625000953674316 0.12000000476837158 0.0175000187009573 0.02250000275671482
0 0.5737500190734863 0.12937501072883606 0.012500000186264515 0.023749995976686478
0 0.2750000059604645 0.1681250035762787 0.022499989718198776 0.04125000163912773
0 0.5931249856948853 0.140625 0.026249980553984642 0.03125
0 0.6150000095367432 0.16312500834465027 0.03249998018145561 0.05875001102685928
