0 0.208251953125 0.50634765625 0.07275390625 0.078125
0 0.240966796875 0.379150390625 0.02587890625 0.03564453125
0 0.86376953125 0.3740234375 0.02734375 0.0361328125
0 0.650390625 0.355224609375 0.0244140625 0.03271484375
0 0.49462890625 0.337158203125 0.0185546875 0.02490234375
0 0.47021484375 0.32470703125 0.013671875 0.0185546875
0 0.26171875 0.342529296875 0.013671875 0.02001953125
0 0.35888671875 0.3193359375 0.0068359375 0.01171875
0 0.568359375 0.317626953125 0.013671875 0.01611328125
0 0.302490234375 0.32763671875 0.00830078125 0.013671875
0 0.42041015625 0.314208984375 0.0078125 0.01123046875
0 0.648193359375 0.31103515625 0.00927734375 0.01171875
0 0.6298828125 0.305419921875 0.0048828125 0.00927734375
0 0.767578125 0.304443359375 0.0048828125 0.00830078125
0 0.914306640625 0.311767578125 0.00830078125 0.01220703125
0 0.517822265625 0.309814453125 0.00830078125 0.01025390625
0 0.89306640625 0.30322265625 0.0078125 0.01171875
0 0.777587890625 0.310302734375 0.01025390625 0.01416015625
