0 0.8525390625 0.44580078125 0.0517578125 0.0634765625
0 0.18017578125 0.45947265625 0.0478515625 0.0654296875
0 0.60595703125 0.33935546875 0.017578125 0.021484375
0 0.589599609375 0.325439453125 0.01416015625 0.02978515625
0 0.396240234375 0.34130859375 0.01318359375 0.0205078125
0 0.57861328125 0.32275390625 0.013671875 0.02734375
0 0.411376953125 0.32763671875 0.01513671875 0.03125
0 0.431396484375 0.31982421875 0.00830078125 0.0146484375
0 0.56005859375 0.319091796875 0.009765625 0.01318359375
0 0.542236328125 0.3125 0.00732421875 0.009765625
0 0.438232421875 0.312744140625 0.00732421875 0.01123046875
0 0.448486328125 0.30712890625 0.00537109375 0.0078125
0 0.418212890625 0.322998046875 0.01123046875 0.02587890625
