0 0.913818359375 0.6139323115348816 0.05419921875 0.0846354141831398
0 0.273681640625 0.5963541865348816 0.04931640625 0.0846354141831398
0 0.412841796875 0.4586588442325592 0.01708984375 0.033203125
0 0.652587890625 0.4573567807674408 0.01708984375 0.033203125
0 0.6015625 0.4280599057674408 0.0087890625 0.01888020895421505
0 0.4423828125 0.4231770932674408 0.009765625 0.01692708395421505
0 0.59423828125 0.4205729067325592 0.0087890625 0.015625
0 0.607177734375 0.4150390625 0.00732421875 0.013671875
0 0.459228515625 0.4153645932674408 0.00634765625 0.013020833022892475
0 0.5078125 0.4098307192325592 0.005859375 0.011067708022892475
0 0.5634765625 0.4033203125 0.0048828125 0.008463541977107525
0 0.6318359375 0.408203125 0.005859375 0.01171875
0 0.649169921875 0.404296875 0.00537109375 0.010416666977107525
