0 0.198974609375 0.6197916865348816 0.07470703125 0.1614583283662796
0 0.850341796875 0.6298828125 0.08935546875 0.1712239533662796
0 0.687744140625 0.5159505009651184 0.03271484375 0.0540364570915699
0 0.316650390625 0.5325520634651184 0.03466796875 0.0611979179084301
0 0.611083984375 0.4635416567325592 0.01904296875 0.0364583320915699
0 0.388916015625 0.4606119692325592 0.01904296875 0.037109375
0 0.543701171875 0.4143880307674408 0.00927734375 0.01627604104578495
0 0.53369140625 0.4072265625 0.0078125 0.013671875
0 0.56005859375 0.4274088442325592 0.013671875 0.021484375
0 0.427001953125 0.4251302182674408 0.01318359375 0.02213541604578495
0 0.441162109375 0.4127604067325592 0.00927734375 0.014322916977107525
0 0.046142578125 0.849609375 0.09130859375 0.2291666716337204
0 0.52490234375 0.4010416567325592 0.0048828125 0.010416666977107525
0 0.451171875 0.4007161557674408 0.0048828125 0.009765625
0 0.52001953125 0.3968099057674408 0.0048828125 0.009765625
0 0.51806640625 0.392578125 0.0048828125 0.0078125
0 0.45703125 0.396484375 0.0048828125 0.0065104165114462376
0 0.969970703125 0.8069661259651184 0.05908203125 0.1360677033662796
0 0.446044921875 0.4069010317325592 0.00634765625 0.010416666977107525
