0 0.6506249904632568 0.7046874761581421 0.07874999940395355 0.27812498807907104
0 0.5368750095367432 0.699999988079071 0.10125000029802322 0.19374999403953552
0 0.7068750262260437 0.2828125059604645 0.08375000208616257 0.24687500298023224
0 0.46437498927116394 0.26093751192092896 0.05874999985098839 0.19062499701976776
0 0.41499999165534973 0.5484374761581421 0.06750000268220901 0.18437500298023224
0 0.4650000035762787 0.6484375 0.05999999865889549 0.234375
0 0.3050000071525574 0.24062499403953552 0.04749999940395355 0.16249999403953552
0 0.18187500536441803 0.921875 0.09375 0.15000000596046448
0 0.11375000327825546 0.8984375 0.11749999970197678 0.19687500596046448
0 0.49687498807907104 0.6109374761581421 0.05624999850988388 0.17812499403953552
