0 0.083251953125 0.6067708134651184 0.05322265625 0.0859375
0 0.387939453125 0.4716796875 0.02099609375 0.0358072929084301
0 0.41650390625 0.44140625 0.0126953125 0.0234375
0 0.72607421875 0.4661458432674408 0.0185546875 0.0325520820915699
0 0.79833984375 0.57421875 0.0439453125 0.0729166641831398
0 0.6650390625 0.44140625 0.013671875 0.0234375
0 0.466796875 0.4137369692325592 0.0107421875 0.01888020895421505
0 0.401611328125 0.4283854067325592 0.01123046875 0.02213541604578495
0 0.542236328125 0.41796875 0.00927734375 0.01692708395421505
0 0.611572265625 0.4251302182674408 0.01220703125 0.02083333395421505
0 0.3310546875 0.4248046875 0.0087890625 0.017578125
0 0.226318359375 0.42578125 0.00830078125 0.01692708395421505
0 0.24951171875 0.4150390625 0.0078125 0.013671875
0 0.132568359375 0.4264322817325592 0.00830078125 0.014322916977107525
0 0.20751953125 0.4147135317325592 0.0068359375 0.013020833022892475
0 0.333251953125 0.4130859375 0.00732421875 0.014973958022892475
0 0.404541015625 0.4111328125 0.00732421875 0.013671875
0 0.271728515625 0.4036458432674408 0.00537109375 0.009114583022892475
0 0.235595703125 0.4085286557674408 0.00634765625 0.011067708022892475
0 0.1201171875 0.4163411557674408 0.0048828125 0.009765625
0 0.33984375 0.3974609375 0.0048828125 0.009765625
0 0.178466796875 0.41015625 0.00830078125 0.010416666977107525
0 0.407958984375 0.3922525942325592 0.00537109375 0.008463541977107525
0 0.09375 0.42578125 0.0087890625 0.01171875
0 0.2451171875 0.4020182192325592 0.0048828125 0.0071614584885537624
0 0.43505859375 0.3870442807674408 0.0048828125 0.0071614584885537624
0 0.32763671875 0.39453125 0.0048828125 0.0078125
0 0.46484375 0.3876953125 0.0048828125 0.008463541977107525
0 0.39306640625 0.3893229067325592 0.0048828125 0.0065104165114462376
