0 0.8974609375 0.59375 0.0556640625 0.078125
0 0.33203125 0.5641276240348816 0.0400390625 0.0748697891831398
0 0.8466796875 0.4850260317325592 0.0205078125 0.03515625
0 0.70263671875 0.4801432192325592 0.021484375 0.037109375
0 0.40576171875 0.4772135317325592 0.0224609375 0.0364583320915699
0 0.429931640625 0.4488932192325592 0.01513671875 0.02408854104578495
0 0.758056640625 0.4567057192325592 0.01611328125 0.02669270895421505
0 0.658203125 0.4534505307674408 0.015625 0.025390625
0 0.49267578125 0.4339192807674408 0.0126953125 0.021484375
0 0.591796875 0.4264322817325592 0.009765625 0.01692708395421505
0 0.68310546875 0.447265625 0.013671875 0.02473958395421505
0 0.7099609375 0.4326171875 0.0107421875 0.01627604104578495
0 0.848388671875 0.447265625 0.01123046875 0.01822916604578495
