0 0.6411458253860474 0.2083333432674408 0.012500000186264515 0.018750011920928955
0 0.3596354126930237 0.1989583522081375 0.011979150585830212 0.021875012665987015
0 0.7250000238418579 0.19140625 0.008333349600434303 0.01614583656191826
0 0.6223958730697632 0.18177083134651184 0.008333301171660423 0.015625
0 0.6091145873069763 0.17760416865348816 0.005729198455810547 0.008333337493240833
0 0.5239583253860474 0.17135417461395264 0.005208301357924938 0.008333337493240833
0 0.41093748807907104 0.17734375596046448 0.008333349600434303 0.013020837679505348
0 0.29869791865348816 0.17343750596046448 0.0067708492279052734 0.008333337493240833
0 0.3645833432674408 0.17239584028720856 0.005208325572311878 0.008333325386047363
0 0.401822954416275 0.17265625298023224 0.0057291509583592415 0.009895836934447289
0 0.589062511920929 0.1796875 0.005208349321037531 0.010416662320494652
0 0.24427084624767303 0.1783854216337204 0.0062500000931322575 0.008854162879288197
0 0.692187488079071 0.18385417759418488 0.005208349321037531 0.008333337493240833
0 0.0859375 0.20703125 0.010416668839752674 0.01718750037252903
0 0.01458333432674408 0.20729167759418488 0.00729166716337204 0.014583349227905273
