0 0.328125 0.33867186307907104 0.03125 0.04921875149011612
0 0.4535156190395355 0.27617186307907104 0.008593750186264515 0.01328125037252903
0 0.498046875 0.3355468809604645 0.03046875074505806 0.04765624925494194
0 0.7242187261581421 0.27656251192092896 0.012500000186264515 0.01718750037252903
0 0.66796875 0.26835936307907104 0.010937499813735485 0.01328125037252903
0 0.6070312261581421 0.27070313692092896 0.00937500037252903 0.01328125037252903
0 0.716796875 0.26640623807907104 0.008593750186264515 0.012500000186264515
0 0.5238281488418579 0.2738281190395355 0.01015624962747097 0.01171875
0 0.3687500059604645 0.28046876192092896 0.00937500037252903 0.012500000186264515
0 0.17070312798023224 0.4097656309604645 0.05703125149011612 0.08359374850988388
