0 0.7476562261581421 0.28203123807907104 0.0234375 0.02968749962747097
0 0.4320312440395355 0.2906250059604645 0.02031249925494194 0.02812499925494194
0 0.05937499925494194 0.30156248807907104 0.00937500037252903 0.01718750037252903
0 0.6468750238418579 0.24687500298023224 0.00937500037252903 0.01406249962747097
0 0.5152343511581421 0.2503906190395355 0.008593750186264515 0.01328125037252903
0 0.068359375 0.29960936307907104 0.01328125037252903 0.01796874962747097
0 0.08046875149011612 0.296875 0.010937499813735485 0.015625
0 0.609375 0.23398438096046448 0.0078125 0.008593750186264515
0 0.589062511920929 0.22578124701976776 0.0078125 0.0078125
0 0.546093761920929 0.24062499403953552 0.0078125 0.0078125
0 0.634765625 0.23906250298023224 0.008593750186264515 0.010937499813735485
0 0.778124988079071 0.23203125596046448 0.0078125 0.00937500037252903
0 0.6812499761581421 0.23476561903953552 0.0078125 0.008593750186264515
