0 0.61767578125 0.386474609375 0.0322265625 0.04150390625
0 0.43017578125 0.34228515625 0.0185546875 0.0244140625
0 0.184326171875 0.365234375 0.01806640625 0.02734375
0 0.05859375 0.60986328125 0.103515625 0.123046875
0 0.135009765625 0.454345703125 0.04736328125 0.06298828125
0 0.36572265625 0.32958984375 0.009765625 0.015625
0 0.21728515625 0.324462890625 0.0048828125 0.00927734375
0 0.205078125 0.3427734375 0.0107421875 0.015625
0 0.213134765625 0.333251953125 0.00830078125 0.01220703125
0 0.308837890625 0.317626953125 0.00537109375 0.01025390625
0 0.2919921875 0.314453125 0.0048828125 0.0078125
0 0.28515625 0.31201171875 0.0048828125 0.0068359375
0 0.326416015625 0.321044921875 0.00830078125 0.01220703125
