0 0.20937499403953552 0.5599662065505981 0.051249999552965164 0.08614864945411682
0 0.375 0.4307432472705841 0.019999999552965164 0.04054053872823715
0 0.6331250071525574 0.42229729890823364 0.023749999701976776 0.04054053872823715
0 0.3087500035762787 0.41469594836235046 0.012500000186264515 0.02871621586382389
0 0.7506250143051147 0.4746621549129486 0.036249998956918716 0.06081081181764603
0 0.5212500095367432 0.40371620655059814 0.014999999664723873 0.027027027681469917
0 0.40937501192092896 0.3994932472705841 0.013749999925494194 0.025337837636470795
0 0.33500000834465027 0.39780405163764954 0.012500000186264515 0.0219594594091177
0 0.26625001430511475 0.39695945382118225 0.009999999776482582 0.020270269364118576
0 0.24812500178813934 0.40793919563293457 0.011250000447034836 0.0219594594091177
0 0.18562500178813934 0.40878379344940186 0.011250000447034836 0.020270269364118576
0 0.21437500417232513 0.4011824429035187 0.016249999403953552 0.02871621586382389
