0 0.446044921875 0.33154296875 0.00927734375 0.015625
0 0.351318359375 0.380615234375 0.01806640625 0.03564453125
0 0.731201171875 0.37841796875 0.02392578125 0.0341796875
0 0.599853515625 0.32177734375 0.01123046875 0.0224609375
0 0.611083984375 0.331298828125 0.01123046875 0.01611328125
0 0.580810546875 0.317138671875 0.00732421875 0.01123046875
0 0.45458984375 0.322509765625 0.01171875 0.02392578125
0 0.569580078125 0.3125 0.00732421875 0.0107421875
0 0.4599609375 0.31884765625 0.0107421875 0.0224609375
0 0.469482421875 0.3173828125 0.00732421875 0.01171875
0 0.474365234375 0.3125 0.00537109375 0.009765625
0 0.498046875 0.30517578125 0.0048828125 0.0048828125
0 0.5546875 0.307373046875 0.0048828125 0.00732421875
0 0.59326171875 0.3193359375 0.0087890625 0.021484375
0 0.4833984375 0.30810546875 0.0048828125 0.0078125
0 0.51220703125 0.3037109375 0.0048828125 0.0048828125
0 0.54296875 0.300537109375 0.0048828125 0.00537109375
0 0.5556640625 0.30224609375 0.0048828125 0.005859375
0 0.56689453125 0.3046875 0.0048828125 0.005859375
