0 0.178955078125 0.461181640625 0.06298828125 0.11962890625
0 0.268310546875 0.404541015625 0.05322265625 0.09326171875
0 0.896240234375 0.457763671875 0.08740234375 0.11962890625
0 0.669189453125 0.357421875 0.02587890625 0.03125
0 0.4140625 0.3271484375 0.0146484375 0.017578125
0 0.372802734375 0.358154296875 0.02392578125 0.02978515625
0 0.615234375 0.331298828125 0.0205078125 0.01806640625
0 0.442626953125 0.310791015625 0.00927734375 0.01416015625
0 0.796875 0.410400390625 0.060546875 0.08837890625
0 0.563232421875 0.301025390625 0.00634765625 0.00927734375
0 0.55517578125 0.297119140625 0.0068359375 0.00537109375
0 0.466796875 0.3046875 0.0107421875 0.0078125
0 0.562255859375 0.30859375 0.00732421875 0.009765625
