0 0.849853515625 0.6295573115348816 0.08935546875 0.1770833283662796
0 0.20068359375 0.6214192509651184 0.076171875 0.1634114533662796
0 0.689208984375 0.5149739384651184 0.03173828125 0.0520833320915699
0 0.61083984375 0.4625650942325592 0.0205078125 0.0358072929084301
0 0.316650390625 0.5309244990348816 0.03369140625 0.060546875
0 0.388671875 0.4609375 0.015625 0.0325520820915699
0 0.427001953125 0.4244791567325592 0.01025390625 0.01953125
0 0.560546875 0.4274088442325592 0.0107421875 0.01888020895421505
0 0.440673828125 0.4134114682674408 0.00537109375 0.01171875
0 0.54443359375 0.4143880307674408 0.0078125 0.014973958022892475
0 0.533447265625 0.4069010317325592 0.00634765625 0.01171875
0 0.52490234375 0.4016927182674408 0.0048828125 0.010416666977107525
0 0.44580078125 0.40625 0.005859375 0.01171875
0 0.048828125 0.830078125 0.09765625 0.2291666716337204
0 0.451171875 0.400390625 0.0048828125 0.010416666977107525
0 0.5205078125 0.3971354067325592 0.0048828125 0.009114583022892475
