0 0.08544921875 0.332275390625 0.0185546875 0.02685546875
0 0.10986328125 0.329345703125 0.015625 0.02490234375
0 0.183349609375 0.32421875 0.00927734375 0.0126953125
0 0.1591796875 0.319580078125 0.0078125 0.01123046875
0 0.23388671875 0.318359375 0.0068359375 0.0087890625
0 0.281005859375 0.312744140625 0.00634765625 0.00732421875
0 0.255615234375 0.309814453125 0.00537109375 0.00830078125
0 0.2177734375 0.31396484375 0.0048828125 0.0078125
0 0.30859375 0.303955078125 0.0048828125 0.00634765625
0 0.33642578125 0.3056640625 0.0048828125 0.005859375
0 0.28369140625 0.306884765625 0.0048828125 0.00634765625
0 0.34375 0.299560546875 0.0048828125 0.00537109375
0 0.3271484375 0.30126953125 0.0048828125 0.0068359375
0 0.365966796875 0.30224609375 0.00537109375 0.0048828125
0 0.313720703125 0.308349609375 0.00634765625 0.00732421875
0 0.351806640625 0.303955078125 0.00537109375 0.00537109375
