0 0.8541666865348816 0.6449074149131775 0.05937499925494194 0.09537036716938019
0 0.7593749761581421 0.6254629492759705 0.0416666679084301 0.125
0 0.3083333373069763 0.4902777671813965 0.03229166567325592 0.07685185223817825
0 0.6278645992279053 0.3662036955356598 0.01406249962747097 0.034259259700775146
0 0.5026041865348816 0.38657405972480774 0.01875000074505806 0.05092592537403107
0 0.831250011920929 0.4078703820705414 0.014583333395421505 0.03611111268401146
0 0.6408854126930237 0.3620370328426361 0.008854166604578495 0.031481482088565826
0 0.7770833373069763 0.35879629850387573 0.008333333767950535 0.023148147389292717
0 0.6513020992279053 0.3342592716217041 0.0078125 0.02222222276031971
0 0.9809895753860474 0.6907407641410828 0.0338541679084301 0.0962962955236435
0 0.6341145634651184 0.31018519401550293 0.00572916679084301 0.012962962500751019
