0 0.4046874940395355 0.45390623807907104 0.04374999925494194 0.05781250074505806
0 0.515625 0.41093748807907104 0.02500000037252903 0.03750000149011612
0 0.2109375 0.606249988079071 0.09687499701976776 0.12187500298023224
0 1.02734375 0.453125 0.04843749850988388 0.0625
0 1.013281226158142 0.41015625 0.03281249850988388 0.0390625
0 1.169531226158142 0.39765626192092896 0.02968749962747097 0.0390625
0 0.594531238079071 0.39375001192092896 0.02031249925494194 0.03437500074505806
0 0.8062499761581421 0.38593751192092896 0.015625 0.02500000037252903
0 0.684374988079071 0.38593751192092896 0.012500000186264515 0.02812499925494194
0 0.19296875596046448 0.37421876192092896 0.010937499813735485 0.01718750037252903
0 0.26093751192092896 0.37187498807907104 0.00937500037252903 0.012500000186264515
0 0.10625000298023224 0.37812501192092896 0.015625 0.02500000037252903
0 0.08046875149011612 0.37031251192092896 0.01406249962747097 0.01875000074505806
0 0.22187499701976776 0.36250001192092896 0.00937500037252903 0.015625
