0 0.353515625 0.21796874701976776 0.02421874925494194 0.03437500074505806
0 0.26289063692092896 0.185546875 0.01328125037252903 0.02109375037252903
0 0.30195313692092896 0.17109374701976776 0.008593750186264515 0.012500000186264515
0 0.29609376192092896 0.19882813096046448 0.01718750037252903 0.02421874925494194
0 0.59375 0.19648437201976776 0.012500000186264515 0.02109375037252903
0 0.655468761920929 0.22773437201976776 0.01875000074505806 0.02890625037252903
0 0.43359375 0.17539063096046448 0.0078125 0.01328125037252903
0 0.565234363079071 0.1796875 0.008593750186264515 0.01406249962747097
0 0.3609375059604645 0.162109375 0.0078125 0.01015624962747097
0 0.46406251192092896 0.16015625 0.0078125 0.0078125
0 0.39140623807907104 0.15859374403953552 0.0078125 0.010937499813735485
