0 0.6875 0.38062500953674316 0.05500001832842827 0.07375001907348633
0 0.5131250619888306 0.37062501907348633 0.033750008791685104 0.053750015795230865
0 0.42000001668930054 0.3656249940395355 0.02500000037252903 0.041249990463256836
0 0.34437498450279236 0.359375 0.026250004768371582 0.03875000402331352
0 0.24562501907348633 0.3543750047683716 0.023749995976686478 0.03625001758337021
0 0.09812499582767487 0.3981249928474426 0.10375000536441803 0.11624999344348907
0 0.9700000882148743 0.4087499976158142 0.052500057965517044 0.12000000476837158
0 0.5856249928474426 0.3581250309944153 0.026250028982758522 0.033749986439943314
0 0.5575000047683716 0.3568750023841858 0.022499989718198776 0.03875000402331352
0 0.1368750035762787 0.34937500953674316 0.023750007152557373 0.028749991208314896
0 0.04437499865889549 0.36125001311302185 0.048750001937150955 0.060000013560056686
0 0.08249999582767487 0.3712500035762787 0.05249999836087227 0.07749998569488525
