0 2.7210936546325684 1.450781226158142 0.1640625 0.22343750298023224
0 2.0914063453674316 1.142968773841858 0.0703125 0.1015625
0 0.8257812261581421 1.5046875476837158 0.17343750596046448 0.2562499940395355
0 1.908593773841858 1.052343726158142 0.0390625 0.06093750149011612
0 1.2882812023162842 1.1414062976837158 0.07343749701976776 0.0859375
0 2.178906202316284 1.0265624523162842 0.03281249850988388 0.046875
0 2.0234375 1.0031249523162842 0.02812499925494194 0.04062499850988388
0 1.4109375476837158 1.05078125 0.04374999925494194 0.06093750149011612
0 1.8359375 1.009374976158142 0.02812499925494194 0.04062499850988388
0 2.3359375 0.9984375238418579 0.02500000037252903 0.03750000149011612
0 2.936718702316284 1.08203125 0.04843749850988388 0.05781250074505806
0 2.973437547683716 1.032812476158142 0.04374999925494194 0.046875
0 2.546093702316284 1.0625 0.04531250149011612 0.06562499701976776
0 1.790624976158142 0.985156238079071 0.02500000037252903 0.03593749925494194
0 1.475000023841858 1.0125000476837158 0.02500000037252903 0.04062499850988388
0 1.9226562976837158 0.975781261920929 0.0234375 0.03281249850988388
0 2.8179688453674316 1.0304687023162842 0.0390625 0.04218750074505806
0 1.8820312023162842 0.9609375 0.02031249925494194 0.02812499925494194
0 1.48828125 0.991406261920929 0.02031249925494194 0.03281249850988388
0 2.514843702316284 1.015625 0.02656250074505806 0.04374999925494194
0 2.200000047683716 0.9781249761581421 0.02187499962747097 0.03125
0 1.5046875476837158 0.975781261920929 0.015625 0.02656250074505806
0 1.853124976158142 0.9554687738418579 0.015625 0.02656250074505806
