0 0.4027343690395355 0.5444444417953491 0.01953125 0.0555555559694767
0 0.4593749940395355 0.4680555462837219 0.0078125 0.02777777798473835
0 0.7300781011581421 0.5270833373069763 0.01953125 0.05138888955116272
0 0.6324218511581421 0.4611110985279083 0.008593750186264515 0.02500000037252903
0 0.5863281488418579 0.42847222089767456 0.008593750186264515 0.02083333395421505
0 0.567187488079071 0.41805556416511536 0.0078125 0.013888888992369175
0 0.4898437559604645 0.43194442987442017 0.0078125 0.013888888992369175
0 0.5 0.4194444417953491 0.0078125 0.013888888992369175
0 0.5062500238418579 0.4138889014720917 0.0078125 0.013888888992369175
0 0.5546875 0.4069444537162781 0.0078125 0.013888888992369175
0 0.5601562261581421 0.4124999940395355 0.0078125 0.013888888992369175
