0 0.765869140625 0.396484375 0.03662109375 0.0439453125
0 0.66162109375 0.347412109375 0.017578125 0.02294921875
0 0.810302734375 0.35693359375 0.02392578125 0.02734375
0 0.33837890625 0.39794921875 0.0341796875 0.04296875
0 0.71435546875 0.33544921875 0.0146484375 0.0146484375
0 0.875732421875 0.33837890625 0.01416015625 0.01953125
0 0.42529296875 0.345703125 0.0166015625 0.017578125
0 0.6201171875 0.32958984375 0.013671875 0.017578125
0 0.820556640625 0.326904296875 0.01123046875 0.01513671875
0 0.44775390625 0.3271484375 0.0126953125 0.0166015625
0 0.78369140625 0.3232421875 0.01171875 0.0107421875
0 0.668212890625 0.32080078125 0.00927734375 0.0126953125
0 0.594970703125 0.321044921875 0.01025390625 0.00927734375
0 0.60888671875 0.31494140625 0.0087890625 0.0107421875
0 0.64404296875 0.31787109375 0.0107421875 0.0087890625
0 0.7236328125 0.316162109375 0.0078125 0.01025390625
0 0.587158203125 0.31591796875 0.01025390625 0.0126953125
0 0.45458984375 0.318603515625 0.0078125 0.01123046875
0 0.460205078125 0.314453125 0.00537109375 0.0107421875
0 0.560546875 0.310302734375 0.0048828125 0.00830078125
0 0.498291015625 0.311279296875 0.00634765625 0.00634765625
