0 0.24921874701976776 0.34648436307907104 0.04062499850988388 0.05390625074505806
0 0.2816406190395355 0.3492187559604645 0.03984374925494194 0.05624999850988388
0 0.28828126192092896 0.28515625 0.00937500037252903 0.01406249962747097
0 0.43437498807907104 0.28789061307907104 0.00937500037252903 0.014843749813735485
0 0.42070311307907104 0.287109375 0.01171875 0.014843749813735485
0 0.36328125 0.2769531309604645 0.0078125 0.01015624962747097
0 0.44921875 0.27734375 0.0078125 0.010937499813735485
0 0.45781248807907104 0.27851563692092896 0.0078125 0.008593750186264515
0 0.547656238079071 0.2750000059604645 0.0078125 0.0078125
0 0.4664062559604645 0.27265626192092896 0.0078125 0.0078125
