0 0.640625 0.4050000309944153 0.07375001907348633 0.10750000178813934
0 0.4931250214576721 0.390625 0.06125001981854439 0.08124999701976776
0 0.34812501072883606 0.37562498450279236 0.03625001758337021 0.053750015795230865
0 0.40625 0.3618749976158142 0.01749999448657036 0.028749991208314896
0 0.2756250202655792 0.359375 0.01875000074505806 0.03125
0 0.6987500190734863 0.3700000047683716 0.019999980926513672 0.027500009164214134
0 0.7456250190734863 0.3700000047683716 0.01875000074505806 0.02500000037252903
0 0.7943750023841858 0.37062498927116394 0.013749981299042702 0.01875000074505806
0 0.5581250190734863 0.3618749976158142 0.016249990090727806 0.023749995976686478
0 0.3712500035762787 0.3662499785423279 0.027500009164214134 0.04249999672174454
0 0.1587500125169754 0.359375 0.02749999798834324 0.03624999523162842
0 0.04374999925494194 0.3606249988079071 0.03500000014901161 0.041249990463256836
0 0.5731250047683716 0.3618749976158142 0.00875000935047865 0.016249990090727806
0 0.7693750262260437 0.36937499046325684 0.011249971576035023 0.021249985322356224
0 0.22625000774860382 0.3512499928474426 0.009999990463256836 0.0175000187009573
0 0.29374998807907104 0.3525000214576721 0.012500000186264515 0.01749999448657036
