0 0.3348958492279053 0.20807293057441711 0.020833324640989304 0.025520849972963333
0 0.7356771230697632 0.19583335518836975 0.011979198083281517 0.018750011920928955
0 0.6479166746139526 0.21510417759418488 0.01875000074505806 0.023958349600434303
0 0.6273437738418579 0.18437500298023224 0.010937499813735485 0.01979166269302368
0 0.4020833373069763 0.18151041865348816 0.011458325199782848 0.01718750037252903
0 0.5924479365348816 0.18437500298023224 0.0078125 0.011458337306976318
0 0.6145833730697632 0.17994792759418488 0.007291698362678289 0.009895836934447289
0 0.600781261920929 0.1692708432674408 0.0057291509583592415 0.008333325386047363
0 0.35729166865348816 0.17552083730697632 0.007291650865226984 0.011458325199782848
0 0.7018229365348816 0.18697917461395264 0.0057291509583592415 0.010416662320494652
0 0.06145833805203438 0.21432292461395264 0.014583331532776356 0.018229151144623756
0 0.2330729216337204 0.18203124403953552 0.009895849041640759 0.015104162506759167
0 0.3955729305744171 0.1770833432674408 0.008854150772094727 0.012500000186264515
0 0.12968750298023224 0.1875 0.005208337213844061 0.010416662320494652
0 0.6447917222976685 0.17031249403953552 0.005208349321037531 0.005208337213844061
0 0.2903645932674408 0.17786458134651184 0.006770825479179621 0.011979174800217152
0 0.5249999761581421 0.17473958432674408 0.0062500000931322575 0.009895825758576393
0 0.05937499925494194 0.20000000298023224 0.007291668560355902 0.010416674427688122
0 0.5541666746139526 0.16796875 0.005208349321037531 0.0067708371207118034
0 0.651562511920929 0.17265625298023224 0.005208349321037531 0.005729162599891424
0 0.28697916865348816 0.1692708432674408 0.005208349321037531 0.005208325572311878
0 0.421354204416275 0.17109374701976776 0.005208349321037531 0.0067708371207118034
0 0.38072916865348816 0.1640625 0.005208349321037531 0.005208337213844061
0 0.6864583492279053 0.17395833134651184 0.005208301357924938 0.005208325572311878
0 0.81145840883255 0.1861979216337204 0.005208301357924938 0.0067708371207118034
