0 0.734375 1.4679687023162842 0.17812499403953552 0.22031250596046448
0 2.784374952316284 1.4289062023162842 0.15000000596046448 0.20156249403953552
0 2.0765624046325684 1.096093773841858 0.046875 0.06718750298023224
0 1.994531273841858 1.046875 0.03593749925494194 0.046875
0 1.2882812023162842 1.06640625 0.03593749925494194 0.05781250074505806
0 2.0289063453674316 1.0203125476837158 0.02656250074505806 0.04062499850988388
0 1.39453125 1.025781273841858 0.02656250074505806 0.04218750074505806
0 1.6101562976837158 1.0 0.01718750037252903 0.03125
0 2.104687452316284 0.9976562261581421 0.015625 0.03593749925494194
0 1.8250000476837158 0.9750000238418579 0.02187499962747097 0.02500000037252903
0 2.1585936546325684 0.9828125238418579 0.02031249925494194 0.03125
0 2.3492188453674316 0.9671875238418579 0.01718750037252903 0.02187499962747097
0 2.25390625 0.97265625 0.0234375 0.02656250074505806
0 1.9953124523162842 0.9593750238418579 0.015625 0.02187499962747097
0 2.1898436546325684 0.9546874761581421 0.01718750037252903 0.01875000074505806
