0 0.251220703125 0.42333984375 0.04541015625 0.056640625
0 0.060546875 0.341064453125 0.0146484375 0.01513671875
0 0.0361328125 0.37353515625 0.0263671875 0.029296875
0 0.566650390625 0.339599609375 0.01318359375 0.02099609375
0 0.38671875 0.343505859375 0.017578125 0.02294921875
0 0.428955078125 0.325439453125 0.01123046875 0.01513671875
0 0.5458984375 0.323486328125 0.009765625 0.01416015625
0 0.529296875 0.314697265625 0.005859375 0.00927734375
0 0.535888671875 0.3173828125 0.00634765625 0.009765625
0 0.040771484375 0.3310546875 0.01220703125 0.0126953125
0 0.4638671875 0.313232421875 0.0068359375 0.00830078125
0 0.357177734375 0.319091796875 0.00634765625 0.01025390625
0 0.453857421875 0.31494140625 0.00537109375 0.0087890625
0 0.335205078125 0.31591796875 0.00537109375 0.0078125
0 0.2890625 0.3134765625 0.0048828125 0.005859375
0 0.117919921875 0.320068359375 0.00732421875 0.00830078125
0 0.173583984375 0.321533203125 0.00830078125 0.00927734375
0 0.22412109375 0.316162109375 0.0048828125 0.00830078125
0 0.190673828125 0.31884765625 0.00634765625 0.0087890625
0 0.38037109375 0.30859375 0.0048828125 0.0048828125
0 0.322265625 0.308349609375 0.0048828125 0.00537109375
0 0.40576171875 0.313232421875 0.0048828125 0.00732421875
0 0.47705078125 0.311279296875 0.0048828125 0.00634765625
0 0.52197265625 0.311279296875 0.0048828125 0.00634765625
0 0.030517578125 0.326171875 0.00830078125 0.009765625
0 0.273193359375 0.3125 0.00537109375 0.0068359375
0 0.213623046875 0.312744140625 0.00537109375 0.00634765625
0 0.2490234375 0.310302734375 0.0048828125 0.00634765625
0 0.294921875 0.310546875 0.0048828125 0.005859375
0 0.27490234375 0.308349609375 0.0048828125 0.00537109375
0 0.51953125 0.31005859375 0.0048828125 0.0048828125
0 0.4091796875 0.31103515625 0.0048828125 0.0048828125
0 0.43798828125 0.30126953125 0.0048828125 0.0048828125
0 0.45361328125 0.302490234375 0.0048828125 0.00537109375
0 0.42822265625 0.30224609375 0.0048828125 0.0048828125
0 0.30029296875 0.305908203125 0.0048828125 0.00537109375
0 0.3173828125 0.30859375 0.0048828125 0.0048828125
0 0.3310546875 0.306640625 0.0048828125 0.0048828125
0 0.41455078125 0.3056640625 0.0048828125 0.0048828125
0 0.39501953125 0.30322265625 0.0048828125 0.0048828125
0 0.345703125 0.3046875 0.0048828125 0.0048828125
0 0.3369140625 0.31103515625 0.0048828125 0.005859375
0 0.3095703125 0.3046875 0.0048828125 0.0048828125
0 0.17626953125 0.31591796875 0.0048828125 0.0068359375
