0 0.78125 0.4302884638309479 0.10336532443761826 0.12019231170415878
0 0.4681490361690521 0.38641828298568726 0.025240421295166016 0.037259627133607864
0 0.15324518084526062 0.41105765104293823 0.08052884042263031 0.08653845638036728
0 0.5637019276618958 0.3978365361690521 0.03605771064758301 0.05528848245739937
0 0.39122599363327026 0.3834134638309479 0.02283654175698757 0.028846144676208496
0 0.325120210647583 0.3828125 0.018028855323791504 0.025240397080779076
0 0.2890625 0.38100963830947876 0.015625 0.021634627133607864
0 0.203125 0.390625 0.03605769947171211 0.04326922819018364
0 0.1015625 0.3852163553237915 0.030048077926039696 0.03485579416155815
0 0.13701923191547394 0.38641828298568726 0.02884615585207939 0.037259627133607864
