0 2.7874999046325684 1.5085937976837158 0.19374999403953552 0.2421875
0 2.135937452316284 1.142187476158142 0.08124999701976776 0.10000000149011612
0 1.138281226158142 1.1296875476837158 0.06718750298023224 0.09062500298023224
0 0.51953125 1.3359375 0.12656250596046448 0.171875
0 1.98046875 1.0695312023162842 0.04531250149011612 0.07656250149011612
0 1.446874976158142 1.0703125 0.05000000074505806 0.06875000149011612
0 1.8757812976837158 1.02734375 0.04531250149011612 0.05781250074505806
0 1.5164062976837158 1.033593773841858 0.03281249850988388 0.04531250149011612
0 1.802343726158142 1.0046875476837158 0.02656250074505806 0.04374999925494194
0 1.752343773841858 0.9867187738418579 0.02656250074505806 0.04218750074505806
