0 0.8318750262260437 0.24000000953674316 0.0687500461935997 0.07249999046325684
0 0.6556249856948853 0.1431249976158142 0.02375001832842827 0.03125
0 0.32499998807907104 0.27125000953674316 0.05750000476837158 0.07500000298023224
0 0.34312501549720764 0.1862500011920929 0.03875000402331352 0.05249999836087227
0 0.3918749690055847 0.13624998927116394 0.023749995976686478 0.030000006780028343
0 0.5724999904632568 0.12250000238418579 0.012500000186264515 0.022499989718198776
0 0.453125 0.11687500774860382 0.011250019073486328 0.02124999836087227
0 0.8850000500679016 0.17125001549720764 0.05500001832842827 0.03999999910593033
0 0.5700000524520874 0.10687500238418579 0.012500000186264515 0.021250003948807716
0 0.09874999523162842 0.3668749928474426 0.0949999988079071 0.06374998390674591
0 0.7250000238418579 0.12187500298023224 0.019999980926513672 0.01875000074505806
