0 0.45976561307907104 0.27460938692092896 0.02734375 0.03671874850988388
0 0.9292968511581421 0.2562499940395355 0.01796874962747097 0.0234375
0 0.817578136920929 0.22226563096046448 0.01171875 0.01953125
0 0.645703136920929 0.22148437798023224 0.01015624962747097 0.01640624925494194
0 0.634765625 0.23398438096046448 0.014843749813735485 0.02890625037252903
0 0.48359376192092896 0.20664063096046448 0.0078125 0.01015624962747097
0 0.5726562738418579 0.21250000596046448 0.010937499813735485 0.012500000186264515
0 0.6832031011581421 0.20781250298023224 0.008593750186264515 0.010937499813735485
0 0.3882812559604645 0.20546874403953552 0.0078125 0.00937500037252903
0 0.581250011920929 0.20195312798023224 0.0078125 0.008593750186264515
