0 0.2528645694255829 0.5550925731658936 0.0442708320915699 0.09907407313585281
0 0.7346354126930237 0.46064814925193787 0.02760416641831398 0.07314814627170563
0 0.35364583134651184 0.46759259700775146 0.02500000037252903 0.07407407462596893
0 0.9156249761581421 0.6879629492759705 0.05104166641831398 0.14814814925193787
0 0.6390625238418579 0.37638887763023376 0.02083333395421505 0.05277777835726738
0 0.3486979305744171 0.4166666567325592 0.02239583246409893 0.051851850003004074
0 0.2997395694255829 0.40138888359069824 0.01718750037252903 0.043518517166376114
0 0.24765625596046448 0.3921296298503876 0.015104166232049465 0.03611111268401146
0 0.5223958492279053 0.34861111640930176 0.015625 0.032407406717538834
0 0.3499999940395355 0.33194443583488464 0.010416666977107525 0.02500000037252903
0 0.21770833432674408 0.3472222089767456 0.00937500037252903 0.02222222276031971
0 0.140625 0.38240739703178406 0.010416666977107525 0.025925925001502037
0 0.0533854179084301 0.38935184478759766 0.00989583320915699 0.02500000037252903
