0 0.957812488079071 0.26171875 0.06875000149011612 0.07656250149011612
0 0.21328124403953552 0.3492187559604645 0.09531249850988388 0.1015625
0 0.17109374701976776 0.21953125298023224 0.0390625 0.04843749850988388
0 0.48124998807907104 0.1875 0.02812499925494194 0.03750000149011612
0 0.750781238079071 0.17109374701976776 0.02656250074505806 0.03593749925494194
0 1.037500023841858 0.17421874403953552 0.03125 0.03281249850988388
0 0.13046875596046448 0.17499999701976776 0.0234375 0.02500000037252903
0 0.586718738079071 0.15468749403953552 0.02031249925494194 0.02500000037252903
0 0.18281249701976776 0.18125000596046448 0.02500000037252903 0.03125
0 0.754687488079071 0.14531250298023224 0.015625 0.02187499962747097
0 0.660937488079071 0.13593749701976776 0.00937500037252903 0.015625
0 0.811718761920929 0.13515624403953552 0.01406249962747097 0.02031249925494194
0 0.3265624940395355 0.14296874403953552 0.012500000186264515 0.01718750037252903
0 0.796875 0.12968750298023224 0.00937500037252903 0.015625
0 0.2867187559604645 0.14921875298023224 0.01406249962747097 0.010937499813735485
0 0.40703123807907104 0.14374999701976776 0.01406249962747097 0.015625
0 0.526562511920929 0.12968750298023224 0.00937500037252903 0.015625
0 0.5718749761581421 0.13046875596046448 0.00937500037252903 0.01406249962747097
0 0.49531251192092896 0.13984374701976776 0.00937500037252903 0.010937499813735485
0 0.6265624761581421 0.12734374403953552 0.00937500037252903 0.01406249962747097
0 0.24296875298023224 0.14374999701976776 0.01406249962747097 0.01875000074505806
0 0.7015625238418579 0.12812499701976776 0.012500000186264515 0.02187499962747097
0 0.41484373807907104 0.13750000298023224 0.010937499813735485 0.012500000186264515
0 0.727343738079071 0.12187500298023224 0.010937499813735485 0.01875000074505806
0 0.78125 0.12656250596046448 0.00937500037252903 0.015625
0 0.48124998807907104 0.13124999403953552 0.00937500037252903 0.00937500037252903
0 0.5 0.13671875 0.00937500037252903 0.01406249962747097
0 0.22812500596046448 0.14374999701976776 0.00937500037252903 0.015625
0 0.14453125 0.15625 0.01718750037252903 0.015625
0 0.6703125238418579 0.12734374403953552 0.00937500037252903 0.010937499813735485
0 0.18359375 0.14218750596046448 0.01406249962747097 0.015625
0 0.09218750149011612 0.15859374403953552 0.015625 0.01718750037252903
