0 0.737500011920929 0.3631250262260437 0.03750000149011612 0.04374999925494194
0 0.24937501549720764 0.3662499785423279 0.033750008791685104 0.04500000551342964
0 0.3412500023841858 0.3268750309944153 0.022500013932585716 0.028750013560056686
0 0.6612499952316284 0.32375001907348633 0.022499989718198776 0.029999995604157448
0 0.6337500214576721 0.30687499046325684 0.0175000187009573 0.023749995976686478
0 0.3737500011920929 0.3100000023841858 0.012500000186264515 0.01749999448657036
0 0.5925000309944153 0.2981249988079071 0.015000009909272194 0.021250009536743164
0 0.5456250309944153 0.2906250059604645 0.011250019073486328 0.01875000074505806
0 0.47437500953674316 0.2874999940395355 0.013749981299042702 0.015000009909272194
0 0.37937501072883606 0.30000001192092896 0.011250019073486328 0.020000005140900612
0 0.35999998450279236 0.2931250035762787 0.010000014677643776 0.016249990090727806
0 0.3162499964237213 0.2906250059604645 0.010000014677643776 0.016249990090727806
