0 0.396484375 0.2640624940395355 0.02265625074505806 0.02968749962747097
0 0.844921886920929 0.36835938692092896 0.05546874925494194 0.07578124850988388
0 0.75 0.2867187559604645 0.02968749962747097 0.0390625
0 0.784375011920929 0.26093751192092896 0.02031249925494194 0.03125
0 0.12265624850988388 0.3617187440395355 0.03593749925494194 0.0625
0 0.840624988079071 0.24687500298023224 0.012500000186264515 0.02031249925494194
0 0.690625011920929 0.22929687798023224 0.012500000186264515 0.02265625074505806
0 0.5464843511581421 0.23906250298023224 0.014843749813735485 0.01718750037252903
0 0.946093738079071 0.23710937798023224 0.00937500037252903 0.01328125037252903
0 0.788281261920929 0.22421875596046448 0.0078125 0.012500000186264515
0 0.93359375 0.22539062798023224 0.0078125 0.01015624962747097
0 0.807421863079071 0.22031250596046448 0.008593750186264515 0.010937499813735485
0 0.85546875 0.21562500298023224 0.0078125 0.0078125
