0 0.7919270992279053 0.4166666567325592 0.02760416641831398 0.07962962985038757
0 0.3083333373069763 0.4097222089767456 0.01875000074505806 0.05092592537403107
0 0.35104167461395264 0.3689814805984497 0.012500000186264515 0.034259259700775146
0 0.7164062261581421 0.40601852536201477 0.01822916604578495 0.04537037014961243
0 0.7408854365348816 0.37037035822868347 0.01406249962747097 0.02777777798473835
0 0.3096354305744171 0.3611111044883728 0.010937499813735485 0.02777777798473835
0 0.21901041269302368 0.3671296238899231 0.00989583320915699 0.026851851493120193
0 0.5942708253860474 0.34398147463798523 0.008333333767950535 0.026851851493120193
0 0.12187500298023224 0.39027777314186096 0.00937500037252903 0.02500000037252903
0 0.44713541865348816 0.3254629671573639 0.0078125 0.01944444514811039
0 0.3257812559604645 0.3296296298503876 0.00572916679084301 0.012962962500751019
0 0.19687500596046448 0.35046297311782837 0.00937500037252903 0.017592592164874077
0 0.6401041746139526 0.3166666626930237 0.008333333767950535 0.020370369777083397
0 0.8846353888511658 0.39351850748062134 0.01197916641831398 0.031481482088565826
0 0.05182291567325592 0.38749998807907104 0.006770833395421505 0.021296296268701553
0 0.7026041746139526 0.3212963044643402 0.008333333767950535 0.020370369777083397
0 0.3033854067325592 0.31990739703178406 0.00572916679084301 0.012037036940455437
0 0.7554687261581421 0.32083332538604736 0.006770833395421505 0.013888888992369175
0 0.4281249940395355 0.30324074625968933 0.0052083334885537624 0.010185184888541698
0 0.9950520992279053 0.46666666865348816 0.008854166604578495 0.046296294778585434
