0 0.8773437738418579 0.3765625059604645 0.02031249925494194 0.03750000149011612
0 0.52734375 0.34843748807907104 0.02968749962747097 0.03750000149011612
0 1.25390625 0.4242187440395355 0.0234375 0.03281249850988388
0 0.9078124761581421 0.38203126192092896 0.02500000037252903 0.03593749925494194
0 0.9781249761581421 0.34062498807907104 0.015625 0.02187499962747097
0 0.995312511920929 0.34296876192092896 0.015625 0.02031249925494194
0 0.04453124850988388 0.7210937738418579 0.07656250149011612 0.15468749403953552
0 0.789843738079071 0.3203125 0.01718750037252903 0.01875000074505806
0 0.870312511920929 0.31562501192092896 0.015625 0.015625
0 1.1749999523162842 0.3656249940395355 0.015625 0.02187499962747097
0 1.5390625 0.4273437559604645 0.01875000074505806 0.02968749962747097
0 1.146875023841858 0.3515625 0.015625 0.015625
0 1.006250023841858 0.33125001192092896 0.015625 0.015625
0 1.0343749523162842 0.3265624940395355 0.015625 0.015625
0 0.921875 0.31562501192092896 0.015625 0.015625
0 1.0203125476837158 0.33281248807907104 0.015625 0.015625
0 1.1375000476837158 0.3421874940395355 0.015625 0.015625
0 1.131250023841858 0.33906251192092896 0.015625 0.015625
0 1.0265624523162842 0.3265624940395355 0.015625 0.015625
0 1.899999976158142 0.5328124761581421 0.015625 0.015625
0 1.857812523841858 0.5140625238418579 0.015625 0.015625
0 0.11874999850988388 0.75390625 0.09687499701976776 0.15781250596046448
