0 0.5492187738418579 0.25703126192092896 0.010937499813735485 0.01718750037252903
0 0.38203126192092896 0.26289063692092896 0.015625 0.01953125
0 0.25390625 0.31562501192092896 0.02656250074505806 0.0390625
0 0.4234375059604645 0.24843749403953552 0.01406249962747097 0.01718750037252903
0 0.602734386920929 0.23671874403953552 0.008593750186264515 0.010937499813735485
0 0.6937500238418579 0.25703126192092896 0.010937499813735485 0.015625
0 0.5054687261581421 0.24140624701976776 0.0078125 0.010937499813735485
0 0.529296875 0.23945312201976776 0.008593750186264515 0.01015624962747097
0 0.5609375238418579 0.23125000298023224 0.0078125 0.0078125
0 0.6285156011581421 0.24179688096046448 0.008593750186264515 0.01171875
