0 0.119140625 0.37617188692092896 0.03359375149011612 0.05234374850988388
0 0.275390625 0.27460938692092896 0.01640624925494194 0.02578124962747097
0 0.5101562738418579 0.23359374701976776 0.010937499813735485 0.02187499962747097
0 0.24375000596046448 0.25312501192092896 0.012500000186264515 0.02187499962747097
0 0.7386718988418579 0.2874999940395355 0.03046875074505806 0.04374999925494194
0 0.19101563096046448 0.2503906190395355 0.008593750186264515 0.01796874962747097
0 0.08359374850988388 0.26679688692092896 0.0078125 0.014843749813735485
0 0.21054688096046448 0.23476561903953552 0.008593750186264515 0.01328125037252903
0 0.13124999403953552 0.25664061307907104 0.012500000186264515 0.01640624925494194
0 0.291015625 0.22929687798023224 0.008593750186264515 0.01328125037252903
