0 0.860595703125 0.47314453125 0.05029296875 0.068359375
0 0.966064453125 0.388427734375 0.02880859375 0.03466796875
0 0.615478515625 0.33349609375 0.01220703125 0.017578125
0 0.369384765625 0.384033203125 0.02978515625 0.03857421875
0 0.433837890625 0.33837890625 0.01708984375 0.0205078125
0 0.459716796875 0.3203125 0.01123046875 0.013671875
0 0.597412109375 0.319091796875 0.00927734375 0.01416015625
0 0.663330078125 0.31787109375 0.00927734375 0.01171875
0 0.493896484375 0.305908203125 0.00732421875 0.01025390625
0 0.532958984375 0.302001953125 0.00634765625 0.00830078125
0 0.67138671875 0.307373046875 0.005859375 0.00927734375
0 0.62255859375 0.30908203125 0.0068359375 0.009765625
0 0.590087890625 0.299560546875 0.00634765625 0.00830078125
0 0.719482421875 0.3134765625 0.00830078125 0.01171875
0 0.87890625 0.31396484375 0.0107421875 0.0166015625
0 0.795654296875 0.310302734375 0.00634765625 0.00927734375
0 0.71875 0.3017578125 0.0078125 0.0087890625
0 0.667724609375 0.300048828125 0.00732421875 0.00830078125
0 0.9248046875 0.33056640625 0.0126953125 0.0166015625
0 0.783203125 0.303466796875 0.0068359375 0.00927734375
