0 0.7386718988418579 0.31367188692092896 0.02578124962747097 0.03828125074505806
0 0.6636718511581421 0.287109375 0.01640624925494194 0.02265625074505806
0 0.4375 0.28203123807907104 0.015625 0.02187499962747097
0 0.32695311307907104 0.3062500059604645 0.02265625074505806 0.03593749925494194
0 0.712890625 0.26875001192092896 0.008593750186264515 0.010937499813735485
0 0.5296875238418579 0.2718749940395355 0.0078125 0.010937499813735485
0 0.6703125238418579 0.2757812440395355 0.0078125 0.01406249962747097
0 0.7554687261581421 0.2578125 0.0078125 0.0078125
0 0.7406250238418579 0.265625 0.0078125 0.010937499813735485
0 0.67578125 0.26445311307907104 0.0078125 0.008593750186264515
