0 0.37109375 0.3818359375 0.029296875 0.037109375
0 0.431396484375 0.342529296875 0.01611328125 0.02001953125
0 0.643798828125 0.370849609375 0.02490234375 0.03173828125
0 0.589111328125 0.339599609375 0.01123046875 0.01806640625
0 0.55859375 0.327392578125 0.0087890625 0.01318359375
0 0.72998046875 0.33544921875 0.0126953125 0.0166015625
0 0.548583984375 0.321533203125 0.00732421875 0.01025390625
0 0.8486328125 0.333740234375 0.0126953125 0.01318359375
0 0.462890625 0.322265625 0.0068359375 0.0107421875
0 0.47021484375 0.318603515625 0.005859375 0.00927734375
0 0.4765625 0.316162109375 0.005859375 0.00732421875
0 0.4814453125 0.31298828125 0.0048828125 0.0068359375
