0 0.9404296875 0.459228515625 0.0556640625 0.06982421875
0 0.243896484375 0.4521484375 0.06103515625 0.072265625
0 0.36328125 0.36181640625 0.0244140625 0.0302734375
0 0.744873046875 0.3701171875 0.02880859375 0.0322265625
0 0.766357421875 0.35498046875 0.02294921875 0.0263671875
0 0.875244140625 0.36865234375 0.02392578125 0.0302734375
0 0.60693359375 0.32373046875 0.0126953125 0.015625
0 0.472412109375 0.33349609375 0.01708984375 0.0205078125
0 0.76025390625 0.328369140625 0.01171875 0.01513671875
0 0.96044921875 0.346435546875 0.0146484375 0.01806640625
