0 0.325439453125 0.41015625 0.04248046875 0.0537109375
0 0.506591796875 0.35400390625 0.01904296875 0.03125
0 0.755859375 0.36669921875 0.0263671875 0.029296875
0 0.792724609375 0.350830078125 0.01416015625 0.02197265625
0 0.901123046875 0.375732421875 0.02294921875 0.03564453125
0 0.691650390625 0.34130859375 0.01318359375 0.0234375
0 0.531005859375 0.333984375 0.01513671875 0.0166015625
0 0.9775390625 0.465576171875 0.0439453125 0.07568359375
0 0.854736328125 0.343994140625 0.01904296875 0.02099609375
0 0.7353515625 0.3369140625 0.0126953125 0.01953125
