0 0.16162109375 0.46728515625 0.0478515625 0.0654296875
0 0.349365234375 0.359619140625 0.01806640625 0.02880859375
0 0.8408203125 0.477783203125 0.0654296875 0.07861328125
0 0.65087890625 0.358642578125 0.0234375 0.02783203125
0 0.418212890625 0.325439453125 0.01025390625 0.01611328125
0 0.465576171875 0.311767578125 0.00732421875 0.01123046875
0 0.57470703125 0.31982421875 0.0087890625 0.015625
0 0.4931640625 0.3056640625 0.0048828125 0.0078125
0 0.5634765625 0.302490234375 0.005859375 0.00830078125
0 0.542236328125 0.299072265625 0.00537109375 0.00732421875
0 0.57470703125 0.308837890625 0.0068359375 0.01123046875
0 0.496337890625 0.302001953125 0.00537109375 0.00732421875
0 0.49267578125 0.30126953125 0.0048828125 0.0068359375
0 0.48291015625 0.2978515625 0.0048828125 0.0048828125
