0 0.44062501192092896 0.25703126192092896 0.05624999850988388 0.04531250149011612
0 0.3531250059604645 0.21562500298023224 0.078125 0.09062500298023224
0 0.2109375 0.1015625 0.125 0.140625
0 0.48046875 0.23515625298023224 0.04218750074505806 0.04218750074505806
0 0.6898437738418579 0.19687500596046448 0.02031249925494194 0.04374999925494194
0 0.746874988079071 0.03281249850988388 0.05312500149011612 0.0625
0 0.5101562738418579 0.109375 0.0234375 0.03750000149011612
0 0.5406249761581421 0.17656250298023224 0.02187499962747097 0.02812499925494194
0 0.30546873807907104 0.43359375 0.12656250596046448 0.12656250596046448
0 0.41874998807907104 0.10859374701976776 0.02812499925494194 0.04218750074505806
0 0.632031261920929 0.16328124701976776 0.01718750037252903 0.0234375
0 0.6617187261581421 0.18046875298023224 0.02031249925494194 0.02968749962747097
0 0.5054687261581421 0.2109375 0.02031249925494194 0.03750000149011612
