0 0.5231249928474426 0.15000000596046448 0.016249990090727806 0.02500000037252903
0 0.6418749690055847 0.21250000596046448 0.046250008046627045 0.05000000074505806
0 0.3512499928474426 0.21312499046325684 0.05000000074505806 0.03875000402331352
0 0.39000001549720764 0.17125001549720764 0.022500013932585716 0.03249999135732651
0 0.5956250429153442 0.17125001549720764 0.026249980553984642 0.030000006780028343
0 0.4506250321865082 0.13750000298023224 0.013750028796494007 0.02250000275671482
0 0.32625001668930054 0.14874999225139618 0.022499989718198776 0.019999992102384567
0 0.36250001192092896 0.13500000536441803 0.012500000186264515 0.022499989718198776
0 0.5481249690055847 0.1368750035762787 0.013750028796494007 0.023750007152557373
0 0.42125001549720764 0.14875000715255737 0.012500000186264515 0.02500000037252903
0 0.5774999856948853 0.12937501072883606 0.010000037960708141 0.01875000074505806
0 0.4662500321865082 0.12999999523162842 0.015000009909272194 0.017500007525086403
