0 0.7601562738418579 0.6273437738418579 0.04843749850988388 0.0859375
0 0.2632812559604645 0.66015625 0.0390625 0.06406249850988388
0 0.8335937261581421 0.6187499761581421 0.04531250149011612 0.08437500149011612
0 0.6625000238418579 0.524218738079071 0.01875000074505806 0.0234375
0 1.295312523841858 0.4781250059604645 0.02187499962747097 0.03125
0 1.6335937976837158 0.5718749761581421 0.0546875 0.07500000298023224
0 0.952343761920929 0.49921876192092896 0.02031249925494194 0.02968749962747097
0 0.9320312738418579 0.5023437738418579 0.01718750037252903 0.02968749962747097
0 1.1640625 0.4468750059604645 0.015625 0.015625
0 0.987500011920929 0.47343748807907104 0.015625 0.02500000037252903
0 0.973437488079071 0.47265625 0.015625 0.02031249925494194
