0 0.543749988079071 0.42500001192092896 0.1224999874830246 0.14499998092651367
0 0.382500022649765 0.40937501192092896 0.08750002086162567 0.11124999821186066
0 0.07500000298023224 0.38187500834465027 0.032499998807907104 0.03875003010034561
0 0.25 0.3931249976158142 0.047499991953372955 0.0637500062584877
0 0.29749998450279236 0.37687498331069946 0.029999995604157448 0.04374999925494194
0 0.668749988079071 0.3668749928474426 0.0175000187009573 0.03125
0 0.46000003814697266 0.3662499785423279 0.015000009909272194 0.027499984949827194
0 0.7206250429153442 0.3631249964237213 0.013749981299042702 0.023749995976686478
0 0.7450000047683716 0.36000001430511475 0.012500000186264515 0.02500000037252903
0 0.6318750381469727 0.35999998450279236 0.00875000935047865 0.020000005140900612
0 0.4318750500679016 0.37312501668930054 0.028749991208314896 0.03874998167157173
0 0.21250000596046448 0.3762499988079071 0.02500000037252903 0.03249998018145561
0 0.18562500178813934 0.3681250214576721 0.011249994859099388 0.016249990090727806
0 0.11437499523162842 0.36937499046325684 0.011250006966292858 0.016250014305114746
0 0.7712500095367432 0.3606249988079071 0.012500000186264515 0.021250009536743164
0 0.5237500071525574 0.3631249964237213 0.012500000186264515 0.026250004768371582
0 0.35624998807907104 0.3700000047683716 0.020000005140900612 0.030000019818544388
0 0.6193750500679016 0.3606249988079071 0.011249971576035023 0.021250009536743164
0 0.6806250214576721 0.3606249988079071 0.011250019073486328 0.016249990090727806
0 0.6412500143051147 0.35999998450279236 0.00750002870336175 0.01749999448657036
0 0.5887500047683716 0.3668749928474426 0.020000029355287552 0.03125
0 0.17249999940395355 0.3687500059604645 0.007500004954636097 0.009999990463256836
0 0.10375000536441803 0.3700000047683716 0.007500004954636097 0.012500000186264515
0 0.014375001192092896 0.3712500035762787 0.013749999925494194 0.015000009909272194
0 0.31562501192092896 0.3662499785423279 0.013750004582107067 0.01749999448657036
0 0.03437500074505806 0.37062501907348633 0.01125000137835741 0.013750004582107067
