0 0.181640625 0.537841796875 0.0703125 0.09619140625
0 0.632080078125 0.380126953125 0.02490234375 0.03759765625
0 0.2021484375 0.43115234375 0.0390625 0.0556640625
0 0.45263671875 0.339111328125 0.0146484375 0.02197265625
0 0.218505859375 0.3583984375 0.01513671875 0.0234375
0 0.231201171875 0.337890625 0.01025390625 0.015625
0 0.23583984375 0.3291015625 0.0078125 0.0107421875
0 0.34521484375 0.3193359375 0.0078125 0.0107421875
0 0.3857421875 0.3271484375 0.009765625 0.0146484375
0 0.23779296875 0.32177734375 0.0048828125 0.0087890625
0 0.30078125 0.310791015625 0.0048828125 0.00634765625
0 0.32666015625 0.316162109375 0.0068359375 0.01025390625
0 0.309326171875 0.312255859375 0.00537109375 0.00830078125
0 0.29296875 0.3095703125 0.0048828125 0.005859375
0 0.2890625 0.3095703125 0.0048828125 0.005859375
