0 0.7081249952316284 0.20000000298023224 0.03874998167157173 0.05249999836087227
0 0.2724999785423279 0.18937501311302185 0.0325000062584877 0.04125001281499863
0 0.5393750071525574 0.1393750011920929 0.021250009536743164 0.026249993592500687
0 0.05312500149011612 0.17750000953674316 0.026250001043081284 0.03249999135732651
0 0.28812500834465027 0.14250001311302185 0.01875000074505806 0.02500000037252903
0 0.44999998807907104 0.125 0.012500000186264515 0.020000005140900612
0 0.5699999928474426 0.11874999850988388 0.009999990463256836 0.020000005140900612
0 0.3343749940395355 0.125 0.00875000935047865 0.014999997802078724
0 0.4737500250339508 0.10750000178813934 0.007499980740249157 0.012500000186264515
0 0.2199999988079071 0.11625000089406967 0.007499980740249157 0.009999990463256836
0 0.4437499940395355 0.11312500387430191 0.007499980740249157 0.011249994859099388
0 0.37562498450279236 0.11437499523162842 0.008749986067414284 0.011250006966292858
0 0.4000000059604645 0.109375 0.007499980740249157 0.011249994859099388
0 0.41750001907348633 0.10375000536441803 0.007499980740249157 0.009999996051192284
0 0.2900000214576721 0.11249999701976776 0.007500004954636097 0.010000002570450306
0 0.1887499988079071 0.11625000089406967 0.010000002570450306 0.009999990463256836
0 0.23875001072883606 0.11437499523162842 0.007499980740249157 0.00874999724328518
0 0.22625000774860382 0.12187500298023224 0.012500000186264515 0.013750004582107067
0 0.3368750214576721 0.10875000804662704 0.00875000935047865 0.007499992847442627
0 0.016875000670552254 0.1381250023841858 0.008750000968575478 0.013750004582107067
