0 1.0359375476837158 0.30078125 0.08437500149011612 0.09531249850988388
0 0.49140626192092896 0.17031249403953552 0.03281249850988388 0.03750000149011612
0 0.4078125059604645 0.33671873807907104 0.07500000298023224 0.09843750298023224
0 0.819531261920929 0.17812499403953552 0.02968749962747097 0.04374999925494194
0 0.4296875 0.23281249403953552 0.05000000074505806 0.0625
0 1.1023437976837158 0.21484375 0.06718750298023224 0.04531250149011612
0 0.715624988079071 0.15156249701976776 0.01875000074505806 0.02500000037252903
0 0.56640625 0.14687499403953552 0.01406249962747097 0.02500000037252903
0 0.7124999761581421 0.1328125 0.012500000186264515 0.01875000074505806
0 0.13828125596046448 0.45625001192092896 0.12968750298023224 0.08437500149011612
0 0.905468761920929 0.1484375 0.0234375 0.02187499962747097
