0 1.071874976158142 1.2664062976837158 0.10625000298023224 0.1328125
0 1.345312476158142 1.08203125 0.046875 0.0703125
0 2.249218702316284 1.217187523841858 0.0859375 0.11249999701976776
0 2.04296875 1.1101562976837158 0.05156249925494194 0.07343749701976776
0 1.8484375476837158 1.0234375 0.02812499925494194 0.04374999925494194
0 1.4328124523162842 1.0265624523162842 0.03750000149011612 0.046875
0 2.257031202316284 1.0593750476837158 0.02968749962747097 0.046875
0 2.198437452316284 1.017968773841858 0.02812499925494194 0.04218750074505806
0 2.1875 0.97265625 0.02187499962747097 0.02968749962747097
0 1.5031249523162842 0.9765625 0.015625 0.02812499925494194
0 1.8640625476837158 0.9867187738418579 0.01875000074505806 0.03281249850988388
0 1.8039062023162842 0.9976562261581421 0.0234375 0.03281249850988388
0 1.7664062976837158 0.9781249761581421 0.01718750037252903 0.02500000037252903
0 1.4757812023162842 0.9937499761581421 0.02656250074505806 0.03437500074505806
0 2.5171875953674316 1.0234375 0.02812499925494194 0.03750000149011612
0 2.567187547683716 1.0265624523162842 0.02500000037252903 0.03437500074505806
0 2.688281297683716 0.99609375 0.0234375 0.02968749962747097
0 1.748437523841858 0.96875 0.015625 0.02187499962747097
0 2.3656249046325684 0.9624999761581421 0.015625 0.02187499962747097
0 1.728124976158142 0.957812488079071 0.015625 0.02500000037252903
0 1.5234375 0.9624999761581421 0.015625 0.02187499962747097
0 2.598437547683716 0.971875011920929 0.015625 0.02187499962747097
0 2.503124952316284 0.975781261920929 0.015625 0.0234375
