0 0.969482421875 0.569580078125 0.05810546875 0.11279296875
0 0.437255859375 0.327392578125 0.01220703125 0.01513671875
0 0.600830078125 0.3466796875 0.01708984375 0.0234375
0 0.346923828125 0.35791015625 0.02490234375 0.0322265625
0 0.599609375 0.3212890625 0.01171875 0.017578125
0 0.56396484375 0.311767578125 0.005859375 0.00830078125
0 0.47705078125 0.3154296875 0.005859375 0.009765625
0 0.4716796875 0.309326171875 0.0048828125 0.00732421875
0 0.47705078125 0.30712890625 0.0048828125 0.0068359375
0 0.53564453125 0.3056640625 0.0048828125 0.0068359375
0 0.46728515625 0.30419921875 0.0048828125 0.005859375
0 0.52197265625 0.302978515625 0.0048828125 0.00537109375
