0 0.27000001072883606 0.3968749940395355 0.08000002056360245 0.0962500348687172
0 0.4156250059604645 0.3812499940395355 0.053750015795230865 0.07750003039836884
0 0.6025000214576721 0.37312501668930054 0.039999961853027344 0.05625002458691597
0 0.7631250619888306 0.36937499046325684 0.03875003010034561 0.053750015795230865
0 0.32375001907348633 0.3618749976158142 0.014999985694885254 0.023749995976686478
0 0.4831250309944153 0.3606249988079071 0.026249980553984642 0.03125
0 0.7262499928474426 0.3618749976158142 0.022499989718198776 0.03125
0 0.08562500774860382 0.36937499046325684 0.026249999180436134 0.03624999523162842
0 0.8325001001358032 0.3643750250339508 0.0175000187009573 0.026250004768371582
0 0.9087499380111694 0.3687500059604645 0.030000019818544388 0.040000010281801224
0 0.6937500238418579 0.35999998450279236 0.015000009909272194 0.020000005140900612
0 0.029375001788139343 0.36937499046325684 0.01875000074505806 0.028750013560056686
0 0.13375000655651093 0.36625000834465027 0.017500007525086403 0.02500000037252903
0 0.2212500125169754 0.3675000071525574 0.02500000037252903 0.029999995604157448
0 0.37562498450279236 0.36250001192092896 0.021249985322356224 0.027500009164214134
0 0.5162500143051147 0.3606249988079071 0.015000009909272194 0.021250009536743164
0 0.7887500524520874 0.35999998450279236 0.012500000186264515 0.020000005140900612
