0 0.33645835518836975 0.27135416865348816 0.02812499925494194 0.042708348482847214
0 0.3971354365348816 0.21432292461395264 0.013020848855376244 0.019270848482847214
0 0.6041666865348816 0.21041667461395264 0.010416651144623756 0.017708349972963333
0 0.6924479603767395 0.25833335518836975 0.028645848855376244 0.03541667386889458
0 0.5567708611488342 0.19296875596046448 0.008333301171660423 0.013020837679505348
0 0.38749998807907104 0.18567708134651184 0.007291674613952637 0.010937499813735485
0 0.4138020873069763 0.19322916865348816 0.0078125 0.012500000186264515
0 0.5231770873069763 0.1848958432674408 0.006770801730453968 0.011458325199782848
0 0.34973961114883423 0.1861979216337204 0.006770825479179621 0.010937499813735485
0 0.2018229216337204 0.19114583730697632 0.005729162599891424 0.00937500037252903
0 0.3046875 0.1875 0.0062500000931322575 0.010416662320494652
0 0.417447954416275 0.18854168057441711 0.0067708492279052734 0.013541663065552711
0 0.4841145873069763 0.1783854216337204 0.005729198455810547 0.009895836934447289
