0 0.78062504529953 0.21687500178813934 0.04375004768371582 0.05375000089406967
0 0.512499988079071 0.1393750011920929 0.012500000186264515 0.02124999836087227
0 0.34937500953674316 0.15937499701976776 0.021250009536743164 0.03125
0 0.6706250309944153 0.12999999523162842 0.013749981299042702 0.02250000275671482
0 0.6856249570846558 0.15812501311302185 0.021250009536743164 0.03125
0 0.4281249940395355 0.14374999701976776 0.01875000074505806 0.02500000037252903
0 0.265625 0.1525000035762787 0.021250009536743164 0.02749999798834324
0 0.04312499985098839 0.24000000953674316 0.058750003576278687 0.0625
0 0.39250001311302185 0.13624998927116394 0.014999985694885254 0.02250000275671482
0 0.2512499988079071 0.13625000417232513 0.0175000187009573 0.02500000037252903
0 0.21187500655651093 0.12312500178813934 0.013750004582107067 0.01875000074505806
0 0.5425000190734863 0.011250000447034836 0.0175000187009573 0.02250000089406967
0 0.2643750309944153 0.125 0.016250014305114746 0.01749999448657036
0 0.12312500178813934 0.12687499821186066 0.013750004582107067 0.013749992474913597
0 0.5874999761581421 0.13124999403953552 0.012500000186264515 0.020000005140900612
0 0.13437500596046448 0.04374999925494194 0.01625000312924385 0.017500003799796104
0 0.10999999940395355 0.12062499672174454 0.009999990463256836 0.01625000312924385
