0 0.12812499701976776 0.30026042461395264 0.04895833879709244 0.05364584922790527
0 0.35859376192092896 0.24557292461395264 0.02968749962747097 0.03802084922790527
0 0.6734374761581421 0.2106771022081375 0.011458349414169788 0.016145825386047363
0 0.592968761920929 0.21119792759418488 0.01406249962747097 0.019270848482847214
0 0.828125 0.30807292461395264 0.035416699945926666 0.04427085071802139
0 0.4114583432674408 0.19166667759418488 0.011458301916718483 0.014583337120711803
0 0.7791666984558105 0.21796874701976776 0.00937500037252903 0.013020825572311878
0 0.12786458432674408 0.21276041865348816 0.015104174613952637 0.018229151144623756
0 0.8903646469116211 0.25468748807907104 0.010937499813735485 0.016666674986481667
0 0.8994792103767395 0.24244792759418488 0.00937500037252903 0.011979150585830212
0 0.21302084624767303 0.1888020932674408 0.010416674427688122 0.01406249962747097
0 0.02838541939854622 0.2109375 0.01302083395421505 0.01875000074505806
0 0.814583420753479 0.21640625596046448 0.007291698362678289 0.008854174986481667
0 0.917187511920929 0.2369791716337204 0.007291698362678289 0.010416651144623756
0 0.8359375 0.2135416716337204 0.00937500037252903 0.012500000186264515
0 0.8833333849906921 0.5260416865348816 0.09270830452442169 0.06979165226221085
0 0.8182291984558105 0.20624999701976776 0.005208396818488836 0.005208325572311878
0 0.8989583849906921 0.21822917461395264 0.005208301357924938 0.005208349321037531
0 0.13906249403953552 0.19114583730697632 0.010416662320494652 0.011458325199782848
