0 1.51171875 1.0382812023162842 0.04531250149011612 0.05781250074505806
0 2.3765625953674316 1.158593773841858 0.10000000149011612 0.07343749701976776
0 1.3367187976837158 1.1359374523162842 0.06406249850988388 0.09062500298023224
0 1.717187523841858 1.0109374523162842 0.03750000149011612 0.03437500074505806
0 2.15625 1.049218773841858 0.05312500149011612 0.05781250074505806
0 2.3187499046325684 1.0226562023162842 0.03750000149011612 0.05156249925494194
0 2.628124952316284 1.03515625 0.046875 0.03593749925494194
0 2.5015625953674316 0.995312511920929 0.02187499962747097 0.03125
0 2.6507811546325684 0.9984375238418579 0.02968749962747097 0.03125
0 3.0093750953674316 1.0125000476837158 0.05312500149011612 0.03125
