0 0.74658203125 0.4827474057674408 0.021484375 0.041015625
0 0.922119140625 0.4912109375 0.01806640625 0.037109375
0 0.427001953125 0.494140625 0.02197265625 0.046875
0 0.84423828125 0.423828125 0.0048828125 0.0078125
0 0.945068359375 0.435546875 0.00634765625 0.010416666977107525
0 0.8310546875 0.4208984375 0.0048828125 0.008463541977107525
0 0.73681640625 0.41015625 0.0048828125 0.0065104165114462376
0 0.76025390625 0.4114583432674408 0.0048828125 0.0065104165114462376
0 0.987548828125 0.4427083432674408 0.00634765625 0.010416666977107525
0 0.918701171875 0.4339192807674408 0.00537109375 0.009765625
0 0.7314453125 0.4095052182674408 0.0048828125 0.0065104165114462376
0 0.7646484375 0.4134114682674408 0.0048828125 0.0065104165114462376
0 0.89013671875 0.4280599057674408 0.0048828125 0.009765625
0 0.6943359375 0.4049479067325592 0.0048828125 0.0065104165114462376
