0 1.30859375 1.182031273841858 0.0859375 0.1171875
0 1.4460937976837158 1.05078125 0.05156249925494194 0.06718750298023224
0 1.899999976158142 1.060156226158142 0.05312500149011612 0.06718750298023224
0 1.5421874523162842 0.967968761920929 0.02500000037252903 0.03593749925494194
0 1.842187523841858 0.985156238079071 0.03125 0.04218750074505806
0 1.8250000476837158 0.96484375 0.02500000037252903 0.03593749925494194
0 1.5546875 0.953125 0.01875000074505806 0.03125
0 2.31640625 1.024999976158142 0.03593749925494194 0.05000000074505806
0 2.042187452316284 0.956250011920929 0.02187499962747097 0.03125
0 3.05859375 1.0109374523162842 0.02968749962747097 0.03437500074505806
0 2.4085936546325684 0.9906250238418579 0.02656250074505806 0.03750000149011612
