0 0.586718738079071 0.6546875238418579 0.0546875 0.08124999701976776
0 1.514062523841858 0.671875 0.05937499925494194 0.09375
0 1.404687523841858 0.5492187738418579 0.02812499925494194 0.04531250149011612
0 1.482031226158142 0.520312488079071 0.02031249925494194 0.03125
0 0.985156238079071 0.5257812738418579 0.02656250074505806 0.03593749925494194
0 1.220312476158142 0.4976562559604645 0.015625 0.02656250074505806
0 1.486718773841858 0.48828125 0.0234375 0.0234375
0 1.639062523841858 0.5062500238418579 0.02187499962747097 0.02812499925494194
0 1.764062523841858 0.504687488079071 0.02187499962747097 0.02500000037252903
0 1.9109375476837158 0.4937500059604645 0.015625 0.015625
0 1.875 0.500781238079071 0.015625 0.02031249925494194
0 1.625 0.4859375059604645 0.015625 0.01875000074505806
0 0.12187500298023224 0.546093761920929 0.03125 0.05781250074505806
0 1.7492187023162842 0.48906248807907104 0.01718750037252903 0.015625
