0 1.2820312976837158 1.114843726158142 0.06093750149011612 0.06093750149011612
0 2.977343797683716 1.513281226158142 0.21406249701976776 0.2421875
0 1.3585937023162842 1.0546875 0.06093750149011612 0.09687499701976776
0 0.526562511920929 1.5499999523162842 0.17499999701976776 0.20937499403953552
0 2.0140624046325684 1.092187523841858 0.04374999925494194 0.07187499850988388
0 1.423437476158142 1.0226562023162842 0.03125 0.05781250074505806
0 1.9484374523162842 1.0476562976837158 0.04062499850988388 0.09531249850988388
0 1.91796875 1.036718726158142 0.03593749925494194 0.09218750149011612
0 1.8546874523162842 1.0187499523162842 0.03437500074505806 0.046875
0 1.814843773841858 1.002343773841858 0.03593749925494194 0.02968749962747097
0 1.5234375 0.97265625 0.02187499962747097 0.01718750037252903
0 1.587499976158142 0.961718738079071 0.015625 0.02031249925494194
0 1.381250023841858 1.037500023841858 0.03750000149011612 0.09062500298023224
0 1.44921875 1.001562476158142 0.0234375 0.03750000149011612
0 1.755468726158142 0.964062511920929 0.01718750037252903 0.01875000074505806
0 1.740625023841858 0.9781249761581421 0.015625 0.02187499962747097
0 1.482812523841858 0.9820312261581421 0.01875000074505806 0.02656250074505806
0 1.7414062023162842 0.960156261920929 0.01718750037252903 0.01718750037252903
