0 1.0984375476837158 0.5921875238418579 0.18125000596046448 0.21562500298023224
0 0.8382812738418579 0.532031238079071 0.06093750149011612 0.09843750298023224
0 0.7523437738418579 0.516406238079071 0.03593749925494194 0.06093750149011612
0 0.2906250059604645 0.5289062261581421 0.09062500298023224 0.1015625
0 0.719531238079071 0.507031261920929 0.02656250074505806 0.04843749850988388
0 0.38749998807907104 0.510937511920929 0.04374999925494194 0.06562499701976776
0 0.6460937261581421 0.5023437738418579 0.02031249925494194 0.03281249850988388
0 0.44453126192092896 0.5023437738418579 0.02656250074505806 0.04531250149011612
0 0.5804687738418579 0.4984374940395355 0.02031249925494194 0.02812499925494194
0 0.5101562738418579 0.49687498807907104 0.01406249962747097 0.02500000037252903
0 0.3179687559604645 0.49687498807907104 0.02656250074505806 0.03125
0 0.39765626192092896 0.4976562559604645 0.01406249962747097 0.03593749925494194
0 0.26171875 0.4976562559604645 0.02656250074505806 0.02968749962747097
