0 0.5299479365348816 0.23828125 0.021354150027036667 0.028645824640989304
0 0.7895833253860474 0.25572916865348816 0.01875000074505806 0.022916650399565697
0 0.7171875238418579 0.21718749403953552 0.011458349414169788 0.015625
0 0.5541666746139526 0.20598959922790527 0.010416651144623756 0.015104174613952637
0 0.6851562261581421 0.20000000298023224 0.0078125 0.011458337306976318
0 0.5601562261581421 0.19296875596046448 0.0078125 0.011979162693023682
0 0.659375011920929 0.19088542461395264 0.007291650865226984 0.009895836934447289
0 0.5364583730697632 0.17942708730697632 0.008333301171660423 0.010937499813735485
0 0.6070312261581421 0.17994792759418488 0.0057291509583592415 0.009895836934447289
0 0.6356770992279053 0.18437500298023224 0.005729198455810547 0.008333337493240833
0 0.5067708492279053 0.1770833432674408 0.008333301171660423 0.008333325386047363
0 0.5609375238418579 0.18411459028720856 0.010416651144623756 0.011979174800217152
0 0.7947916984558105 0.19062499701976776 0.005208349321037531 0.008333337493240833
0 0.7255208492279053 0.18567708134651184 0.005208301357924938 0.0078125
0 0.4713541865348816 0.17578125 0.005208349321037531 0.005729162599891424
