0 0.638671875 0.3720703125 0.025390625 0.033203125
0 0.386474609375 0.34814453125 0.01708984375 0.0224609375
0 0.4326171875 0.330078125 0.0107421875 0.015625
0 0.5693359375 0.33251953125 0.0107421875 0.0166015625
0 0.911865234375 0.555419921875 0.09716796875 0.10302734375
0 0.341796875 0.325439453125 0.0087890625 0.01220703125
0 0.23486328125 0.339599609375 0.0126953125 0.01513671875
0 0.55517578125 0.32275390625 0.0107421875 0.013671875
0 0.457763671875 0.316162109375 0.00537109375 0.00830078125
0 0.53466796875 0.30908203125 0.0048828125 0.0078125
0 0.5458984375 0.318603515625 0.005859375 0.01025390625
0 0.43603515625 0.308349609375 0.0048828125 0.00537109375
0 0.3759765625 0.316650390625 0.005859375 0.00927734375
0 0.4091796875 0.307861328125 0.0048828125 0.00634765625
0 0.4423828125 0.304443359375 0.0048828125 0.00634765625
0 0.185302734375 0.326416015625 0.00732421875 0.00927734375
0 0.54150390625 0.314208984375 0.0048828125 0.00927734375
0 0.52734375 0.305908203125 0.0048828125 0.00732421875
0 0.4951171875 0.304931640625 0.0048828125 0.00732421875
