0 2.7281250953674316 1.360937476158142 0.11562500149011612 0.16875000298023224
0 0.9867187738418579 1.3367187976837158 0.1171875 0.12031249701976776
0 2.2601561546325684 1.1085937023162842 0.0546875 0.06093750149011612
0 1.513281226158142 1.0828125476837158 0.05781250074505806 0.0625
0 0.645312488079071 1.107031226158142 0.10000000149011612 0.04531250149011612
0 1.752343773841858 0.992968738079071 0.04843749850988388 0.02968749962747097
0 1.7039062976837158 0.987500011920929 0.02656250074505806 0.05000000074505806
0 1.9695312976837158 1.0109374523162842 0.0234375 0.03437500074505806
0 2.3218750953674316 1.0265624523162842 0.03125 0.046875
0 2.272656202316284 1.0539062023162842 0.03593749925494194 0.06406249850988388
0 1.774999976158142 1.0304687023162842 0.02500000037252903 0.0390625
0 2.7125000953674316 1.021093726158142 0.02187499962747097 0.02656250074505806
