0 0.833740234375 0.40478515625 0.03173828125 0.0517578125
0 0.74560546875 0.348876953125 0.0234375 0.02392578125
0 0.289306640625 0.374755859375 0.02490234375 0.03759765625
0 0.466796875 0.327392578125 0.0146484375 0.02197265625
0 0.573486328125 0.3076171875 0.01513671875 0.0146484375
0 0.728759765625 0.3173828125 0.01123046875 0.0263671875
0 0.634521484375 0.2978515625 0.00927734375 0.01171875
0 0.751220703125 0.302978515625 0.01123046875 0.01220703125
0 0.777099609375 0.300537109375 0.00927734375 0.01220703125
0 0.704345703125 0.293701171875 0.00927734375 0.00927734375
