0 0.7093750238418579 1.458593726158142 0.15625 0.22031250596046448
0 2.3203125 1.240625023841858 0.09062500298023224 0.125
0 1.9640624523162842 1.0773437023162842 0.04374999925494194 0.06718750298023224
0 1.2273437976837158 1.162500023841858 0.07343749701976776 0.09375
0 1.360937476158142 1.0773437023162842 0.05000000074505806 0.0703125
0 1.853906273841858 1.0265624523162842 0.0390625 0.05312500149011612
0 1.7960937023162842 0.9976562261581421 0.02968749962747097 0.0390625
0 1.439843773841858 1.0242187976837158 0.03281249850988388 0.04843749850988388
0 1.9953124523162842 0.9859374761581421 0.02812499925494194 0.03750000149011612
0 2.2132811546325684 1.001562476158142 0.03281249850988388 0.04062499850988388
0 1.484375 0.99609375 0.02500000037252903 0.03593749925494194
0 1.7492187023162842 0.9609375 0.02031249925494194 0.02812499925494194
0 1.51953125 0.979687511920929 0.02031249925494194 0.03125
0 1.8546874523162842 0.9554687738418579 0.02187499962747097 0.02968749962747097
0 1.8367187976837158 0.9476562738418579 0.01718750037252903 0.02656250074505806
0 2.4554686546325684 1.015625 0.02656250074505806 0.03437500074505806
0 1.771093726158142 0.9765625 0.0234375 0.03437500074505806
0 1.908593773841858 0.973437488079071 0.0234375 0.03125
0 2.871875047683716 0.996874988079071 0.02187499962747097 0.02812499925494194
0 2.467968702316284 0.9906250238418579 0.02031249925494194 0.02812499925494194
0 2.7750000953674316 1.017187476158142 0.03437500074505806 0.03437500074505806
0 2.065624952316284 0.9593750238418579 0.015625 0.01875000074505806
0 2.024218797683716 0.94921875 0.01718750037252903 0.0234375
0 2.14453125 0.97265625 0.02031249925494194 0.02656250074505806
0 2.258593797683716 0.981249988079071 0.0234375 0.02812499925494194
0 1.9890625476837158 0.9437500238418579 0.015625 0.015625
0 3.12109375 1.0265624523162842 0.02656250074505806 0.04062499850988388
0 1.537500023841858 0.95703125 0.015625 0.02031249925494194
