0 0.6981250047683716 0.24437499046325684 0.04374999925494194 0.0612499937415123
0 0.6193749904632568 0.18437500298023224 0.03125 0.041249990463256836
0 0.37562498450279236 0.18687501549720764 0.026250004768371582 0.033750008791685104
0 0.3212500214576721 0.25312501192092896 0.0650000125169754 0.04874999448657036
0 0.5287500619888306 0.15687499940395355 0.020000029355287552 0.028749991208314896
0 0.550000011920929 0.14000001549720764 0.015000009909272194 0.02250000275671482
0 0.4131249785423279 0.15562500059604645 0.01875000074505806 0.03125
0 0.3050000071525574 0.1574999988079071 0.029999995604157448 0.02500000037252903
0 0.4437499940395355 0.1393750011920929 0.015000009909272194 0.023750007152557373
0 0.5787500143051147 0.12999999523162842 0.009999990463256836 0.014999997802078724
0 0.3474999964237213 0.1393750011920929 0.014999985694885254 0.01875000074505806
0 0.4612500071525574 0.13062500953674316 0.012500000186264515 0.01625000312924385
0 0.5512499809265137 0.12562499940395355 0.009999990463256836 0.016249990090727806
