0 0.2646484375 0.45361328125 0.048828125 0.0556640625
0 0.234375 0.404296875 0.03515625 0.041015625
0 0.6533203125 0.4111328125 0.037109375 0.044921875
0 0.51123046875 0.37890625 0.0244140625 0.029296875
0 0.34521484375 0.3671875 0.0166015625 0.021484375
0 0.2587890625 0.36083984375 0.009765625 0.0166015625
0 0.11669921875 0.373046875 0.0107421875 0.017578125
0 0.13232421875 0.36328125 0.0087890625 0.013671875
0 0.16357421875 0.3876953125 0.0185546875 0.0234375
0 0.15234375 0.3564453125 0.009765625 0.01171875
0 0.052734375 0.349609375 0.005859375 0.009765625
0 0.1845703125 0.345703125 0.005859375 0.009765625
0 0.25390625 0.35546875 0.0078125 0.013671875
0 0.15673828125 0.3515625 0.0068359375 0.009765625
0 0.1064453125 0.35009765625 0.0078125 0.0107421875
0 0.24560546875 0.35107421875 0.0068359375 0.0107421875
0 0.1416015625 0.3427734375 0.005859375 0.01171875
0 0.2392578125 0.3466796875 0.005859375 0.009765625
0 0.2626953125 0.3310546875 0.005859375 0.005859375
0 0.0791015625 0.33935546875 0.005859375 0.0068359375
0 0.4130859375 0.3359375 0.009765625 0.009765625
0 0.158203125 0.33251953125 0.005859375 0.0068359375
0 0.2431640625 0.33203125 0.005859375 0.005859375
0 0.59765625 0.3427734375 0.0078125 0.0078125
0 0.705078125 0.328125 0.005859375 0.009765625
0 0.1220703125 0.34326171875 0.005859375 0.0107421875
