0 2.4296875 1.4249999523162842 0.14374999701976776 0.20624999701976776
0 2.5015625953674316 1.146875023841858 0.06875000149011612 0.08749999850988388
0 1.041406273841858 1.1789062023162842 0.08281250298023224 0.1171875
0 2.174999952316284 1.0187499523162842 0.02812499925494194 0.04374999925494194
0 1.802343726158142 1.0499999523162842 0.0390625 0.05624999850988388
0 2.739062547683716 1.045312523841858 0.02812499925494194 0.04062499850988388
0 2.6703124046325684 1.0859375 0.04374999925494194 0.05312500149011612
0 2.3296875953674316 1.0109374523162842 0.02812499925494194 0.046875
0 2.7679686546325684 1.0226562023162842 0.02031249925494194 0.03281249850988388
0 2.461718797683716 1.0 0.02031249925494194 0.02812499925494194
0 2.5484375953674316 0.99609375 0.015625 0.0234375
0 2.565624952316284 0.98828125 0.015625 0.03281249850988388
0 2.575000047683716 0.98828125 0.015625 0.03281249850988388
0 2.596874952316284 0.9921875 0.015625 0.015625
0 2.6156249046325684 0.9906250238418579 0.015625 0.015625
0 2.78125 1.0148437023162842 0.015625 0.02031249925494194
0 2.6500000953674316 0.989062488079071 0.015625 0.015625
