0 0.223388671875 0.448486328125 0.05224609375 0.06298828125
0 0.633544921875 0.365234375 0.01904296875 0.0263671875
0 0.355712890625 0.368408203125 0.02001953125 0.02978515625
0 0.408935546875 0.3466796875 0.01416015625 0.0205078125
0 0.8232421875 0.454833984375 0.0458984375 0.06396484375
0 0.439208984375 0.333984375 0.01025390625 0.013671875
0 0.5966796875 0.344970703125 0.015625 0.01806640625
0 0.556640625 0.328369140625 0.0087890625 0.00830078125
0 0.573486328125 0.334228515625 0.01025390625 0.01318359375
0 0.547607421875 0.322509765625 0.00634765625 0.00927734375
0 0.460205078125 0.323486328125 0.00634765625 0.00927734375
0 0.5380859375 0.318603515625 0.005859375 0.00830078125
0 0.46923828125 0.3203125 0.0048828125 0.0078125
0 0.53271484375 0.31591796875 0.0048828125 0.005859375
0 0.5625 0.3125 0.0048828125 0.0048828125
0 0.45166015625 0.328369140625 0.0068359375 0.01025390625
0 0.474609375 0.3173828125 0.0048828125 0.005859375
0 0.52734375 0.312255859375 0.0048828125 0.00830078125
0 0.59326171875 0.314453125 0.0048828125 0.0048828125
0 0.62939453125 0.315673828125 0.0048828125 0.00537109375
0 0.6123046875 0.31201171875 0.0048828125 0.0048828125
