0 1.4140625 0.620312511920929 0.04062499850988388 0.07187499850988388
0 1.4171874523162842 0.54296875 0.03437500074505806 0.04531250149011612
0 0.8812500238418579 0.557812511920929 0.03750000149011612 0.05624999850988388
0 0.5531250238418579 0.6343749761581421 0.04374999925494194 0.07187499850988388
0 0.9296875 0.5210937261581421 0.02187499962747097 0.03281249850988388
0 1.2742187976837158 0.5093749761581421 0.0234375 0.04062499850988388
0 1.114843726158142 0.4906249940395355 0.02031249925494194 0.02500000037252903
0 0.903124988079071 0.503125011920929 0.01875000074505806 0.03125
0 0.8109375238418579 0.48906248807907104 0.015625 0.02187499962747097
0 0.6171875 0.4828124940395355 0.015625 0.02187499962747097
0 0.9609375 0.4781250059604645 0.015625 0.02187499962747097
0 0.710156261920929 0.484375 0.01718750037252903 0.02500000037252903
0 0.4468750059604645 0.4898437559604645 0.015625 0.01718750037252903
