0 0.17724609375 0.4833984375 0.068359375 0.0791015625
0 0.26611328125 0.373779296875 0.0302734375 0.03466796875
0 0.65869140625 0.417236328125 0.0419921875 0.05322265625
0 0.48095703125 0.32958984375 0.013671875 0.017578125
0 0.5673828125 0.343505859375 0.0146484375 0.02197265625
0 0.162841796875 0.3388671875 0.01708984375 0.01953125
0 0.236328125 0.34619140625 0.015625 0.0234375
0 0.362548828125 0.324951171875 0.01025390625 0.01416015625
0 0.2666015625 0.323486328125 0.009765625 0.01220703125
0 0.326171875 0.30908203125 0.0048828125 0.0078125
0 0.194580078125 0.3251953125 0.01025390625 0.01171875
0 0.0458984375 0.340087890625 0.0126953125 0.01513671875
0 0.123046875 0.32763671875 0.0087890625 0.0107421875
