0 0.138427734375 0.6565755009651184 0.06591796875 0.111328125
0 0.73046875 0.6145833134651184 0.056640625 0.0989583358168602
0 0.3603515625 0.5006510615348816 0.0322265625 0.0494791679084301
0 0.453369140625 0.4417317807674408 0.01513671875 0.02669270895421505
0 0.22900390625 0.4671224057674408 0.0185546875 0.029296875
0 0.57275390625 0.4420572817325592 0.0126953125 0.0234375
0 0.55517578125 0.4264322817325592 0.009765625 0.01692708395421505
0 0.4765625 0.4108072817325592 0.0078125 0.013020833022892475
0 0.327392578125 0.4264322817325592 0.00830078125 0.014322916977107525
0 0.29296875 0.4173177182674408 0.005859375 0.01171875
0 0.182373046875 0.4322916567325592 0.00732421875 0.013020833022892475
0 0.025634765625 0.4557291567325592 0.01123046875 0.01953125
0 0.367919921875 0.404296875 0.00537109375 0.010416666977107525
0 0.195556640625 0.4195963442325592 0.00732421875 0.012369791977107525
0 0.539794921875 0.40625 0.00732421875 0.013020833022892475
0 0.23388671875 0.4098307192325592 0.0048828125 0.009765625
0 0.052490234375 0.4401041567325592 0.01025390625 0.015625
0 0.12841796875 0.4274088442325592 0.0078125 0.012369791977107525
