0 0.510937511920929 0.4784722328186035 0.010937499813735485 0.02916666679084301
0 0.4058593809604645 0.4756944477558136 0.008593750186264515 0.02361111156642437
0 0.3128906190395355 0.512499988079071 0.01015624962747097 0.03888889029622078
0 0.6812499761581421 0.4576388895511627 0.012500000186264515 0.03194444626569748
0 0.47187501192092896 0.4520833194255829 0.0078125 0.01805555634200573
0 0.4496093690395355 0.4576388895511627 0.008593750186264515 0.01805555634200573
0 0.617968738079071 0.4381944537162781 0.0078125 0.01805555634200573
0 0.546093761920929 0.4402777850627899 0.0078125 0.013888888992369175
0 0.6070312261581421 0.4333333373069763 0.0078125 0.013888888992369175
0 0.526562511920929 0.4416666626930237 0.0078125 0.013888888992369175
0 0.5335937738418579 0.4479166567325592 0.0078125 0.015277777798473835
