0 0.708251953125 0.37939453125 0.02978515625 0.0390625
0 0.35302734375 0.37451171875 0.0283203125 0.03515625
0 0.41748046875 0.33349609375 0.0166015625 0.0224609375
0 0.626220703125 0.3349609375 0.01611328125 0.0205078125
0 0.603271484375 0.319580078125 0.01123046875 0.01416015625
0 0.57861328125 0.310791015625 0.0087890625 0.01025390625
0 0.4482421875 0.318603515625 0.0107421875 0.01416015625
0 0.4658203125 0.310302734375 0.0078125 0.01025390625
0 0.56201171875 0.3046875 0.005859375 0.0087890625
0 0.4775390625 0.302001953125 0.0048828125 0.00634765625
0 0.5546875 0.30126953125 0.0048828125 0.0068359375
0 0.47265625 0.30615234375 0.0078125 0.009765625
0 0.5419921875 0.296142578125 0.0048828125 0.00732421875
0 0.032470703125 0.5771484375 0.06494140625 0.12890625
0 0.546875 0.298095703125 0.0048828125 0.00830078125
0 0.5380859375 0.294921875 0.0048828125 0.0068359375
