0 0.109375 0.3369140625 0.0107421875 0.0126953125
0 0.19580078125 0.32568359375 0.009765625 0.01171875
0 0.18310546875 0.318359375 0.0068359375 0.009765625
0 0.23095703125 0.31298828125 0.0078125 0.009765625
0 0.241455078125 0.318115234375 0.00634765625 0.00830078125
0 0.2666015625 0.308349609375 0.0048828125 0.00732421875
0 0.328857421875 0.307373046875 0.00537109375 0.00634765625
0 0.30859375 0.310546875 0.0048828125 0.0068359375
0 0.350341796875 0.304931640625 0.00537109375 0.00634765625
0 0.29296875 0.304443359375 0.0048828125 0.00732421875
0 0.31396484375 0.302001953125 0.0048828125 0.00634765625
0 0.33349609375 0.300537109375 0.0048828125 0.00732421875
0 0.36328125 0.2998046875 0.0048828125 0.0048828125
0 0.280517578125 0.314208984375 0.00634765625 0.00927734375
0 0.109375 0.3271484375 0.0078125 0.01171875
0 0.365234375 0.3017578125 0.0048828125 0.0048828125
