0 0.24765625596046448 0.32421875 0.0234375 0.04374999925494194
0 0.724609375 0.2855468690395355 0.01796874962747097 0.02890625037252903
0 0.6832031011581421 0.26835936307907104 0.01328125037252903 0.01953125
0 0.3363281190395355 0.28007811307907104 0.01328125037252903 0.02109375037252903
0 0.3726562559604645 0.2652343809604645 0.0078125 0.01328125037252903
0 0.5589843988418579 0.24960938096046448 0.008593750186264515 0.02109375037252903
0 0.528515636920929 0.25117188692092896 0.01015624962747097 0.01953125
0 0.3902343809604645 0.24882812798023224 0.007031249813735485 0.014843749813735485
0 0.590624988079071 0.2542968690395355 0.0078125 0.01015624962747097
0 0.36406248807907104 0.25390625 0.0078125 0.01406249962747097
0 0.686718761920929 0.2582031190395355 0.0078125 0.01328125037252903
0 0.49687498807907104 0.2554687559604645 0.0078125 0.010937499813735485
0 0.40546876192092896 0.25468748807907104 0.0078125 0.00937500037252903
0 0.694531261920929 0.2535156309604645 0.0078125 0.01171875
0 0.484375 0.25312501192092896 0.0078125 0.0078125
0 0.48046875 0.25078123807907104 0.0078125 0.0078125
0 0.38984376192092896 0.2601562440395355 0.0078125 0.010937499813735485
0 0.6273437738418579 0.24843749403953552 0.0078125 0.0078125
