0 0.18798828125 0.470703125 0.052734375 0.072265625
0 0.786376953125 0.353515625 0.01611328125 0.0205078125
0 0.468994140625 0.361572265625 0.02001953125 0.02880859375
0 0.541259765625 0.33740234375 0.01318359375 0.01953125
0 0.75439453125 0.3369140625 0.0107421875 0.0166015625
0 0.8955078125 0.407958984375 0.0341796875 0.04541015625
0 0.608154296875 0.328857421875 0.00927734375 0.01513671875
0 0.722900390625 0.324951171875 0.00732421875 0.01123046875
0 0.700439453125 0.317626953125 0.00634765625 0.00927734375
0 0.685791015625 0.312744140625 0.00537109375 0.00830078125
0 0.620849609375 0.321533203125 0.00732421875 0.01123046875
0 0.612060546875 0.314697265625 0.00634765625 0.00830078125
0 0.673095703125 0.30810546875 0.00537109375 0.0078125
0 0.65966796875 0.304931640625 0.0048828125 0.00732421875
0 0.607177734375 0.310791015625 0.00537109375 0.00830078125
