0 0.72021484375 0.401123046875 0.0322265625 0.04541015625
0 0.305908203125 0.406005859375 0.03173828125 0.04345703125
0 0.610595703125 0.35009765625 0.01806640625 0.025390625
0 0.561279296875 0.324951171875 0.01318359375 0.01708984375
0 0.366455078125 0.353515625 0.02197265625 0.02734375
0 0.395263671875 0.33154296875 0.01220703125 0.0166015625
0 0.412841796875 0.319580078125 0.00830078125 0.01220703125
0 0.505859375 0.30859375 0.005859375 0.0087890625
0 0.423583984375 0.312255859375 0.00634765625 0.00927734375
0 0.53466796875 0.314208984375 0.01171875 0.01220703125
0 0.513671875 0.310302734375 0.0068359375 0.01025390625
0 0.499267578125 0.307861328125 0.00537109375 0.00732421875
0 0.49267578125 0.3076171875 0.0048828125 0.0048828125
0 0.48828125 0.305419921875 0.0048828125 0.00537109375
