0 0.241455078125 0.418701171875 0.04150390625 0.05224609375
0 0.90185546875 0.415771484375 0.0419921875 0.05517578125
0 0.633056640625 0.355712890625 0.02099609375 0.03076171875
0 0.60791015625 0.334716796875 0.0126953125 0.02099609375
0 0.343505859375 0.350341796875 0.01611328125 0.02392578125
0 0.409423828125 0.33056640625 0.01025390625 0.017578125
0 0.727783203125 0.325927734375 0.01123046875 0.01708984375
0 0.5537109375 0.31591796875 0.0078125 0.01171875
0 0.480224609375 0.3212890625 0.00927734375 0.013671875
0 0.66748046875 0.315185546875 0.0068359375 0.01123046875
0 0.832763671875 0.322509765625 0.01025390625 0.01416015625
0 0.8017578125 0.3134765625 0.0068359375 0.0107421875
0 0.060791015625 0.3427734375 0.00927734375 0.013671875
0 0.867431640625 0.30322265625 0.00732421875 0.0107421875
0 0.993896484375 0.314453125 0.00927734375 0.0107421875
0 0.0859375 0.342529296875 0.0087890625 0.01123046875
