0 0.6556490659713745 0.4068509638309479 0.04206733778119087 0.06610574573278427
0 0.614182710647583 0.3954326808452606 0.03125 0.040865372866392136
0 0.8106971979141235 0.44050484895706177 0.09735574573278427 0.12860576808452606
0 0.12079326808452606 0.42608174681663513 0.13100962340831757 0.12620194256305695
0 0.29266828298568726 0.39723557233810425 0.04447116702795029 0.06370191276073456
0 0.543870210647583 0.387620210647583 0.018028831109404564 0.02764425240457058
0 0.48737984895706177 0.38461539149284363 0.015625 0.021634627133607864
0 0.43028849363327026 0.3822115361690521 0.00961537379771471 0.01923077180981636
0 0.36298078298568726 0.3900240361690521 0.028846168890595436 0.037259601056575775
0 0.3804086744785309 0.3822115361690521 0.010817313566803932 0.01923077180981636
0 0.33233171701431274 0.3828125 0.015625 0.02764422819018364
0 0.2734375 0.3804086744785309 0.015625 0.025240397080779076
0 0.3461538255214691 0.379807710647583 0.012019229121506214 0.016826938837766647
0 0.23557691276073456 0.38161057233810425 0.016826938837766647 0.025240372866392136
