0 0.408935546875 0.350341796875 0.01123046875 0.02294921875
0 0.422119140625 0.335693359375 0.01123046875 0.02783203125
0 0.227294921875 0.460205078125 0.03857421875 0.06103515625
0 0.5986328125 0.33251953125 0.013671875 0.03125
0 0.884033203125 0.450439453125 0.03662109375 0.06103515625
0 0.618408203125 0.341796875 0.01416015625 0.0322265625
0 0.5888671875 0.331298828125 0.009765625 0.02490234375
0 0.427978515625 0.33203125 0.00927734375 0.0263671875
0 0.567626953125 0.328125 0.00732421875 0.01171875
0 0.443359375 0.322509765625 0.0048828125 0.00927734375
0 0.4384765625 0.328125 0.005859375 0.01171875
0 0.55126953125 0.32080078125 0.0048828125 0.0078125
