0 0.068603515625 0.6344401240348816 0.06787109375 0.1087239608168602
0 0.42919921875 0.4853515625 0.0263671875 0.0423177070915699
0 0.889892578125 0.4837239682674408 0.02099609375 0.0364583320915699
0 0.59423828125 0.4547525942325592 0.0185546875 0.029296875
0 0.761962890625 0.4326171875 0.01220703125 0.01888020895421505
0 0.798828125 0.4283854067325592 0.013671875 0.0234375
0 0.911376953125 0.4554036557674408 0.01513671875 0.025390625
0 0.854736328125 0.4195963442325592 0.00830078125 0.014973958022892475
0 0.953125 0.4313150942325592 0.01171875 0.017578125
0 0.896484375 0.4654947817325592 0.0126953125 0.02994791604578495
0 0.8232421875 0.4248046875 0.01171875 0.01627604104578495
0 0.90185546875 0.4127604067325592 0.0068359375 0.010416666977107525
0 0.970458984375 0.4235025942325592 0.01025390625 0.012369791977107525
0 0.91552734375 0.4117838442325592 0.0068359375 0.009765625
