0 0.0950000062584877 0.3037499785423279 0.08750000596046448 0.09750001132488251
0 0.31187501549720764 0.16875000298023224 0.041249990463256836 0.04500000551342964
0 0.3293749988079071 0.1443749964237213 0.026249980553984642 0.03624999523162842
0 0.8056249618530273 0.19187501072883606 0.04875002056360245 0.05624999850988388
0 0.3993750214576721 0.12312500178813934 0.01875000074505806 0.026250004768371582
0 0.6699999570846558 0.15000000596046448 0.027500009164214134 0.03750000149011612
0 0.6018750071525574 0.1118750125169754 0.016249990090727806 0.023750007152557373
0 0.42750000953674316 0.10625000298023224 0.012500000186264515 0.019999999552965164
0 0.6243749856948853 0.12000000476837158 0.021249961107969284 0.02749999798834324
0 0.574999988079071 0.10062500089406967 0.012500000186264515 0.01875000074505806
0 0.9606249928474426 0.14625000953674316 0.03125 0.030000006780028343
0 0.43812504410743713 0.0950000062584877 0.011249971576035023 0.020000005140900612
