0 0.18359375 0.35078126192092896 0.02812499925494194 0.04062499850988388
0 0.3031249940395355 0.28789061307907104 0.01718750037252903 0.02421874925494194
0 0.3296875059604645 0.263671875 0.010937499813735485 0.01953125
0 0.2914062440395355 0.2554687559604645 0.010937499813735485 0.01406249962747097
0 0.551953136920929 0.236328125 0.01796874962747097 0.01796874962747097
0 0.6480468511581421 0.26171875 0.02890625037252903 0.03281249850988388
0 0.482421875 0.234375 0.01171875 0.01406249962747097
0 0.4027343690395355 0.23554687201976776 0.008593750186264515 0.01328125037252903
0 0.29218751192092896 0.240234375 0.0078125 0.008593750186264515
0 0.20234374701976776 0.25859373807907104 0.0078125 0.012500000186264515
0 0.11953125149011612 0.26640623807907104 0.0078125 0.00937500037252903
0 0.3824218809604645 0.21875 0.008593750186264515 0.0078125
