0 0.5277343988418579 0.49861112236976624 0.01796874962747097 0.04722222313284874
0 0.2671875059604645 0.5486111044883728 0.02031249925494194 0.0555555559694767
0 0.23945312201976776 0.5152778029441833 0.01171875 0.03611111268401146
0 0.384765625 0.4868055582046509 0.01015624962747097 0.0347222238779068
0 0.28828126192092896 0.4895833432674408 0.0078125 0.02361111156642437
0 0.15546874701976776 0.5076388716697693 0.0078125 0.02916666679084301
0 0.09062500298023224 0.511805534362793 0.0078125 0.02638888917863369
0 0.18632812798023224 0.5138888955116272 0.008593750186264515 0.02777777798473835
0 0.18437500298023224 0.4923610985279083 0.0078125 0.02361111156642437
0 0.630078136920929 0.4506944417953491 0.008593750186264515 0.02083333395421505
0 0.710156261920929 0.4375 0.0078125 0.01944444514811039
0 0.01601562462747097 0.518750011920929 0.008593750186264515 0.02361111156642437
0 0.08359374850988388 0.5006944537162781 0.0078125 0.02083333395421505
0 0.5874999761581421 0.44583332538604736 0.0078125 0.01666666753590107
