0 0.534375011920929 0.39625000953674316 0.08375000953674316 0.11249999701976776
0 0.4300000071525574 0.3800000250339508 0.05500001832842827 0.07500002533197403
0 0.3643750250339508 0.3737500309944153 0.04125001281499863 0.05500001832842827
0 0.30000001192092896 0.3725000023841858 0.0325000062584877 0.04249999672174454
0 0.2568749785423279 0.3712500035762787 0.023749995976686478 0.0325000062584877
0 0.2056250125169754 0.37062501907348633 0.021250009536743164 0.028750013560056686
0 0.0962500050663948 0.37187498807907104 0.017500007525086403 0.021250009536743164
0 0.9506250619888306 0.45749998092651367 0.09624996036291122 0.2150000035762787
0 0.1706250011920929 0.3700000047683716 0.01625000312924385 0.02500000037252903
0 0.06562499701976776 0.3700000047683716 0.01625000312924385 0.019999980926513672
0 0.14874999225139618 0.3662499785423279 0.010000002570450306 0.014999985694885254
0 0.11562500149011612 0.3681250214576721 0.011249994859099388 0.01875000074505806
0 0.03687500208616257 0.3725000023841858 0.01125000137835741 0.020000005140900612
0 0.02187499962747097 0.3712500035762787 0.011249999515712261 0.015000009909272194
