0 0.30781251192092896 0.24322918057441711 0.026041675359010696 0.029166650027036667
0 0.34947916865348816 0.2223958522081375 0.01875000074505806 0.026041675359010696
0 0.6739583611488342 0.2473958432674408 0.027083301916718483 0.03854167461395264
0 0.59375 0.20989584922790527 0.017708349972963333 0.025000011548399925
0 0.5296875238418579 0.18854168057441711 0.012500000186264515 0.01770833693444729
0 0.21562500298023224 0.20546874403953552 0.013541674241423607 0.01718750037252903
0 0.27161461114883423 0.2067708522081375 0.011979174800217152 0.018750011920928955
0 0.3226562440395355 0.20859375596046448 0.01718750037252903 0.022395838052034378
0 0.09479166567325592 0.20859375596046448 0.010416662320494652 0.015104174613952637
0 0.4361979365348816 0.18072918057441711 0.009895849041640759 0.013541663065552711
0 0.2809895873069763 0.18020834028720856 0.0078125 0.010416674427688122
0 0.15390625596046448 0.19062499701976776 0.0067708371207118034 0.010416662320494652
0 0.6239583492279053 0.17005208134651184 0.007291698362678289 0.010937499813735485
0 0.7807291746139526 0.19453124701976776 0.011458349414169788 0.013020837679505348
0 0.7549479603767395 0.1848958432674408 0.013020848855376244 0.01875000074505806
0 0.706250011920929 0.17135417461395264 0.010416651144623756 0.016666661947965622
0 0.612500011920929 0.1640625 0.007291650865226984 0.00937500037252903
0 0.04348958283662796 0.20000000298023224 0.008854168467223644 0.015625
0 0.6619791984558105 0.16796875 0.008333349600434303 0.010937499813735485
0 0.7315104603767395 0.18072918057441711 0.01406249962747097 0.011458337306976318
