0 0.3318749964237213 0.5859375 0.04374999925494194 0.14687499403953552
0 0.5512499809265137 0.41874998807907104 0.02250000089406967 0.08124999701976776
0 0.637499988079071 0.4765625 0.03500000014901161 0.109375
0 0.44437500834465027 0.3984375 0.023749999701976776 0.078125
0 0.9268749952316284 0.7250000238418579 0.07374999672174454 0.22499999403953552
0 0.11687500029802322 0.598437488079071 0.06875000149011612 0.15937499701976776
0 0.5931249856948853 0.3734374940395355 0.01875000074505806 0.06562499701976776
0 0.5368750095367432 0.34062498807907104 0.013749999925494194 0.05624999850988388
0 0.5687500238418579 0.33125001192092896 0.017500000074505806 0.05000000074505806
0 0.46187499165534973 0.34375 0.016249999403953552 0.05000000074505806
0 0.4493750035762787 0.31562501192092896 0.011250000447034836 0.03750000149011612
0 0.5074999928474426 0.296875 0.007499999832361937 0.03750000149011612
0 0.48875001072883606 0.29218751192092896 0.009999999776482582 0.02187499962747097
0 0.5337499976158142 0.3109374940395355 0.007499999832361937 0.046875
0 0.47312501072883606 0.2874999940395355 0.008750000037252903 0.03750000149011612
0 0.8268749713897705 0.948437511920929 0.05624999850988388 0.09062500298023224
0 0.4424999952316284 0.28437501192092896 0.007499999832361937 0.02500000037252903
0 0.41312500834465027 0.28593748807907104 0.008750000037252903 0.02812499925494194
