0 0.2972656190395355 0.3609375059604645 0.03828125074505806 0.05624999850988388
0 0.30859375 0.3148437440395355 0.02187499962747097 0.03125
0 0.40507811307907104 0.27734375 0.01015624962747097 0.015625
0 0.25703126192092896 0.29414063692092896 0.01406249962747097 0.01953125
0 0.3031249940395355 0.30078125 0.01718750037252903 0.02812499925494194
0 0.533203125 0.28515625 0.01640624925494194 0.0234375
0 0.14687499403953552 0.29804688692092896 0.0078125 0.01328125037252903
0 0.2632812559604645 0.28046876192092896 0.0078125 0.00937500037252903
0 0.20742186903953552 0.29296875 0.008593750186264515 0.01406249962747097
0 0.08828125149011612 0.302734375 0.0078125 0.01328125037252903
0 0.05624999850988388 0.30156248807907104 0.0078125 0.012500000186264515
0 0.30546873807907104 0.2796874940395355 0.0078125 0.010937499813735485
