0 0.9225000143051147 0.3031249940395355 0.06999997794628143 0.09375
0 0.49687498807907104 0.23187501728534698 0.04875002056360245 0.06625000387430191
0 0.34062498807907104 0.20999999344348907 0.046250008046627045 0.05750000476837158
0 0.10562499612569809 0.1875 0.026249999180436134 0.04250000789761543
0 0.6625000238418579 0.2462500035762787 0.05000000074505806 0.07249999046325684
0 0.23250000178813934 0.19437499344348907 0.027500009164214134 0.04624999687075615
0 0.06625000387430191 0.2743750214576721 0.0625 0.07374999672174454
0 0.7824999690055847 0.2306250035762787 0.07249999046325684 0.05624999850988388
0 0.8225000500679016 0.1574999988079071 0.03249998018145561 0.05750000476837158
0 0.6943750381469727 0.1599999964237213 0.053749989718198776 0.03750000149011612
