0 0.9828125238418579 0.35859376192092896 0.109375 0.13906249403953552
0 0.797656238079071 0.23749999701976776 0.06406249850988388 0.08437500149011612
0 0.14140625298023224 0.2984375059604645 0.08281250298023224 0.10625000298023224
0 0.4429687559604645 0.18437500298023224 0.04218750074505806 0.0625
0 0.59375 0.14531250298023224 0.02812499925494194 0.04374999925494194
0 0.803906261920929 0.16328124701976776 0.0390625 0.0546875
0 1.041406273841858 0.13515624403953552 0.0546875 0.0390625
0 0.90625 0.12187500298023224 0.02500000037252903 0.04062499850988388
0 0.706250011920929 0.10859374701976776 0.02812499925494194 0.0390625
0 0.43437498807907104 0.1171875 0.04062499850988388 0.03125
0 1.017187476158142 0.09218750149011612 0.02187499962747097 0.03125
0 0.856249988079071 0.08906249701976776 0.02187499962747097 0.03437500074505806
0 0.9945312738418579 0.07734374701976776 0.01718750037252903 0.02968749962747097
0 1.1570312976837158 0.07187499850988388 0.01718750037252903 0.02812499925494194
0 0.8609374761581421 0.04453124850988388 0.02812499925494194 0.01406249962747097
0 0.0546875 0.14921875298023224 0.05000000074505806 0.04531250149011612
0 1.0265624523162842 0.02421874925494194 0.015625 0.01718750037252903
