0 0.6318750381469727 0.2199999988079071 0.05875001102685928 0.08249999582767487
0 0.6243749856948853 0.18312498927116394 0.04875002056360245 0.07124999910593033
0 0.5900000333786011 0.14000001549720764 0.03249998018145561 0.04750000312924385
0 0.856249988079071 0.18125000596046448 0.052499961107969284 0.07000001519918442
0 0.831250011920929 0.16562500596046448 0.04250001907348633 0.05874999612569809
0 0.7906249761581421 0.13437500596046448 0.033749960362911224 0.05125000327825546
0 0.5887500047683716 0.03187499940395355 0.027500009164214134 0.04625000059604645
0 0.7768750190734863 0.1287499964237213 0.026249980553984642 0.04249999672174454
0 0.9781249761581421 0.19874998927116394 0.041250038892030716 0.08000000566244125
0 0.9787500500679016 0.2550000250339508 0.039999961853027344 0.0924999937415123
