0 1.1124999523162842 0.3046875 0.13750000298023224 0.15937499701976776
0 1.197656273841858 0.1796875 0.06718750298023224 0.10625000298023224
0 1.096093773841858 0.14140625298023224 0.05781250074505806 0.0859375
0 0.21484375 0.16718749701976776 0.06406249850988388 0.08749999850988388
0 0.33281248807907104 0.12421874701976776 0.04374999925494194 0.06718750298023224
0 0.821093738079071 0.12421874701976776 0.04843749850988388 0.0703125
0 0.3773437440395355 0.078125 0.03281249850988388 0.05624999850988388
0 0.9789062738418579 0.09921874850988388 0.04531250149011612 0.05781250074505806
0 0.47187501192092896 0.06328125298023224 0.02812499925494194 0.05156249925494194
0 0.81640625 0.05546874925494194 0.02968749962747097 0.04531250149011612
0 0.789843738079071 0.02031249925494194 0.02031249925494194 0.03437500074505806
0 0.800000011920929 0.04140625149011612 0.02812499925494194 0.0390625
0 0.5023437738418579 0.04921875149011612 0.02656250074505806 0.0390625
0 0.676562488079071 0.01953125 0.01875000074505806 0.03593749925494194
0 0.739062488079071 0.01875000074505806 0.01875000074505806 0.03125
0 0.7054687738418579 0.01718750037252903 0.0234375 0.03437500074505806
0 0.3203125 0.10546875 0.03750000149011612 0.06718750298023224
0 0.9781249761581421 0.06640625 0.04374999925494194 0.06093750149011612
