0 0.422607421875 0.447265625 0.01611328125 0.02864583395421505
0 0.4033203125 0.4345703125 0.013671875 0.021484375
0 0.177490234375 0.5042317509651184 0.02001953125 0.0423177070915699
0 0.17431640625 0.6419270634651184 0.04296875 0.08984375
0 0.779052734375 0.4990234375 0.02099609375 0.044921875
0 0.570556640625 0.4664713442325592 0.01904296875 0.0358072929084301
0 0.197265625 0.4606119692325592 0.0166015625 0.025390625
0 0.2373046875 0.4410807192325592 0.009765625 0.01888020895421505
0 0.355712890625 0.4212239682674408 0.00927734375 0.015625
0 0.2939453125 0.4293619692325592 0.0107421875 0.014973958022892475
0 0.451171875 0.4124349057674408 0.0078125 0.014973958022892475
0 0.496826171875 0.4195963442325592 0.01416015625 0.02278645895421505
0 0.559814453125 0.4065755307674408 0.00634765625 0.012369791977107525
0 0.69287109375 0.4026692807674408 0.0048828125 0.011067708022892475
0 0.578125 0.4134114682674408 0.0087890625 0.01822916604578495
0 0.70068359375 0.4091796875 0.0087890625 0.017578125
0 0.830322265625 0.4091796875 0.00830078125 0.013671875
0 0.807373046875 0.4016927182674408 0.00537109375 0.010416666977107525
0 0.884765625 0.4016927182674408 0.0048828125 0.010416666977107525
0 0.950439453125 0.408203125 0.00732421875 0.014322916977107525
