0 1.1140625476837158 1.192968726158142 0.07500000298023224 0.11093749850988388
0 1.83984375 1.107812523841858 0.06406249850988388 0.08124999701976776
0 1.7414062023162842 1.021093726158142 0.04218750074505806 0.06093750149011612
0 1.310937523841858 1.041406273841858 0.04374999925494194 0.06406249850988388
0 1.677343726158142 0.9828125238418579 0.03281249850988388 0.04374999925494194
0 0.4609375 1.0617187023162842 0.04374999925494194 0.06093750149011612
0 1.248437523841858 1.0046875476837158 0.02812499925494194 0.04374999925494194
0 1.109375 0.9859374761581421 0.02500000037252903 0.03437500074505806
0 1.286718726158142 0.960156261920929 0.01718750037252903 0.03281249850988388
0 0.6421874761581421 0.98828125 0.02500000037252903 0.03281249850988388
0 0.917187511920929 0.9820312261581421 0.03125 0.03593749925494194
0 1.0632812976837158 0.9624999761581421 0.0234375 0.03125
0 1.529687523841858 0.969531238079071 0.02500000037252903 0.03593749925494194
0 0.891406238079071 0.964062511920929 0.02031249925494194 0.02812499925494194
0 0.04218750074505806 1.0343749523162842 0.04062499850988388 0.04374999925494194
0 0.26171875 1.013281226158142 0.02968749962747097 0.0390625
0 0.38203126192092896 0.98828125 0.02656250074505806 0.02968749962747097
0 0.5531250238418579 0.979687511920929 0.02187499962747097 0.02812499925494194
0 0.16640624403953552 1.0046875476837158 0.02968749962747097 0.03437500074505806
0 0.723437488079071 0.971875011920929 0.02187499962747097 0.02812499925494194
