0 1.564062476158142 0.69921875 0.07187499850988388 0.10468749701976776
0 1.4757812023162842 0.550000011920929 0.03281249850988388 0.046875
0 1.5109374523162842 0.515625 0.02187499962747097 0.03437500074505806
0 1.096093773841858 0.5249999761581421 0.02968749962747097 0.03750000149011612
0 0.7578125 0.628125011920929 0.046875 0.07187499850988388
0 1.55078125 0.4937500059604645 0.02031249925494194 0.02812499925494194
0 1.2312500476837158 0.49609375 0.015625 0.02656250074505806
0 1.3390624523162842 0.4789062440395355 0.015625 0.0234375
0 1.439062476158142 0.46875 0.015625 0.01875000074505806
0 1.326562523841858 0.4828124940395355 0.015625 0.02187499962747097
0 1.529687523841858 0.48046875 0.015625 0.0234375
