0 0.6812499761581421 0.3531250059604645 0.03499998897314072 0.04374999925494194
0 0.6443749666213989 0.3206250071525574 0.01875000074505806 0.026250004768371582
0 0.590624988079071 0.31062501668930054 0.016249990090727806 0.021250009536743164
0 0.7056249976158142 0.30250000953674316 0.013749981299042702 0.01749999448657036
0 0.7906249761581421 0.3087500035762787 0.016249990090727806 0.022499989718198776
0 0.5368750095367432 0.3056250214576721 0.011250019073486328 0.01875000074505806
0 0.9556249380111694 0.3218750059604645 0.026249980553984642 0.03125
0 0.6343749761581421 0.2993749976158142 0.011250019073486328 0.016249990090727806
0 0.4231249690055847 0.2931250035762787 0.00875000935047865 0.013750004582107067
0 0.4856249690055847 0.30250000953674316 0.011249971576035023 0.015000009909272194
0 0.5106250047683716 0.29500001668930054 0.011249971576035023 0.015000009909272194
0 0.4350000321865082 0.30000001192092896 0.009999990463256836 0.012500000186264515
0 0.3687500059604645 0.30000001192092896 0.007500004954636097 0.012500000186264515
0 0.3100000023841858 0.29874998331069946 0.007500004954636097 0.012500000186264515
