0 0.272216796875 0.5738932490348816 0.03759765625 0.0696614608168602
0 0.795654296875 0.5660807490348816 0.04345703125 0.0709635391831398
0 0.648193359375 0.4635416567325592 0.01708984375 0.02994791604578495
0 0.4287109375 0.458984375 0.015625 0.02734375
0 0.46240234375 0.4329427182674408 0.01171875 0.02083333395421505
0 0.605712890625 0.4319661557674408 0.01318359375 0.021484375
0 0.4736328125 0.4202474057674408 0.0048828125 0.012369791977107525
0 0.5869140625 0.4208984375 0.0078125 0.01627604104578495
0 0.48291015625 0.4169921875 0.005859375 0.011067708022892475
0 0.523681640625 0.4130859375 0.00537109375 0.008463541977107525
0 0.601318359375 0.416015625 0.00634765625 0.010416666977107525
0 0.62548828125 0.412109375 0.005859375 0.010416666977107525
0 0.5712890625 0.408203125 0.0048828125 0.0078125
0 0.644287109375 0.4098307192325592 0.00537109375 0.008463541977107525
0 0.61376953125 0.404296875 0.0048828125 0.0065104165114462376
