0 0.6742187738418579 0.5257812738418579 0.03593749925494194 0.05156249925494194
0 0.5882812738418579 0.5132812261581421 0.02656250074505806 0.04218750074505806
0 1.8828125 0.5015624761581421 0.04374999925494194 0.0625
0 1.0109374523162842 0.46796876192092896 0.02187499962747097 0.04218750074505806
0 0.17499999701976776 0.6226562261581421 0.04062499850988388 0.06718750298023224
0 0.5140625238418579 0.5023437738418579 0.02812499925494194 0.04531250149011612
0 1.71484375 0.4749999940395355 0.02968749962747097 0.05000000074505806
0 1.439062476158142 0.45781248807907104 0.02500000037252903 0.04062499850988388
0 1.2937500476837158 0.44843751192092896 0.02187499962747097 0.03437500074505806
0 0.46406251192092896 0.49609375 0.02187499962747097 0.03281249850988388
0 0.8812500238418579 0.46796876192092896 0.02187499962747097 0.03593749925494194
0 0.13828125596046448 0.5914062261581421 0.0390625 0.0546875
0 0.18203124403953552 0.559374988079071 0.02968749962747097 0.05000000074505806
0 0.4296875 0.4921875 0.015625 0.02812499925494194
0 0.7890625 0.46484375 0.02187499962747097 0.02968749962747097
0 1.165624976158142 0.44609373807907104 0.01875000074505806 0.03281249850988388
0 0.29609376192092896 0.504687488079071 0.01718750037252903 0.02812499925494194
