0 0.375 0.23375001549720764 0.052500031888484955 0.03499998897314072
0 0.6987500190734863 0.1887499988079071 0.03249998018145561 0.04750000312924385
0 0.940625011920929 0.3400000035762787 0.08124999701976776 0.10499999672174454
0 0.2381249964237213 0.19750000536441803 0.03624999523162842 0.04249999672174454
0 0.43562498688697815 0.17687499523162842 0.023749971762299538 0.03374999761581421
0 0.8412500619888306 0.14374999701976776 0.03750000149011612 0.04500000551342964
0 0.46687498688697815 0.15625 0.016249990090727806 0.02500000037252903
0 0.5068750381469727 0.13375000655651093 0.013750028796494007 0.017500007525086403
0 0.48874998092651367 0.14249999821186066 0.015000009909272194 0.02250000275671482
0 0.637499988079071 0.14249999821186066 0.012500000186264515 0.017500007525086403
0 0.3425000309944153 0.16375000774860382 0.020000005140900612 0.02749999798834324
0 0.6574999690055847 0.1537500023841858 0.022499989718198776 0.027500009164214134
0 0.6756250262260437 0.11812500655651093 0.013750028796494007 0.02124999836087227
