0 0.06750000268220901 0.4625000059604645 0.13500000536441803 0.1900000274181366
0 0.7256249785423279 0.3581250011920929 0.04374999925494194 0.05624999850988388
0 0.8981250524520874 0.3631250262260437 0.06374998390674591 0.07625003159046173
0 0.2643750011920929 0.40562501549720764 0.09375 0.10375001281499863
0 0.6056250333786011 0.35875001549720764 0.03125 0.04249999672174454
0 0.5337499976158142 0.35750001668930054 0.027499962598085403 0.03499998897314072
0 0.4737500250339508 0.35624998807907104 0.02500000037252903 0.0325000062584877
0 0.6831250190734863 0.3462499976158142 0.02375001832842827 0.0325000062584877
0 0.3256250023841858 0.38499999046325684 0.05125000327825546 0.06749999523162842
0 0.3931249976158142 0.35624998807907104 0.021249985322356224 0.03499998897314072
0 0.6574999690055847 0.34812501072883606 0.022499989718198776 0.028749991208314896
0 0.17625001072883606 0.3712500035762787 0.029999995604157448 0.040000010281801224
0 0.16312500834465027 0.359375 0.016249990090727806 0.026250004768371582
0 0.07312500476837158 0.3675000071525574 0.021250003948807716 0.029999995604157448
0 0.3087500035762787 0.35624998807907104 0.015000009909272194 0.02500000037252903
0 0.6618750095367432 0.3187499940395355 0.02375001832842827 0.02500000037252903
