0 0.29765623807907104 0.8023437261581421 0.1015625 0.12343750149011612
0 0.4742187559604645 0.640625 0.0390625 0.05312500149011612
0 1.135156273841858 0.645312488079071 0.04843749850988388 0.0625
0 0.8656250238418579 0.5718749761581421 0.02500000037252903 0.03437500074505806
0 0.503125011920929 0.590624988079071 0.02812499925494194 0.03750000149011612
0 0.621874988079071 0.5171874761581421 0.015625 0.01875000074505806
0 0.5171874761581421 0.557812511920929 0.015625 0.02500000037252903
0 1.0812499523162842 0.512499988079071 0.00937500037252903 0.015625
0 0.5078125 0.550000011920929 0.015625 0.01875000074505806
0 0.5078125 0.535937488079071 0.012500000186264515 0.015625
0 1.271875023841858 0.524218738079071 0.00937500037252903 0.01718750037252903
