0 0.131103515625 0.5029296875 0.06689453125 0.0849609375
0 0.958740234375 0.48583984375 0.07666015625 0.0791015625
0 0.623291015625 0.345703125 0.01708984375 0.0224609375
0 0.384521484375 0.350830078125 0.01708984375 0.02490234375
0 0.430908203125 0.326171875 0.00830078125 0.0126953125
0 0.560302734375 0.324462890625 0.00927734375 0.01220703125
0 0.44580078125 0.317138671875 0.0048828125 0.00927734375
0 0.552490234375 0.317626953125 0.00830078125 0.01806640625
0 0.4375 0.3193359375 0.0078125 0.0185546875
0 0.439697265625 0.3173828125 0.00732421875 0.017578125
0 0.539306640625 0.315673828125 0.00634765625 0.01025390625
0 0.548095703125 0.316650390625 0.00634765625 0.01708984375
0 0.4482421875 0.3134765625 0.0048828125 0.0068359375
0 0.45556640625 0.309814453125 0.0048828125 0.00634765625
0 0.531494140625 0.3125 0.00537109375 0.0068359375
0 0.51904296875 0.308837890625 0.0048828125 0.00634765625
0 0.46728515625 0.307861328125 0.0048828125 0.00634765625
0 0.4794921875 0.3056640625 0.0048828125 0.005859375
