0 0.7856250405311584 0.2462500035762787 0.0712500587105751 0.09499999135732651
0 0.28312498331069946 0.19874998927116394 0.05624999850988388 0.07750000059604645
0 0.11499999463558197 0.29250001907348633 0.0949999988079071 0.11749999225139618
0 0.4806250035762787 0.1237499937415123 0.033749960362911224 0.05249999836087227
0 0.29875001311302185 0.14562499523162842 0.039999984204769135 0.05874999612569809
0 0.9131250381469727 0.15687499940395355 0.04624996334314346 0.06875000149011612
0 0.5293749570846558 0.11124999821186066 0.026250028982758522 0.03999999910593033
0 0.4543749690055847 0.09375 0.021250009536743164 0.03500000759959221
0 0.753125011920929 0.1418749988079071 0.03625001758337021 0.05125000327825546
0 0.7318750619888306 0.09937500208616257 0.023749971762299538 0.03625000640749931
0 0.5587500333786011 0.08999999612569809 0.019999980926513672 0.032499998807907104
0 0.6637499928474426 0.08437500149011612 0.017499972134828568 0.02875000238418579
0 0.6487500071525574 0.051875002682209015 0.015000009909272194 0.023749997839331627
0 0.8506250381469727 0.11249999701976776 0.03625001758337021 0.04249999672174454
0 0.7631250619888306 0.10625000298023224 0.028749991208314896 0.04000000283122063
0 0.8125 0.0625 0.02500000037252903 0.042500004172325134
0 0.7275000214576721 0.06687499582767487 0.014999961480498314 0.01875000074505806
0 0.699999988079071 0.078125 0.0175000187009573 0.026249999180436134
0 0.7056249976158142 0.013749999925494194 0.013749981299042702 0.022499999031424522
0 0.7568750381469727 0.06499999761581421 0.011249971576035023 0.019999999552965164
0 0.7450000047683716 0.05687500163912773 0.012500000186264515 0.01625000312924385
0 0.8537500500679016 0.07750000059604645 0.012500000186264515 0.02500000037252903
0 0.9831250309944153 0.30937498807907104 0.028750037774443626 0.14124998450279236
0 0.7749999761581421 0.05062500387430191 0.007499980740249157 0.01625000312924385
0 0.8537500500679016 0.026875000447034836 0.04499997943639755 0.03125
