0 0.4664062559604645 0.3617187440395355 0.0703125 0.11406250298023224
0 0.5093749761581421 0.23828125 0.05000000074505806 0.06093750149011612
0 0.9632812738418579 0.27421873807907104 0.0859375 0.08906249701976776
0 0.846875011920929 0.19687500596046448 0.04374999925494194 0.05312500149011612
0 0.5679687261581421 0.16249999403953552 0.02031249925494194 0.03125
0 0.5953124761581421 0.14218750596046448 0.012500000186264515 0.02187499962747097
0 0.836718738079071 0.15078124403953552 0.0234375 0.0390625
0 0.5367187261581421 0.18593749403953552 0.03281249850988388 0.04062499850988388
0 0.901562511920929 0.13750000298023224 0.02500000037252903 0.02500000037252903
0 1.09765625 0.109375 0.02968749962747097 0.01875000074505806
0 1.044531226158142 0.10859374701976776 0.01718750037252903 0.02656250074505806
0 1.005468726158142 0.12734374403953552 0.02968749962747097 0.02031249925494194
0 0.696093738079071 0.11874999850988388 0.01406249962747097 0.01875000074505806
0 1.189062476158142 0.11328125 0.01875000074505806 0.02031249925494194
0 0.5882812738418579 0.11406250298023224 0.01406249962747097 0.02187499962747097
0 0.9359375238418579 0.09843750298023224 0.012500000186264515 0.015625
