0 1.524999976158142 0.6171875 0.03750000149011612 0.05937499925494194
0 1.0085937976837158 0.7828124761581421 0.1015625 0.13124999403953552
0 2.4437499046325684 0.8921874761581421 0.09687499701976776 0.12812499701976776
0 2.233593702316284 0.729687511920929 0.0546875 0.06875000149011612
0 2.1500000953674316 0.668749988079071 0.04062499850988388 0.05624999850988388
0 1.795312523841858 0.577343761920929 0.02187499962747097 0.03593749925494194
0 2.140625 0.6312500238418579 0.03125 0.03750000149011612
0 1.748437523841858 0.5882812738418579 0.02812499925494194 0.04218750074505806
0 1.65625 0.5492187738418579 0.02187499962747097 0.0234375
0 1.98828125 0.569531261920929 0.0234375 0.02656250074505806
0 2.159374952316284 0.608593761920929 0.01875000074505806 0.02968749962747097
0 1.752343773841858 0.530468761920929 0.01718750037252903 0.0234375
