0 2.360156297683716 0.737500011920929 0.08906249701976776 0.11249999701976776
0 1.197656273841858 0.8031250238418579 0.09531249850988388 0.14374999701976776
0 1.0234375 0.7109375 0.078125 0.09687499701976776
0 0.5234375 0.6742187738418579 0.05000000074505806 0.07343749701976776
0 1.6515624523162842 0.632031261920929 0.03750000149011612 0.05781250074505806
0 0.22734375298023224 1.290624976158142 0.19843749701976776 0.28125
0 0.9117187261581421 0.6117187738418579 0.02968749962747097 0.0390625
0 0.5960937738418579 0.6117187738418579 0.01718750037252903 0.02656250074505806
0 0.19687500596046448 0.65625 0.015625 0.02187499962747097
0 0.4546875059604645 0.6148437261581421 0.015625 0.02031249925494194
