0 0.2548828125 0.5651041865348816 0.041015625 0.0690104141831398
0 0.623779296875 0.4768880307674408 0.02001953125 0.037109375
0 0.39794921875 0.4638671875 0.0146484375 0.03059895895421505
0 0.584716796875 0.4420572817325592 0.01123046875 0.0234375
0 0.28125 0.4479166567325592 0.01171875 0.02083333395421505
0 0.56640625 0.4296875 0.0087890625 0.01822916604578495
0 0.07275390625 0.4934895932674408 0.01953125 0.03515625
0 0.447509765625 0.4231770932674408 0.00732421875 0.015625
0 0.557861328125 0.4208984375 0.00732421875 0.014973958022892475
0 0.451416015625 0.41796875 0.00537109375 0.01171875
0 0.543212890625 0.4078775942325592 0.00634765625 0.013671875
0 0.094482421875 0.4453125 0.01025390625 0.01822916604578495
0 0.140380859375 0.4300130307674408 0.00634765625 0.012369791977107525
0 0.34521484375 0.4248046875 0.0087890625 0.013671875
0 0.425048828125 0.4085286557674408 0.00634765625 0.009765625
0 0.394775390625 0.4069010317325592 0.00537109375 0.0078125
0 0.533935546875 0.4049479067325592 0.00634765625 0.01171875
0 0.43408203125 0.4010416567325592 0.0048828125 0.009114583022892475
0 0.4951171875 0.4016927182674408 0.005859375 0.01171875
0 0.309326171875 0.4124349057674408 0.00537109375 0.009765625
0 0.354248046875 0.4059244692325592 0.00537109375 0.009765625
0 0.197265625 0.4215494692325592 0.0068359375 0.011067708022892475
0 0.12353515625 0.4244791567325592 0.0078125 0.01171875
