0 0.9024999737739563 0.6859375238418579 0.07999999821186066 0.2906250059604645
0 0.7756249904632568 0.5249999761581421 0.05375000089406967 0.21875
0 0.6756250262260437 0.4281249940395355 0.038750000298023224 0.16249999403953552
0 0.24500000476837158 0.3265624940395355 0.02250000089406967 0.09062500298023224
0 0.5981249809265137 0.3765625059604645 0.028750000521540642 0.13437500596046448
0 0.029374999925494194 0.26249998807907104 0.038750000298023224 0.15000000596046448
0 0.5143749713897705 0.27656251192092896 0.023749999701976776 0.09062500298023224
0 0.28687500953674316 0.296875 0.026249999180436134 0.09375
0 0.5356249809265137 0.33281248807907104 0.03125 0.12812499701976776
0 0.7512500286102295 0.4609375 0.03500000014901161 0.18437500298023224
0 0.1274999976158142 0.4468750059604645 0.03750000149011612 0.11249999701976776
0 0.3112500011920929 0.2593750059604645 0.02250000089406967 0.06875000149011612
0 0.5737500190734863 0.43437498807907104 0.057500001043081284 0.08749999850988388
0 0.08437500149011612 0.453125 0.03125 0.13750000298023224
0 0.15687499940395355 0.40312498807907104 0.023749999701976776 0.125
0 0.5331249833106995 0.26875001192092896 0.023749999701976776 0.11249999701976776
0 0.30562499165534973 0.3218750059604645 0.026249999180436134 0.05624999850988388
0 0.5674999952316284 0.36406248807907104 0.029999999329447746 0.12812499701976776
0 0.17749999463558197 0.3765625059604645 0.03999999910593033 0.07187499850988388
