0 0.6856249570846558 0.38062500953674316 0.05875001102685928 0.07375001907348633
0 0.4206250309944153 0.3618749976158142 0.03125 0.046250008046627045
0 0.5137499570846558 0.36937499046325684 0.040000010281801224 0.05125000327825546
0 0.971875011920929 0.4087499976158142 0.053750038146972656 0.11750002205371857
0 0.3449999988079071 0.359375 0.02500000037252903 0.03624999523162842
0 0.24500000476837158 0.3543750047683716 0.02500000037252903 0.033750008791685104
0 0.042500000447034836 0.3643750250339508 0.04249999672174454 0.058749984949827194
0 0.5850000381469727 0.35999998450279236 0.022499989718198776 0.0325000062584877
0 0.5568750500679016 0.359375 0.023749971762299538 0.03125
0 0.09687499701976776 0.3993750214576721 0.0962500050663948 0.11375000327825546
0 0.13625000417232513 0.34812501072883606 0.02500000037252903 0.033750008791685104
0 0.5618749856948853 0.3268750309944153 0.021249961107969284 0.033749986439943314
