0 0.35400390625 0.5611979365348816 0.0439453125 0.0677083358168602
0 0.714111328125 0.5296223759651184 0.03564453125 0.0579427070915699
0 0.60595703125 0.4576822817325592 0.015625 0.02734375
0 0.45556640625 0.4388020932674408 0.0087890625 0.02083333395421505
0 0.576904296875 0.4348958432674408 0.01025390625 0.01822916604578495
0 0.467529296875 0.4267578125 0.00732421875 0.01627604104578495
0 0.657470703125 0.4313150942325592 0.00732421875 0.017578125
0 0.900390625 0.4833984375 0.017578125 0.0319010429084301
0 0.81982421875 0.421875 0.0068359375 0.01171875
0 0.90625 0.4449869692325592 0.0107421875 0.017578125
0 0.59765625 0.4137369692325592 0.0048828125 0.009765625
0 0.476318359375 0.4202474057674408 0.00634765625 0.012369791977107525
