0 0.7666015625 0.374267578125 0.0263671875 0.03759765625
0 0.423583984375 0.353271484375 0.02001953125 0.02783203125
0 0.696533203125 0.3369140625 0.01318359375 0.0185546875
0 0.506103515625 0.329833984375 0.01513671875 0.01708984375
0 0.56884765625 0.31982421875 0.0087890625 0.0126953125
0 0.41015625 0.31982421875 0.0185546875 0.01171875
0 0.7177734375 0.3212890625 0.0087890625 0.0126953125
0 0.673095703125 0.31396484375 0.00537109375 0.0087890625
0 0.699462890625 0.32421875 0.00830078125 0.0126953125
0 0.81640625 0.318115234375 0.0078125 0.00927734375
0 0.74755859375 0.31787109375 0.0068359375 0.0107421875
0 0.62451171875 0.31640625 0.005859375 0.0087890625
0 0.61669921875 0.309814453125 0.0068359375 0.01025390625
0 0.806884765625 0.315185546875 0.00732421875 0.00927734375
0 0.76123046875 0.309326171875 0.0048828125 0.00537109375
0 0.7373046875 0.3134765625 0.0048828125 0.0068359375
0 0.705078125 0.309326171875 0.0048828125 0.00732421875
0 0.163330078125 0.3359375 0.02294921875 0.01171875
0 0.875732421875 0.32080078125 0.00634765625 0.0078125
0 0.87353515625 0.318115234375 0.0048828125 0.00634765625
0 0.9453125 0.323486328125 0.0068359375 0.00830078125
0 0.93359375 0.321044921875 0.0048828125 0.00634765625
0 0.90869140625 0.3154296875 0.0048828125 0.0048828125
0 0.97021484375 0.31884765625 0.0048828125 0.0048828125
0 0.9521484375 0.3173828125 0.0048828125 0.0048828125
0 0.91259765625 0.314453125 0.0048828125 0.0048828125
0 0.62939453125 0.310791015625 0.009765625 0.00830078125
0 0.89599609375 0.314453125 0.0048828125 0.0048828125
0 0.9423828125 0.318359375 0.0048828125 0.0048828125
0 0.979248046875 0.322021484375 0.00732421875 0.00732421875
0 0.9482421875 0.31591796875 0.0048828125 0.0048828125
