0 0.609375 0.6390625238418579 0.05937499925494194 0.08124999701976776
0 1.3039062023162842 0.557812511920929 0.05781250074505806 0.06875000149011612
0 1.7664062976837158 0.858593761920929 0.1484375 0.18281249701976776
0 1.05078125 0.508593738079071 0.03281249850988388 0.04218750074505806
0 0.15078124403953552 0.971875011920929 0.16093750298023224 0.1875
0 0.895312488079071 0.48828125 0.02500000037252903 0.03281249850988388
0 0.703906238079071 0.4828124940395355 0.02031249925494194 0.03125
0 0.6468750238418579 0.5531250238418579 0.046875 0.05312500149011612
0 0.5054687261581421 0.48124998807907104 0.01718750037252903 0.02500000037252903
0 0.30078125 0.5093749761581421 0.01718750037252903 0.03125
0 0.48828125 0.5210937261581421 0.02656250074505806 0.03593749925494194
