0 0.6324999928474426 0.22437500953674316 0.047499991953372955 0.0612499937415123
0 0.5843750238418579 0.16249999403953552 0.02375001832842827 0.029999995604157448
0 0.3206250071525574 0.18312498927116394 0.033749986439943314 0.043749988079071045
0 0.1850000023841858 0.31562501192092896 0.0924999937415123 0.09375
0 0.15312500298023224 0.20499999821186066 0.06625000387430191 0.04250000789761543
0 0.7793749570846558 0.1706250011920929 0.03624997287988663 0.03374999761581421
0 0.4375 0.1550000011920929 0.019999980926513672 0.030000006780028343
0 0.668749988079071 0.13875000178813934 0.022499989718198776 0.01749999448657036
0 0.42250004410743713 0.13187500834465027 0.017499972134828568 0.021250009536743164
0 0.5431250333786011 0.1237499937415123 0.011250019073486328 0.017500007525086403
0 0.46000003814697266 0.11749999225139618 0.009999990463256836 0.014999997802078724
