0 0.2509765625 0.5888671875 0.041015625 0.080078125
0 0.513916015625 0.4619140625 0.02001953125 0.0358072929084301
0 0.190185546875 0.5149739384651184 0.02587890625 0.046875
0 0.11181640625 0.5035807490348816 0.0205078125 0.0384114570915699
0 0.6591796875 0.4866536557674408 0.021484375 0.044921875
0 0.8974609375 0.5703125 0.0458984375 0.0768229141831398
0 0.179443359375 0.4495442807674408 0.01708984375 0.02799479104578495
0 0.3212890625 0.4541015625 0.021484375 0.0384114570915699
0 0.918701171875 0.45703125 0.02001953125 0.03515625
0 0.935546875 0.421875 0.0078125 0.01692708395421505
0 0.865478515625 0.4065755307674408 0.00732421875 0.013671875
0 0.84765625 0.4309895932674408 0.0107421875 0.0234375
0 0.803466796875 0.416015625 0.00927734375 0.01953125
0 0.897705078125 0.4137369692325592 0.00634765625 0.013671875
0 0.845458984375 0.4016927182674408 0.00634765625 0.01171875
0 0.814697265625 0.3938802182674408 0.00537109375 0.010416666977107525
0 0.0927734375 0.4527994692325592 0.01171875 0.02018229104578495
0 0.78173828125 0.4065755307674408 0.0078125 0.011067708022892475
0 0.79833984375 0.3909505307674408 0.005859375 0.009765625
0 0.7578125 0.3948567807674408 0.0048828125 0.011067708022892475
0 0.991943359375 0.4332682192325592 0.01025390625 0.021484375
0 0.8251953125 0.3961588442325592 0.0048828125 0.009765625
0 0.766357421875 0.3994140625 0.00537109375 0.012369791977107525
0 0.752197265625 0.3912760317325592 0.00537109375 0.010416666977107525
0 0.018310546875 0.4521484375 0.01123046875 0.01627604104578495
0 0.78759765625 0.3889974057674408 0.0048828125 0.008463541977107525
