0 0.2900390625 0.40283203125 0.0361328125 0.0498046875
0 0.910400390625 0.4951171875 0.07080078125 0.0849609375
0 0.658447265625 0.360107421875 0.02197265625 0.03271484375
0 0.39111328125 0.34521484375 0.01953125 0.0244140625
0 0.423095703125 0.326171875 0.01318359375 0.01953125
0 0.58837890625 0.32666015625 0.013671875 0.01953125
0 0.4580078125 0.30615234375 0.0078125 0.01171875
0 0.546142578125 0.3056640625 0.00634765625 0.0107421875
0 0.561279296875 0.313232421875 0.01220703125 0.01513671875
0 0.444091796875 0.313232421875 0.01220703125 0.01416015625
0 0.540283203125 0.2998046875 0.00732421875 0.0087890625
0 0.46630859375 0.30078125 0.0068359375 0.0087890625
0 0.579345703125 0.298828125 0.00634765625 0.0087890625
0 0.666259765625 0.306396484375 0.00634765625 0.01025390625
0 0.6044921875 0.30224609375 0.0068359375 0.009765625
0 0.565673828125 0.294677734375 0.00537109375 0.00732421875
0 0.535888671875 0.296630859375 0.00537109375 0.00732421875
0 0.736328125 0.3095703125 0.0078125 0.009765625
0 0.650146484375 0.297607421875 0.00537109375 0.00830078125
0 0.62939453125 0.294921875 0.0048828125 0.0078125
0 0.4765625 0.291748046875 0.0048828125 0.00732421875
0 0.925048828125 0.31201171875 0.00830078125 0.0107421875
0 0.9453125 0.307861328125 0.0078125 0.00830078125
0 0.863525390625 0.3046875 0.00830078125 0.0087890625
0 0.779296875 0.302978515625 0.0078125 0.00927734375
0 0.68408203125 0.30078125 0.009765625 0.0087890625
0 0.560791015625 0.29150390625 0.00634765625 0.0078125
0 0.55517578125 0.29052734375 0.0048828125 0.005859375
