0 0.25833335518836975 0.2864583432674408 0.036458324640989304 0.05104167386889458
0 0.4398437440395355 0.19921875 0.013020848855376244 0.01718750037252903
0 0.46119794249534607 0.18463543057441711 0.008854150772094727 0.011979162693023682
0 0.7614583373069763 0.30000001192092896 0.03750000149011612 0.048958323895931244
0 0.6565104722976685 0.2083333432674408 0.015104150399565697 0.019791673868894577
0 0.6239583492279053 0.18515625596046448 0.008333301171660423 0.011979162693023682
0 0.5914062261581421 0.17421874403953552 0.0057291509583592415 0.008854162879288197
0 0.5286458730697632 0.17005208134651184 0.005208301357924938 0.0078125
0 0.4307292103767395 0.17864583432674408 0.007291650865226984 0.00937500037252903
0 0.26770836114883423 0.18333333730697632 0.005208325572311878 0.007291674613952637
0 0.4703125059604645 0.16953125596046448 0.0062500000931322575 0.0067708371207118034
0 0.3671875 0.17864583432674408 0.0062500000931322575 0.00937500037252903
0 0.32421875 0.17499999701976776 0.005729174707084894 0.0062500000931322575
0 0.40156251192092896 0.17135417461395264 0.0062500000931322575 0.00937500037252903
0 0.6239583492279053 0.1705729216337204 0.005208301357924938 0.0067708371207118034
