0 0.2894531190395355 0.310546875 0.01953125 0.02890625037252903
0 0.2515625059604645 0.3667968809604645 0.03281249850988388 0.04609375074505806
0 0.520703136920929 0.26953125 0.01171875 0.01875000074505806
0 0.7144531011581421 0.30195313692092896 0.01953125 0.03203124925494194
0 0.26484376192092896 0.28046876192092896 0.00937500037252903 0.01718750037252903
0 0.3968749940395355 0.26093751192092896 0.00937500037252903 0.01406249962747097
0 0.21171875298023224 0.2750000059604645 0.00937500037252903 0.01406249962747097
0 0.15546874701976776 0.27617186307907104 0.0078125 0.01328125037252903
0 0.2964843809604645 0.26093751192092896 0.007031249813735485 0.010937499813735485
0 0.21875 0.2652343809604645 0.0078125 0.01015624962747097
