0 0.12187500298023224 0.1550000011920929 0.046250004321336746 0.06750001013278961
0 0.49562501907348633 0.12437500804662704 0.03874998167157173 0.048750005662441254
0 0.8300000429153442 0.21375000476837158 0.07500000298023224 0.10250000655651093
0 0.9624999761581421 0.11687500774860382 0.0625 0.048750001937150955
0 0.3525000214576721 0.078125 0.027500009164214134 0.038750000298023224
0 0.23625001311302185 0.054999999701976776 0.022500013932585716 0.0325000025331974
0 0.1574999988079071 0.09937499463558197 0.0325000062584877 0.04374999552965164
0 0.8012501001358032 0.06187499687075615 0.040000058710575104 0.028749998658895493
0 0.08374999463558197 0.07000000774860382 0.027500003576278687 0.030000001192092896
0 0.12062500417232513 0.044999998062849045 0.01875000074505806 0.022499999031424522
0 0.24000000953674316 0.00937500037252903 0.01749999448657036 0.01875000074505806
0 0.10125000774860382 0.03999999910593033 0.012500005774199963 0.019999999552965164
0 0.048750001937150955 0.03999999910593033 0.017499998211860657 0.017500001937150955
0 0.030625000596046448 0.038750000298023224 0.01125000137835741 0.017499998211860657
