0 0.6931250095367432 0.13562500476837158 0.01875000074505806 0.02124999836087227
0 0.7162500619888306 0.16312500834465027 0.022499989718198776 0.03125
0 0.5512499809265137 0.14124999940395355 0.015000009909272194 0.022499989718198776
0 0.640625 0.12562499940395355 0.013749981299042702 0.01875000074505806
0 0.45625001192092896 0.13312499225139618 0.015000009909272194 0.02124999836087227
0 0.1912499964237213 0.14500001072883606 0.01749999448657036 0.02250000275671482
0 0.40687504410743713 0.12437500804662704 0.011249971576035023 0.01625000312924385
0 0.13062499463558197 0.1731249988079071 0.03125 0.03374999761581421
0 0.42750000953674316 0.12250000238418579 0.010000037960708141 0.015000009909272194
0 0.5874999761581421 0.12062499672174454 0.007499980740249157 0.01625000312924385
0 0.5062500238418579 0.11312500387430191 0.007499980740249157 0.013750004582107067
0 0.24937501549720764 0.13250000774860382 0.013750004582107067 0.01749999448657036
0 0.19750002026557922 0.12937501072883606 0.012500012293457985 0.01625000312924385
0 0.21875 0.12375000864267349 0.009999990463256836 0.012500000186264515
0 0.1706250011920929 0.12562499940395355 0.00874999724328518 0.011249994859099388
0 0.058750003576278687 0.13750000298023224 0.012500000186264515 0.012500000186264515
0 0.5449999570846558 0.11687500774860382 0.00750002870336175 0.013750004582107067
0 0.29500001668930054 0.11562500149011612 0.007499980740249157 0.011249994859099388
0 0.09624999761581421 0.1287499964237213 0.007499998901039362 0.009999990463256836
0 0.03687500208616257 0.14374999701976776 0.01374999899417162 0.01749999448657036
0 0.04374999925494194 0.13124999403953552 0.007499998901039362 0.012500000186264515
0 0.4650000035762787 0.10999999940395355 0.007499980740249157 0.012500000186264515
0 0.34187501668930054 0.12000000476837158 0.011250019073486328 0.007500004954636097
0 0.2737500071525574 0.11500000953674316 0.007500004954636097 0.007499992847442627
0 0.3843750059604645 0.12187500298023224 0.00875000935047865 0.013750004582107067
0 0.24375000596046448 0.11687500774860382 0.007500004954636097 0.00874999724328518
0 0.3400000035762787 0.078125 0.007500004954636097 0.00874999724328518
0 0.39000001549720764 0.07874999940395355 0.007500004954636097 0.007499998901039362
0 0.375 0.11937500536441803 0.009999990463256836 0.011249994859099388
0 0.22937500476837158 0.11625000089406967 0.00875000935047865 0.009999990463256836
0 0.14124999940395355 0.11874999850988388 0.007500004954636097 0.007500004954636097
0 0.3199999928474426 0.11625000089406967 0.007499980740249157 0.009999990463256836
