0 0.758593738079071 1.2000000476837158 0.07343749701976776 0.11249999701976776
0 1.833593726158142 1.1281249523162842 0.0546875 0.10000000149011612
0 2.163281202316284 1.2781250476837158 0.11406250298023224 0.14374999701976776
0 2.682812452316284 1.235937476158142 0.10625000298023224 0.12812499701976776
0 0.625 1.368749976158142 0.14687499403953552 0.16875000298023224
0 0.63671875 1.0734374523162842 0.04531250149011612 0.08124999701976776
0 1.467187523841858 1.078125 0.05000000074505806 0.06875000149011612
0 1.1398437023162842 1.06640625 0.04531250149011612 0.06406249850988388
0 0.41874998807907104 1.161718726158142 0.0625 0.07656250149011612
0 0.13984374701976776 1.165624976158142 0.06093750149011612 0.07500000298023224
0 2.24609375 1.0773437023162842 0.0546875 0.06718750298023224
0 2.0648436546325684 1.0234375 0.03281249850988388 0.046875
0 1.9617187976837158 0.991406261920929 0.02656250074505806 0.04218750074505806
0 0.15234375 1.08984375 0.04531250149011612 0.05156249925494194
0 2.764843702316284 1.0812499523162842 0.04218750074505806 0.06562499701976776
0 2.4453125 1.0203125476837158 0.03437500074505806 0.05000000074505806
0 2.266406297683716 0.9898437261581421 0.0234375 0.03281249850988388
0 1.885156273841858 0.969531238079071 0.02031249925494194 0.03281249850988388
0 1.8203125 0.9437500238418579 0.015625 0.02187499962747097
0 2.020312547683716 0.9453125 0.015625 0.02500000037252903
0 2.1820311546325684 0.97265625 0.01718750037252903 0.02968749962747097
0 2.1187500953674316 0.9609375 0.015625 0.02500000037252903
0 2.0625 0.9515625238418579 0.015625 0.02500000037252903
0 1.9562499523162842 0.9296875 0.015625 0.02187499962747097
0 1.849218726158142 0.9554687738418579 0.02031249925494194 0.02968749962747097
0 1.803125023841858 0.9359375238418579 0.015625 0.02187499962747097
0 1.978124976158142 0.9351562261581421 0.015625 0.0234375
0 1.896875023841858 0.922656238079071 0.015625 0.01718750037252903
0 1.8828125 0.922656238079071 0.015625 0.01718750037252903
