0 0.974609375 0.36376953125 0.0224609375 0.0283203125
0 0.111328125 0.332275390625 0.0107421875 0.01318359375
0 0.256103515625 0.3037109375 0.00634765625 0.01171875
0 0.012939453125 0.345458984375 0.01513671875 0.01708984375
0 0.12060546875 0.3212890625 0.009765625 0.01171875
0 0.305908203125 0.3037109375 0.00634765625 0.0126953125
0 0.203125 0.3125 0.0087890625 0.0107421875
0 0.3125 0.302978515625 0.0068359375 0.01220703125
0 0.262939453125 0.303466796875 0.00634765625 0.01025390625
0 0.1962890625 0.3203125 0.0078125 0.0107421875
0 0.230224609375 0.308349609375 0.00537109375 0.00732421875
0 0.263427734375 0.3125 0.00634765625 0.0087890625
0 0.29345703125 0.307861328125 0.0048828125 0.00634765625
