0 0.176025390625 0.74609375 0.07861328125 0.1458333283662796
0 0.2255859375 0.5455729365348816 0.0302734375 0.0572916679084301
0 0.422607421875 0.4625650942325592 0.02099609375 0.037109375
0 0.656494140625 0.4866536557674408 0.02490234375 0.0423177070915699
0 0.166748046875 0.5166015625 0.02490234375 0.0436197929084301
0 0.880615234375 0.5478515625 0.03857421875 0.0670572891831398
0 0.284912109375 0.44921875 0.01220703125 0.0234375
0 0.0927734375 0.4811197817325592 0.015625 0.02864583395421505
0 0.213623046875 0.4449869692325592 0.00927734375 0.01888020895421505
0 0.063720703125 0.466796875 0.00927734375 0.01953125
0 0.160888671875 0.4404296875 0.00732421875 0.014973958022892475
0 0.134033203125 0.4391275942325592 0.00732421875 0.013671875
0 0.0927734375 0.4348958432674408 0.0048828125 0.009114583022892475
0 0.048828125 0.4602864682674408 0.0087890625 0.01953125
0 0.031494140625 0.4524739682674408 0.00732421875 0.014322916977107525
0 0.992919921875 0.4176432192325592 0.01123046875 0.012369791977107525
0 0.105712890625 0.4368489682674408 0.00634765625 0.01171875
0 0.078369140625 0.4342447817325592 0.00537109375 0.01171875
0 0.02099609375 0.447265625 0.0048828125 0.010416666977107525
0 0.96630859375 0.4069010317325592 0.0087890625 0.01692708395421505
0 0.949951171875 0.4007161557674408 0.00927734375 0.014973958022892475
0 0.939697265625 0.396484375 0.00634765625 0.013020833022892475
0 0.925537109375 0.3929036557674408 0.00732421875 0.009765625
