0 0.5012499690055847 0.1887499988079071 0.040000010281801224 0.030000006780028343
0 0.17625001072883606 0.21875 0.04500000551342964 0.05000000074505806
0 0.07625000178813934 0.3256250023841858 0.07250000536441803 0.09125001728534698
0 0.42125001549720764 0.19249999523162842 0.04250001907348633 0.030000006780028343
0 0.21812501549720764 0.16562500596046448 0.026250004768371582 0.03125
0 0.5106250047683716 0.15187498927116394 0.016249990090727806 0.026249993592500687
0 0.48499998450279236 0.15187498927116394 0.02500000037252903 0.02124999836087227
0 0.5481250286102295 0.06937500089406967 0.01875000074505806 0.03125
0 0.10250000655651093 0.14874999225139618 0.017500007525086403 0.019999992102384567
0 0.15125000476837158 0.12562499940395355 0.012500000186264515 0.013750004582107067
0 0.5231249928474426 0.11125000566244125 0.016249990090727806 0.025000005960464478
0 0.4162500500679016 0.17125001549720764 0.027500009164214134 0.02749999798834324
0 0.7925000190734863 0.14124999940395355 0.029999971389770508 0.052500009536743164
0 0.22374999523162842 0.13375000655651093 0.012500000186264515 0.017500007525086403
0 0.17125001549720764 0.12187500298023224 0.010000002570450306 0.011249994859099388
0 0.07250000536441803 0.16749998927116394 0.02250000275671482 0.02749999798834324
0 0.09062500298023224 0.14000001549720764 0.01374999899417162 0.014999997802078724
0 0.21124999225139618 0.14374999701976776 0.012500000186264515 0.01749999448657036
0 0.46875 0.10875000804662704 0.012500000186264515 0.017500007525086403
0 0.26125001907348633 0.12125001102685928 0.010000014677643776 0.010000002570450306
0 0.4581250250339508 0.13562500476837158 0.013749981299042702 0.01625000312924385
0 0.015625 0.19437500834465027 0.026249999180436134 0.03624999523162842
0 0.10625000298023224 0.13374999165534973 0.012500000186264515 0.012500000186264515
0 0.11937500536441803 0.13062500953674316 0.011249994859099388 0.013749992474913597
0 0.2887499928474426 0.12000000476837158 0.007499980740249157 0.010000002570450306
0 0.2306250035762787 0.12250000238418579 0.00875000935047865 0.012500000186264515
0 0.13375000655651093 0.12062499672174454 0.007499992847442627 0.00874999724328518
0 0.04625000059604645 0.13062500953674316 0.007499998901039362 0.011250006966292858
0 0.22312501072883606 0.15000000596046448 0.01875000074505806 0.02250000275671482
0 0.2068749964237213 0.13187500834465027 0.008749986067414284 0.013750004582107067
0 0.20000000298023224 0.1287499964237213 0.00750001659616828 0.012500000186264515
0 0.08374999463558197 0.140625 0.009999996051192284 0.01625000312924385
0 0.4675000309944153 0.043125003576278687 0.012500000186264515 0.01875000260770321
0 0.4099999964237213 0.17749999463558197 0.035000015050172806 0.02500000037252903
0 0.20937499403953552 0.11937500536441803 0.00875000935047865 0.011249994859099388
0 0.03999999910593033 0.1287499964237213 0.007499998901039362 0.007500004954636097
0 0.09187500178813934 0.12437500804662704 0.008750003762543201 0.011250006966292858
0 0.012500000186264515 0.13375000655651093 0.0075000012293457985 0.010000002570450306
0 0.10499999672174454 0.12062499672174454 0.007499992847442627 0.00874999724328518
0 0.2175000160932541 0.11687500774860382 0.007500004954636097 0.00874999724328518
0 0.203125 0.11874999850988388 0.00874999724328518 0.007500004954636097
0 0.1287499964237213 0.12062499672174454 0.007500004954636097 0.00874999724328518
0 0.3050000071525574 0.11749999225139618 0.007500004954636097 0.007499992847442627
0 0.07000000774860382 0.12437500804662704 0.007499998901039362 0.011250006966292858
0 0.24000000953674316 0.11874999850988388 0.007500004954636097 0.007500004954636097
0 0.6387500166893005 0.13500000536441803 0.012500000186264515 0.01749999448657036
0 0.17750000953674316 0.11812500655651093 0.007499992847442627 0.011250006966292858
