0 0.3774999976158142 0.793749988079071 0.07999999821186066 0.2562499940395355
0 0.3787499964237213 0.5 0.03999999910593033 0.13750000298023224
0 0.3343749940395355 0.38593751192092896 0.023749999701976776 0.09062500298023224
0 0.5981249809265137 0.44843751192092896 0.03375000134110451 0.13437500596046448
0 0.5118749737739563 0.3531250059604645 0.021250000223517418 0.07500000298023224
0 0.8818749785423279 0.21875 0.021250000223517418 0.06875000149011612
0 0.3449999988079071 0.3218750059604645 0.017500000074505806 0.06875000149011612
0 0.4762499928474426 0.30156248807907104 0.012500000186264515 0.05937499925494194
0 0.3581250011920929 0.28437501192092896 0.016249999403953552 0.05624999850988388
0 0.796875 0.9281250238418579 0.11124999821186066 0.13750000298023224
0 0.39375001192092896 0.26249998807907104 0.012500000186264515 0.04374999925494194
0 0.44999998807907104 0.24843749403953552 0.012500000186264515 0.046875
0 0.4881249964237213 0.3218750059604645 0.01875000074505806 0.0625
0 0.9700000286102295 0.2734375 0.014999999664723873 0.05312500149011612
