0 0.23398438096046448 0.21250000596046448 0.03359375149011612 0.04374999925494194
0 0.7738281488418579 0.34648436307907104 0.03671874850988388 0.06328125298023224
0 0.7367187738418579 0.2593750059604645 0.02031249925494194 0.02968749962747097
0 0.45625001192092896 0.18789061903953552 0.01875000074505806 0.02265625074505806
0 0.7933593988418579 0.24492187798023224 0.01328125037252903 0.01796874962747097
0 0.869921863079071 0.25664061307907104 0.008593750186264515 0.01328125037252903
0 0.946484386920929 0.2789062559604645 0.007031249813735485 0.010937499813735485
0 0.65234375 0.20000000298023224 0.010937499813735485 0.01718750037252903
0 0.7757812738418579 0.22226563096046448 0.0078125 0.01015624962747097
0 0.880078136920929 0.24960938096046448 0.007031249813735485 0.01015624962747097
