0 0.247314453125 0.400390625 0.02978515625 0.0419921875
0 0.4169921875 0.328369140625 0.0126953125 0.01904296875
0 0.53466796875 0.33349609375 0.015625 0.0224609375
0 0.927734375 0.402099609375 0.033203125 0.04541015625
0 0.188720703125 0.36572265625 0.02001953125 0.0263671875
0 0.24462890625 0.316162109375 0.0107421875 0.01123046875
0 0.177978515625 0.324462890625 0.01025390625 0.01318359375
0 0.208251953125 0.328369140625 0.01123046875 0.01513671875
0 0.6923828125 0.353515625 0.0166015625 0.0263671875
0 0.31787109375 0.3271484375 0.0107421875 0.015625
0 0.07275390625 0.35400390625 0.017578125 0.021484375
0 0.3115234375 0.30810546875 0.0068359375 0.0087890625
0 0.1123046875 0.322265625 0.0078125 0.01171875
0 0.012939453125 0.336669921875 0.00927734375 0.01318359375
0 0.200927734375 0.31396484375 0.00634765625 0.0107421875
0 0.4072265625 0.30126953125 0.005859375 0.0087890625
0 0.34521484375 0.29638671875 0.0048828125 0.0068359375
0 0.0556640625 0.328369140625 0.0068359375 0.01123046875
0 0.30029296875 0.304931640625 0.0068359375 0.00830078125
0 0.48974609375 0.29296875 0.0048828125 0.005859375
0 0.58251953125 0.29248046875 0.005859375 0.0078125
0 0.543701171875 0.2900390625 0.00537109375 0.0068359375
0 0.501220703125 0.2958984375 0.00634765625 0.0078125
0 0.65771484375 0.289794921875 0.0048828125 0.00634765625
0 0.008056640625 0.34423828125 0.01318359375 0.0166015625
0 0.70556640625 0.286376953125 0.0048828125 0.00830078125
0 0.7431640625 0.287841796875 0.0048828125 0.00830078125
0 0.68115234375 0.28759765625 0.0048828125 0.0048828125
0 0.6962890625 0.28662109375 0.0048828125 0.0078125
0 0.76611328125 0.28955078125 0.0048828125 0.005859375
0 0.734375 0.2880859375 0.0048828125 0.0087890625
0 0.617919921875 0.288330078125 0.00537109375 0.00732421875
0 0.71923828125 0.289794921875 0.0048828125 0.00537109375
0 0.72900390625 0.2880859375 0.0048828125 0.0048828125
0 0.75732421875 0.28857421875 0.0048828125 0.0048828125
0 0.47509765625 0.2900390625 0.0048828125 0.0048828125
0 0.48046875 0.2880859375 0.0048828125 0.0068359375
