0 0.328369140625 0.381591796875 0.02880859375 0.03759765625
0 0.6689453125 0.377685546875 0.02734375 0.04052734375
0 0.6015625 0.333984375 0.0166015625 0.0244140625
0 0.3896484375 0.33837890625 0.0146484375 0.0224609375
0 0.57421875 0.31787109375 0.01171875 0.017578125
0 0.79248046875 0.3603515625 0.0234375 0.0302734375
0 0.4208984375 0.320556640625 0.01171875 0.01611328125
0 0.443359375 0.311767578125 0.0087890625 0.01220703125
0 0.560791015625 0.31005859375 0.00927734375 0.0126953125
0 0.55126953125 0.3056640625 0.0078125 0.0107421875
0 0.62841796875 0.311767578125 0.0107421875 0.01318359375
0 0.602783203125 0.305908203125 0.00830078125 0.01123046875
0 0.83056640625 0.32666015625 0.0126953125 0.0166015625
0 0.67236328125 0.325927734375 0.0146484375 0.02001953125
0 0.751220703125 0.31298828125 0.00927734375 0.0126953125
0 0.7041015625 0.307373046875 0.0068359375 0.00927734375
0 0.6796875 0.302734375 0.0048828125 0.0068359375
0 0.987548828125 0.352783203125 0.02294921875 0.02685546875
0 0.694580078125 0.304443359375 0.00634765625 0.00927734375
0 0.6484375 0.30126953125 0.0048828125 0.0068359375
0 0.59228515625 0.302978515625 0.005859375 0.00927734375
0 0.581787109375 0.302001953125 0.00537109375 0.00830078125
0 0.544189453125 0.302734375 0.00732421875 0.009765625
0 0.44970703125 0.306640625 0.005859375 0.0087890625
0 0.4794921875 0.300537109375 0.0048828125 0.00732421875
0 0.45556640625 0.30126953125 0.0048828125 0.0068359375
