0 0.5249999761581421 0.23671874403953552 0.05000000074505806 0.0390625
0 0.22031250596046448 0.27265626192092896 0.05312500149011612 0.0703125
0 0.09765625 0.4078125059604645 0.09218750149011612 0.11562500149011612
0 0.6265624761581421 0.23593750596046448 0.05000000074505806 0.03750000149011612
0 0.45625001192092896 0.22968749701976776 0.04062499850988388 0.03750000149011612
0 0.09140624850988388 0.20859375596046448 0.02656250074505806 0.03281249850988388
0 0.2734375 0.20703125 0.03125 0.03593749925494194
0 0.635937511920929 0.18671874701976776 0.01875000074505806 0.03281249850988388
0 0.5874999761581421 0.1796875 0.01875000074505806 0.02812499925494194
0 0.686718761920929 0.0859375 0.02031249925494194 0.03750000149011612
0 0.653124988079071 0.13906249403953552 0.01875000074505806 0.03125
0 0.6234375238418579 0.14218750596046448 0.02187499962747097 0.03125
0 0.503125011920929 0.20000000298023224 0.03125 0.03437500074505806
0 0.543749988079071 0.13203124701976776 0.012500000186264515 0.02031249925494194
0 0.586718738079071 0.13593749701976776 0.010937499813735485 0.02187499962747097
0 0.12890625 0.18593749403953552 0.0234375 0.02500000037252903
0 0.2796874940395355 0.16718749701976776 0.012500000186264515 0.01875000074505806
0 0.01953125 0.24296875298023224 0.03281249850988388 0.04218750074505806
0 0.27734375 0.18906250596046448 0.02031249925494194 0.02812499925494194
0 0.15078124403953552 0.16328124701976776 0.01406249962747097 0.01718750037252903
0 0.26249998807907104 0.17656250298023224 0.015625 0.02500000037252903
0 0.32734376192092896 0.15156249701976776 0.010937499813735485 0.012500000186264515
0 0.18984374403953552 0.15781250596046448 0.01406249962747097 0.015625
0 0.21406249701976776 0.15468749403953552 0.00937500037252903 0.012500000186264515
0 0.26093751192092896 0.14921875298023224 0.00937500037252903 0.01406249962747097
0 0.2890625 0.15312500298023224 0.00937500037252903 0.015625
0 0.296875 0.14687499403953552 0.00937500037252903 0.00937500037252903
0 0.9906250238418579 0.17734375596046448 0.03437500074505806 0.06093750149011612
0 0.13359375298023224 0.16640624403953552 0.01406249962747097 0.01718750037252903
0 0.36250001192092896 0.15078124403953552 0.00937500037252903 0.010937499813735485
0 0.11406250298023224 0.17656250298023224 0.012500000186264515 0.02187499962747097
0 0.05859375 0.16328124701976776 0.010937499813735485 0.01406249962747097
0 0.5718749761581421 0.17109374701976776 0.012500000186264515 0.02031249925494194
