0 0.3675000071525574 0.22750000655651093 0.04249999672174454 0.06000000238418579
0 0.5962499976158142 0.18687501549720764 0.03249998018145561 0.046250008046627045
0 0.5462499856948853 0.14687499403953552 0.030000019818544388 0.02124999836087227
0 0.7606250047683716 0.19062499701976776 0.05875001102685928 0.041249990463256836
0 0.4962500035762787 0.1287499964237213 0.014999961480498314 0.022499989718198776
0 0.40562501549720764 0.1550000011920929 0.02375001832842827 0.03249999135732651
0 0.3824999928474426 0.12999999523162842 0.015000009909272194 0.02250000275671482
0 0.4362500309944153 0.11937500536441803 0.019999980926513672 0.013750004582107067
0 0.3812499940395355 0.1118750125169754 0.009999990463256836 0.01625000312924385
0 0.3506249785423279 0.10437500476837158 0.008749986067414284 0.013750004582107067
