0 0.40187498927116394 0.47968751192092896 0.036249998956918716 0.12187500298023224
0 0.6693750023841858 0.5546875 0.04625000059604645 0.17812499403953552
0 0.16625000536441803 0.6781250238418579 0.054999999701976776 0.20624999701976776
0 0.09624999761581421 0.543749988079071 0.04749999940395355 0.15625
0 0.5356249809265137 0.5234375 0.038750000298023224 0.13437500596046448
0 0.8518750071525574 0.6468750238418579 0.04625000059604645 0.16875000298023224
0 0.9487500190734863 0.582812488079071 0.05000000074505806 0.17812499403953552
0 0.24062499403953552 0.854687511920929 0.07874999940395355 0.265625
0 0.18937499821186066 0.5921875238418579 0.04125000163912773 0.15312500298023224
0 0.19499999284744263 0.43437498807907104 0.02500000037252903 0.10000000149011612
0 0.9731249809265137 0.40156251192092896 0.04374999925494194 0.18437500298023224
0 0.9681249856948853 0.854687511920929 0.05874999985098839 0.265625
0 0.30375000834465027 0.4437499940395355 0.029999999329447746 0.11874999850988388
0 0.8199999928474426 0.3812499940395355 0.032499998807907104 0.13124999403953552
0 0.11249999701976776 0.43281251192092896 0.02250000089406967 0.09062500298023224
