0 2.121875047683716 1.203125 0.078125 0.11249999701976776
0 1.9304687976837158 1.100000023841858 0.04218750074505806 0.06875000149011612
0 1.1328125 1.189062476158142 0.078125 0.10000000149011612
0 1.8289062976837158 1.0398437976837158 0.03593749925494194 0.05156249925494194
0 1.2820312976837158 1.0968749523162842 0.0546875 0.078125
0 1.380468726158142 1.0398437976837158 0.0390625 0.05156249925494194
0 1.4453125 1.0125000476837158 0.02500000037252903 0.03437500074505806
0 1.7843749523162842 1.01171875 0.02500000037252903 0.03593749925494194
0 1.760156273841858 0.991406261920929 0.02031249925494194 0.02968749962747097
0 1.467187523841858 0.9937499761581421 0.01875000074505806 0.03125
0 1.7273437976837158 0.973437488079071 0.01718750037252903 0.02812499925494194
0 1.712499976158142 0.961718738079071 0.015625 0.0234375
0 1.5359375476837158 0.957812488079071 0.015625 0.015625
0 1.5125000476837158 0.9671875238418579 0.015625 0.02187499962747097
0 1.4890625476837158 0.9820312261581421 0.015625 0.0234375
0 0.12265624850988388 1.8468749523162842 0.24531249701976776 0.4375
