0 0.93359375 1.446874976158142 0.1640625 0.22499999403953552
0 2.375781297683716 1.181249976158142 0.07968749850988388 0.11562500149011612
0 1.2921874523162842 1.162500023841858 0.08437500149011612 0.10312499850988388
0 1.4070312976837158 1.07421875 0.05156249925494194 0.0703125
0 2.512500047683716 1.096093773841858 0.05000000074505806 0.06406249850988388
0 2.200000047683716 1.0945312976837158 0.05937499925494194 0.0703125
0 1.6242187023162842 1.0320312976837158 0.04531250149011612 0.05156249925494194
0 1.966406226158142 1.017187476158142 0.03593749925494194 0.04062499850988388
0 2.89453125 1.18359375 0.07656250149011612 0.1015625
0 2.850781202316284 1.0695312023162842 0.0390625 0.04531250149011612
0 2.2914061546325684 1.0750000476837158 0.0546875 0.0625
0 2.3687500953674316 1.0304687023162842 0.03750000149011612 0.04218750074505806
