0 0.222900390625 0.439453125 0.03564453125 0.052734375
0 0.34423828125 0.36083984375 0.0234375 0.048828125
0 0.751220703125 0.43310546875 0.04150390625 0.0576171875
0 0.6767578125 0.3759765625 0.037109375 0.060546875
0 0.319091796875 0.37744140625 0.03271484375 0.0556640625
0 0.650146484375 0.362060546875 0.03271484375 0.05126953125
0 0.5771484375 0.327880859375 0.01171875 0.01611328125
0 0.396240234375 0.344970703125 0.01513671875 0.02099609375
0 0.423828125 0.328125 0.01171875 0.015625
0 0.60546875 0.34423828125 0.0126953125 0.021484375
0 0.5498046875 0.314697265625 0.0048828125 0.01025390625
0 0.4736328125 0.311279296875 0.0048828125 0.00830078125
0 0.563720703125 0.309814453125 0.00634765625 0.00830078125
0 0.447998046875 0.317138671875 0.00732421875 0.01025390625
0 0.48828125 0.3056640625 0.0048828125 0.005859375
