0 0.6806250214576721 0.12687499821186066 0.04624996334314346 0.06625000387430191
0 0.940625011920929 0.23375001549720764 0.08874998241662979 0.11749999225139618
0 0.16500000655651093 0.17750000953674316 0.07750000804662704 0.08500000089406967
0 0.30000001192092896 0.08812500536441803 0.03499998897314072 0.046250004321336746
0 0.35875001549720764 0.11125000566244125 0.052500009536743164 0.0625000074505806
0 0.6931250095367432 0.08562500774860382 0.03625001758337021 0.048750001937150955
0 0.40812501311302185 0.07250000536441803 0.028749991208314896 0.042500000447034836
0 0.49125003814697266 0.05937499925494194 0.022499989718198776 0.03374999761581421
0 0.18000000715255737 0.34312501549720764 0.07000000774860382 0.10875000804662704
0 0.7056249976158142 0.054999999701976776 0.02375001832842827 0.03750000149011612
