0 0.3094951808452606 0.5336538553237915 0.05649038404226303 0.09294871985912323
0 0.640625 0.5320512652397156 0.03125 0.06410256773233414
0 0.909254789352417 0.6274038553237915 0.16466346383094788 0.23237179219722748
0 0.7073317170143127 0.5520833134651184 0.04927884787321091 0.09455128014087677
0 0.3756009638309479 0.5176281929016113 0.03485576808452606 0.057692307978868484
0 0.08293269574642181 0.5737179517745972 0.16586539149284363 0.19871795177459717
0 0.6159855723381042 0.5280448794364929 0.022836538031697273 0.046474359929561615
0 0.5600961446762085 0.5192307829856873 0.016826923936605453 0.03205128386616707
0 0.41286057233810425 0.5152243375778198 0.02524038404226303 0.04326923191547394
0 0.510817289352417 0.5128205418586731 0.01923076994717121 0.028846153989434242
0 0.46213942766189575 0.5080128312110901 0.013221153989434242 0.025641025975346565
