0 1.4015624523162842 0.6390625238418579 0.046875 0.06875000149011612
0 2.1851563453674316 0.723437488079071 0.04843749850988388 0.078125
0 2.225781202316284 0.6625000238418579 0.03281249850988388 0.05624999850988388
0 1.6296875476837158 0.594531238079071 0.03437500074505806 0.04843749850988388
0 2.043750047683716 0.596875011920929 0.03437500074505806 0.04374999925494194
0 1.8359375 0.582812488079071 0.03437500074505806 0.04374999925494194
0 2.4710936546325684 0.671093761920929 0.03281249850988388 0.05156249925494194
0 1.693750023841858 0.54296875 0.02187499962747097 0.03281249850988388
0 2.9320311546325684 0.7484375238418579 0.02968749962747097 0.046875
0 2.5843749046325684 0.659375011920929 0.01875000074505806 0.03125
0 2.8804688453674316 0.7124999761581421 0.01718750037252903 0.02500000037252903
0 2.140625 0.581250011920929 0.015625 0.02500000037252903
