0 0.77001953125 0.399169921875 0.0439453125 0.03759765625
0 0.634033203125 0.348388671875 0.01806640625 0.02783203125
0 0.250732421875 0.364990234375 0.02978515625 0.02001953125
0 0.5458984375 0.324951171875 0.0126953125 0.01904296875
0 0.09033203125 0.452392578125 0.0537109375 0.06591796875
0 0.24951171875 0.339599609375 0.015625 0.02197265625
0 0.45361328125 0.3173828125 0.009765625 0.017578125
0 0.27685546875 0.31640625 0.013671875 0.009765625
0 0.358154296875 0.314208984375 0.01025390625 0.01318359375
0 0.189453125 0.317626953125 0.009765625 0.01220703125
0 0.158203125 0.33447265625 0.0146484375 0.017578125
0 0.132568359375 0.307861328125 0.00634765625 0.00830078125
0 0.077392578125 0.322265625 0.01123046875 0.0126953125
0 0.011474609375 0.337890625 0.01220703125 0.015625
0 0.0244140625 0.322265625 0.01171875 0.01171875
0 0.3037109375 0.294189453125 0.0048828125 0.00732421875
0 0.220703125 0.30078125 0.005859375 0.0078125
0 0.2900390625 0.29248046875 0.0048828125 0.0048828125
0 0.21044921875 0.298828125 0.005859375 0.0068359375
0 0.104248046875 0.307861328125 0.00732421875 0.00537109375
