0 0.628125011920929 0.19062499701976776 0.033750008791685104 0.048750005662441254
0 0.5350000262260437 0.1431249976158142 0.020000029355287552 0.03125
0 0.3556250035762787 0.15312500298023224 0.023749995976686478 0.03624999523162842
0 0.37937504053115845 0.3375000059604645 0.06875002384185791 0.10999999195337296
0 0.398125022649765 0.2056250125169754 0.04375002533197403 0.05375000089406967
0 0.3687500059604645 0.12687499821186066 0.015000009909272194 0.026249993592500687
0 0.4206250309944153 0.10500000417232513 0.013749981299042702 0.017500001937150955
0 0.3850000202655792 0.11375000327825546 0.012500000186264515 0.020000005140900612
0 0.9431249499320984 0.09125000238418579 0.021250057965517044 0.027500003576278687
0 0.5 0.12062499672174454 0.012500000186264515 0.02124999836087227
0 0.47437500953674316 0.09687499701976776 0.008749961853027344 0.0162500087171793
0 0.7756249904632568 0.08187500387430191 0.03125 0.02124999836087227
