0 0.23463541269302368 0.6425926089286804 0.05260416492819786 0.12222222238779068
0 0.2619791626930237 0.4912036955356598 0.03020833246409893 0.0694444477558136
0 0.8971354365348816 0.582870364189148 0.05052083358168602 0.10462962836027145
0 0.5424479246139526 0.3777777850627899 0.01822916604578495 0.03703703731298447
0 0.2239583283662796 0.3916666805744171 0.014583333395421505 0.03333333507180214
0 0.16979166865348816 0.36851853132247925 0.008333333767950535 0.025925925001502037
0 0.3669270873069763 0.34953704476356506 0.00989583320915699 0.026851851493120193
0 0.1822916716337204 0.33472222089767456 0.0072916666977107525 0.017592592164874077
0 0.2770833373069763 0.3314814865589142 0.0072916666977107525 0.018518518656492233
0 0.07447917014360428 0.3671296238899231 0.0062500000931322575 0.017592592164874077
