0 0.83984375 0.41650390625 0.041015625 0.0498046875
0 0.76904296875 0.3740234375 0.025390625 0.0341796875
0 0.69189453125 0.322265625 0.0107421875 0.0146484375
0 0.861328125 0.337646484375 0.015625 0.02001953125
0 0.534912109375 0.33642578125 0.01611328125 0.0224609375
0 0.82958984375 0.3203125 0.0107421875 0.0126953125
0 0.49658203125 0.353271484375 0.0205078125 0.02880859375
0 0.5546875 0.325439453125 0.0126953125 0.01611328125
0 0.5771484375 0.31591796875 0.009765625 0.0126953125
0 0.68212890625 0.311767578125 0.0068359375 0.01123046875
0 0.59228515625 0.3076171875 0.0068359375 0.0087890625
0 0.599853515625 0.30419921875 0.00537109375 0.0068359375
0 0.671142578125 0.303955078125 0.00537109375 0.00732421875
0 0.958251953125 0.318115234375 0.01025390625 0.01123046875
0 0.800537109375 0.30908203125 0.00634765625 0.0087890625
