0 0.553906261920929 1.541406273841858 0.18906250596046448 0.2515625059604645
0 2.885937452316284 1.634374976158142 0.21875 0.28437501192092896
0 1.1171875 1.196874976158142 0.09375 0.11874999850988388
0 2.1781249046325684 1.203125 0.09062500298023224 0.11562500149011612
0 1.932031273841858 1.0703125 0.04531250149011612 0.06875000149011612
0 1.321874976158142 1.079687476158142 0.05000000074505806 0.06562499701976776
0 1.4265625476837158 1.0281250476837158 0.02812499925494194 0.04062499850988388
0 1.837499976158142 1.0164062976837158 0.03125 0.04218750074505806
0 1.796875 1.002343773841858 0.02187499962747097 0.03593749925494194
0 1.486718773841858 1.0007812976837158 0.0234375 0.03281249850988388
0 1.450781226158142 1.01171875 0.02031249925494194 0.02968749962747097
0 1.7734375 0.996874988079071 0.015625 0.03437500074505806
0 1.7546875476837158 0.9898437261581421 0.015625 0.02968749962747097
0 1.732812523841858 0.9859374761581421 0.015625 0.02500000037252903
0 1.5125000476837158 0.992968738079071 0.015625 0.02656250074505806
