0 0.29088541865348816 0.35624998807907104 0.04947914928197861 0.0729166716337204
0 0.29895836114883423 0.28828126192092896 0.03437500074505806 0.04635417461395264
0 0.739062488079071 0.2580729126930237 0.029166650027036667 0.04218750074505806
0 0.2854166626930237 0.2515625059604645 0.022916650399565697 0.03125
0 0.4958333373069763 0.20416668057441711 0.013541698455810547 0.01979166269302368
0 0.2578125 0.19348958134651184 0.008333325386047363 0.010937499813735485
0 0.16640624403953552 0.21302084624767303 0.0078125 0.014583325013518333
0 0.2263021022081375 0.22031250596046448 0.015104174613952637 0.016666674986481667
0 0.34453123807907104 0.19765624403953552 0.010937499813735485 0.01406249962747097
0 0.06666667014360428 0.2161458432674408 0.00937500037252903 0.011458325199782848
