0 0.87451171875 0.438232421875 0.0478515625 0.05908203125
0 0.40869140625 0.333984375 0.017578125 0.021484375
0 0.451904296875 0.314697265625 0.01025390625 0.01416015625
0 0.344482421875 0.37841796875 0.03564453125 0.0380859375
0 0.631103515625 0.336669921875 0.02001953125 0.02197265625
0 0.514404296875 0.3037109375 0.00830078125 0.009765625
0 0.471435546875 0.306884765625 0.00927734375 0.01220703125
0 0.630615234375 0.30615234375 0.00537109375 0.0087890625
0 0.590087890625 0.315185546875 0.00927734375 0.01318359375
0 0.702392578125 0.307373046875 0.00634765625 0.00830078125
0 0.646484375 0.30224609375 0.0048828125 0.005859375
0 0.811767578125 0.310546875 0.00830078125 0.0107421875
0 0.573974609375 0.302001953125 0.00537109375 0.00830078125
0 0.686767578125 0.3037109375 0.00537109375 0.0068359375
0 0.71923828125 0.303955078125 0.0048828125 0.00634765625
0 0.58740234375 0.31005859375 0.009765625 0.013671875
0 0.90966796875 0.314208984375 0.0087890625 0.01025390625
0 0.98486328125 0.31640625 0.009765625 0.0107421875
0 0.857177734375 0.30859375 0.00732421875 0.009765625
