0 0.8187500238418579 0.23749999701976776 0.06499996036291122 0.08499999344348907
0 0.9593750238418579 0.3031249940395355 0.07875003665685654 0.1262499988079071
0 0.715624988079071 0.19374999403953552 0.04875002056360245 0.059999991208314896
0 0.15000000596046448 0.20062501728534698 0.03750000149011612 0.05375000089406967
0 0.27125000953674316 0.14874999225139618 0.020000005140900612 0.03500000387430191
0 0.05375000089406967 0.12187500298023224 0.03750000149011612 0.0637499988079071
0 0.31687501072883606 0.13374999165534973 0.01875000074505806 0.03750000149011612
0 0.6337500214576721 0.17375001311302185 0.02500000037252903 0.05000000074505806
0 0.00937500037252903 0.10499999672174454 0.01875000074505806 0.04750000312924385
0 0.10499999672174454 0.20000000298023224 0.032499998807907104 0.059999991208314896
0 0.7956250309944153 0.20500001311302185 0.04874997213482857 0.07250001281499863
0 0.6050000190734863 0.19500000774860382 0.047499991953372955 0.03750000149011612
0 0.18312498927116394 0.17875000834465027 0.023750007152557373 0.0625000149011612
0 0.5456250309944153 0.125 0.02375001832842827 0.03999999910593033
0 0.3343749940395355 0.14562499523162842 0.021250009536743164 0.023750007152557373
0 0.5637499690055847 0.12000000476837158 0.017499972134828568 0.04500000551342964
