0 0.7275000214576721 0.36500000953674316 0.06499996036291122 0.08749999850988388
0 0.5074999928474426 0.36125001311302185 0.047499991953372955 0.06499998271465302
0 0.45749998092651367 0.3531250059604645 0.029999971389770508 0.04374999925494194
0 0.5481249690055847 0.34812501072883606 0.026250028982758522 0.03625001758337021
0 0.3943750262260437 0.36000001430511475 0.033750008791685104 0.05000000074505806
0 0.09937500208616257 0.3668749928474426 0.02875000238418579 0.04374999925494194
0 0.6037500500679016 0.34375 0.022499989718198776 0.0325000062584877
0 0.32249999046325684 0.3525000214576721 0.020000005140900612 0.029999995604157448
0 0.4150000214576721 0.3462499976158142 0.0175000187009573 0.027500009164214134
0 0.6162500381469727 0.34187501668930054 0.015000009909272194 0.026249980553984642
0 0.5824999809265137 0.3400000035762787 0.015000009909272194 0.022499989718198776
0 0.3643750250339508 0.34562498331069946 0.011249994859099388 0.01875000074505806
0 0.21812501549720764 0.3581250309944153 0.026250004768371582 0.03624999523162842
0 0.29250001907348633 0.3487500250339508 0.010000014677643776 0.01749999448657036
0 0.03125 0.37312501668930054 0.03750000149011612 0.05124998092651367
0 0.13750000298023224 0.3543750047683716 0.01749999448657036 0.02375001832842827
0 0.04437499865889549 0.35999998450279236 0.01374999899417162 0.020000005140900612
