0 2.358593702316284 1.2664062976837158 0.09843750298023224 0.13593749701976776
0 1.04296875 1.3046875 0.10468749701976776 0.15000000596046448
0 1.27734375 1.1124999523162842 0.05781250074505806 0.08749999850988388
0 1.7374999523162842 1.032812476158142 0.04374999925494194 0.05624999850988388
0 1.916406273841858 1.0984375476837158 0.06093750149011612 0.078125
0 1.576562523841858 0.981249988079071 0.02500000037252903 0.03437500074505806
0 1.265625 1.049218773841858 0.03437500074505806 0.04843749850988388
0 1.64453125 1.0070312023162842 0.02968749962747097 0.04218750074505806
0 1.5148437023162842 0.9671875238418579 0.01718750037252903 0.02812499925494194
0 1.459375023841858 0.960156261920929 0.015625 0.0234375
0 1.4367187023162842 0.9585937261581421 0.01718750037252903 0.02656250074505806
0 1.4765625 0.961718738079071 0.01875000074505806 0.0234375
0 1.2585937976837158 1.0 0.02031249925494194 0.03437500074505806
0 1.404687523841858 0.9546874761581421 0.015625 0.015625
0 1.3859374523162842 0.9515625238418579 0.015625 0.015625
