0 0.53515625 0.4945312440395355 0.09218750149011612 0.12968750298023224
0 0.8125 0.4820312559604645 0.05937499925494194 0.09218750149011612
0 0.879687488079071 0.47343748807907104 0.04374999925494194 0.06875000149011612
0 0.932812511920929 0.4703125059604645 0.02812499925494194 0.05624999850988388
0 0.65625 0.4507812559604645 0.015625 0.03281249850988388
0 1.189843773841858 0.48046875 0.02968749962747097 0.0390625
0 1.071874976158142 0.47343748807907104 0.02500000037252903 0.03437500074505806
0 0.699999988079071 0.4554687440395355 0.012500000186264515 0.02968749962747097
0 0.4476562440395355 0.44609373807907104 0.02031249925494194 0.03281249850988388
0 0.600781261920929 0.4507812559604645 0.01718750037252903 0.02656250074505806
0 0.31953126192092896 0.44140625 0.0234375 0.03281249850988388
0 0.3984375 0.44453126192092896 0.012500000186264515 0.0234375
0 0.14374999701976776 0.4351562559604645 0.01875000074505806 0.03281249850988388
0 0.08515624701976776 0.43046873807907104 0.01718750037252903 0.02656250074505806
0 0.5601562261581421 0.44921875 0.02031249925494194 0.03281249850988388
0 0.18203124403953552 0.43671876192092896 0.01718750037252903 0.02656250074505806
0 0.4921875 0.44921875 0.01875000074505806 0.02656250074505806
