0 0.882031261920929 0.476041704416275 0.07135419547557831 0.11458335071802139
0 0.1705729216337204 0.2838541865348816 0.03697916120290756 0.05208335071802139
0 0.5523437261581421 0.21276041865348816 0.015104150399565697 0.022395849227905273
0 0.819531261920929 0.2604166865348816 0.02031249925494194 0.02812499925494194
0 0.7263020873069763 0.20416668057441711 0.009895801544189453 0.014583349227905273
0 0.875781238079071 0.23515625298023224 0.013020801357924938 0.018229175359010696
0 0.878125011920929 0.2122395932674408 0.007291698362678289 0.009895825758576393
0 0.9338542222976685 0.23281249403953552 0.00937500037252903 0.013541674241423607
0 0.805468738079071 0.20624999701976776 0.006770801730453968 0.011458325199782848
0 0.14531250298023224 0.2122395932674408 0.02395833656191826 0.02031249925494194
0 0.171875 0.21171875298023224 0.01770833693444729 0.02968749962747097
0 0.9619792103767395 0.23385417461395264 0.00937500037252903 0.010416651144623756
