0 0.290771484375 0.5068359375 0.02783203125 0.0462239570915699
0 0.646728515625 0.5133463740348816 0.03076171875 0.052734375
0 0.403564453125 0.4443359375 0.01123046875 0.02408854104578495
0 0.573974609375 0.443359375 0.01318359375 0.02473958395421505
0 0.559814453125 0.42578125 0.00927734375 0.01692708395421505
0 0.432861328125 0.4274088442325592 0.00830078125 0.017578125
0 0.455078125 0.4186197817325592 0.005859375 0.013020833022892475
0 0.468505859375 0.4127604067325592 0.00537109375 0.010416666977107525
0 0.4775390625 0.4095052182674408 0.0048828125 0.0078125
0 0.547607421875 0.4176432192325592 0.00634765625 0.012369791977107525
0 0.54296875 0.4134114682674408 0.0048828125 0.010416666977107525
0 0.5517578125 0.4052734375 0.0048828125 0.0071614584885537624
0 0.482421875 0.4065755307674408 0.0048828125 0.0071614584885537624
