0 0.44437503814697266 0.11625000089406967 0.011249971576035023 0.01749999448657036
0 0.3606249988079071 0.19625000655651093 0.03625001758337021 0.050000011920928955
0 0.45500001311302185 0.1443749964237213 0.019999980926513672 0.026250004768371582
0 0.5824999809265137 0.125 0.015000009909272194 0.02749999798834324
0 0.5393750071525574 0.10687500238418579 0.00875000935047865 0.011249994859099388
0 0.6550000309944153 0.13750000298023224 0.019999980926513672 0.02749999798834324
0 0.4781250059604645 0.10375000536441803 0.00875000935047865 0.012500000186264515
0 0.4662500321865082 0.09937500208616257 0.00750002870336175 0.011250006966292858
0 0.5418750047683716 0.09750000387430191 0.00875000935047865 0.012500000186264515
0 0.5037500262260437 0.09437499940395355 0.00750002870336175 0.00874999724328518
0 0.48625001311302185 0.09562499821186066 0.007499980740249157 0.00874999724328518
0 0.9350000619888306 0.14500001072883606 0.0175000187009573 0.02749999798834324
